"DATES" "FL104090005.Q" "FL103091003.Q" "FL103020003.Q" "FL103030003.Q" "FL103034003.Q" "FL102050003.Q" "FL104004005.Q" "FL103069100.Q" "FL103061103.Q" "FL103061703.Q" "FL103062003.Q" "FL103065003.Q" "FL103066005.Q" "FL103064203.Q" "FL103070005.Q" "FL103090005.Q" "FL103092005.Q" "FL103076003.Q" "FL103092403.Q" "FL103094105.Q" "FL103093005.Q" "FL104190005.Q" "FL104104005.Q" "FL103169100.Q" "FL103162005.Q" "FL103163003.Q" "FL103168005.Q" "FL103169005.Q" "FL103165005.Q" "FL103170005.Q" "FL103178000.Q" "FL103190005.Q" "FL103192005.Q" "FL573074005.Q" "FL103193005.Q" "FL103075005.Q" "FL103164103.Q" "FL104120005.Q" "FL104140005.Q" "FL104150005.Q" "FL104001005.Q"
"195201" 108243 84 24511 900 0 0 24714 138 17862 0 825 27 5862 0 43161 14873 12945 1578 0 0 350 133945 79610 328 0 40873 21849 3241 13320 30361 18812 5162 2636 139 2387 12800 151463 54193 25417 74590 44320
"195202" 108205 102 25850 900 0 0 24037 432 16635 0 488 28 6454 0 41944 15372 13532 1607 0 0 233 130976 80594 304 0 42343 21416 3342 13190 28227 16610 5545 2705 145 2695 13717 157607 55533 25062 69899 44407
"195203" 113493 98 26398 900 0 0 24539 411 17018 0 578 29 6503 0 45745 15813 13834 1636 0 0 343 136151 82339 346 0 43470 21879 3479 13165 30753 17238 5821 2751 151 2920 14992 156907 56635 25704 73695 45403
"195204" 115497 75 26641 900 0 0 26014 195 17647 0 813 30 7329 0 45588 16279 14261 1666 0 0 352 141231 84907 331 0 44497 22909 3804 13365 33077 17381 5866 2806 160 2900 12511 146628 57862 27045 77503 46271
"195301" 113867 102 23589 900 0 0 25928 212 18164 0 865 31 6656 0 46552 16796 14639 1696 0 0 461 139123 86305 370 0 45257 23005 4019 13654 31088 16007 5723 2891 167 2666 15464 143052 58911 27394 74489 43832
"195302" 114490 74 25710 900 0 0 24661 194 16454 0 933 32 7048 0 45823 17322 15066 1728 0 0 528 139793 87172 297 0 46270 22633 4352 13620 31407 15201 6013 2915 175 2923 14416 133816 59890 27282 73890 44265
"195303" 118486 85 25865 900 0 0 26419 214 18232 0 1021 32 6920 0 47306 17911 15436 1759 0 0 716 144012 88098 347 0 46800 22922 4402 13626 32222 17399 6293 2995 182 3116 15084 129274 60426 27672 77293 46317
"195304" 118534 114 26550 900 0 0 28037 204 19240 0 1005 32 7556 0 44774 18159 15735 1786 0 0 638 146098 89057 402 0 48012 22357 4256 14030 32800 17986 6255 3066 191 2998 11974 144082 62042 27015 77801 48013
"195401" 114258 115 23706 950 0 0 25836 312 17887 0 963 32 6642 0 45058 18593 16036 1808 0 0 749 140553 89969 525 0 48789 22028 4312 14315 30154 14340 6090 3134 199 2757 14904 156255 63104 26865 71359 43933
"195402" 113726 128 25354 1000 0 0 23310 338 14874 0 922 32 7144 0 44959 18975 16450 1823 0 0 702 138011 89931 484 0 49724 21372 4184 14167 30197 11324 6559 3225 205 3129 14762 172550 63891 26040 67561 42616
"195403" 119270 150 26760 1050 0 0 24725 300 16366 0 997 32 7030 0 47320 19265 16664 1840 0 0 761 142579 90922 584 0 50999 21194 4064 14081 31519 13163 6975 3312 213 3450 15801 191985 65080 25842 70524 45623
"195404" 124032 158 28329 1100 0 0 26732 291 17523 0 972 33 7913 0 48147 19566 17036 1866 0 0 664 149274 92648 531 0 51547 21694 4340 14536 34832 14767 7027 3300 224 3503 13315 194840 66083 26565 76164 48373
"195501" 124749 147 26814 1075 0 0 26225 281 17543 150 1065 36 7150 0 50454 20034 17337 1898 0 0 799 147524 93510 500 0 52055 22051 4075 14829 34093 12936 6985 3395 237 3354 16361 202122 66884 26626 73655 47075
"195502" 127787 127 27756 1050 0 0 26182 352 16788 200 1059 40 7743 0 51998 20674 17849 1932 0 0 893 150525 95273 380 0 52779 22779 4195 15140 35703 12026 7523 3502 259 3761 16295 225533 67919 27354 75083 47332
"195503" 135132 123 28304 1025 0 0 28161 245 18619 250 1209 44 7794 0 56393 21126 18218 1975 0 0 933 159494 96687 371 0 53253 23722 4042 15299 39673 15248 7886 3587 280 4019 16720 240995 68552 28135 83056 49775
"195504" 141414 129 29282 1000 0 0 31752 217 21281 300 1219 47 8688 0 57659 21592 18720 2034 2 0 836 171274 101175 362 0 54564 25577 4402 16270 43874 18430 7795 3616 295 3884 13785 244222 70834 30341 92645 53428
"195601" 137367 95 26140 1000 0 0 28709 171 18878 325 1494 49 7792 0 58795 22628 19293 2107 4 0 1224 168037 103458 362 0 54986 27025 4679 16407 41991 15133 7455 3723 311 3421 16804 262345 71393 32066 89190 48103
"195602" 137288 141 26977 1000 0 0 26033 325 15667 350 1333 50 8308 0 59839 23298 19975 2196 6 0 1121 169529 105804 289 0 55946 28508 4568 16492 43720 12175 7830 3819 317 3694 16119 252704 72438 33365 89260 45793
"195603" 141888 119 27277 1000 0 0 25931 371 15575 375 1295 51 8264 0 63399 24162 20820 2293 10 0 1039 175280 107478 401 0 57013 29228 4358 16478 45420 14259 8123 3902 324 3897 17979 246833 73491 33987 93666 46012
"195604" 146445 138 28990 1000 0 0 27829 305 16718 400 1342 54 9010 0 63446 25042 21740 2393 13 0 896 183501 110762 378 0 58040 30658 4633 17053 47992 16754 7993 3967 339 3687 15454 268373 75093 35669 100415 48893
"195701" 144586 198 26402 1000 0 0 26486 355 16166 500 1419 58 7988 0 64579 25921 22360 2519 18 0 1024 181583 113384 353 0 59510 30785 5141 17595 46320 14218 7662 4010 348 3304 18259 254023 77105 36278 96816 46040
"195702" 145290 176 27100 1000 0 0 25167 349 14227 600 1403 63 8525 0 64718 27129 23613 2666 23 0 827 182391 116252 320 0 60975 32032 5178 17746 46312 11957 7870 4066 370 3434 18406 273076 78721 37530 95799 44855
"195703" 149147 153 27712 1000 0 0 25785 345 14773 700 1510 68 8389 0 66705 27792 24066 2819 27 0 880 186756 117697 364 0 62488 31717 5313 17815 47428 13511 8120 4076 373 3671 19277 245392 80303 37394 98333 46193
"195704" 151006 131 29024 1000 0 0 27372 435 15589 800 1479 72 8997 0 65109 28370 24524 2965 32 0 849 192867 120450 422 0 64072 31866 5689 18401 49578 14621 8218 4228 378 3611 15531 245747 82473 37977 102176 48458
"195801" 147590 160 25972 1550 0 0 24963 746 14394 700 1217 76 7830 0 66156 28789 24843 3103 36 0 807 187049 122016 716 0 65937 30709 6141 18513 45517 11495 8021 4313 393 3314 20639 261319 84450 37566 94578 44739
"195802" 148855 132 27218 2100 0 0 23288 455 12340 500 1682 80 8231 0 66353 29764 25469 3238 36 0 1021 187021 122836 791 0 67017 30575 5791 18661 46871 8991 8323 4408 414 3501 19482 278565 85678 37158 93020 44427
"195803" 156078 172 28211 2000 0 0 24360 224 13175 550 1979 84 8348 0 71072 30263 25837 3373 37 0 1016 193146 123881 795 0 68463 30356 5283 18984 50103 10322 8840 4497 440 3903 20969 310541 87447 36434 96859 46311
"195804" 162536 149 30083 1900 0 0 28093 210 16092 600 1958 87 9146 0 71514 30797 26443 3511 38 0 805 202401 127642 658 0 69715 31527 5707 20035 53810 12026 8923 4504 469 3950 17704 324670 89750 37892 103728 50992
"195901" 163203 143 27264 1800 0 0 28977 502 17280 700 1958 74 8463 0 73082 31937 26979 3651 39 0 1268 202930 128412 652 0 70307 31307 6188 19958 53685 11682 9151 4630 484 4036 19397 332012 90265 38147 103514 49647
"195902" 169012 137 28230 1700 0 0 30714 622 18104 900 2009 62 9017 0 75163 33068 27750 3793 42 0 1483 208879 131474 458 0 71169 33252 6590 20005 55502 12591 9313 4783 510 4019 19661 346451 91174 40300 108393 51702
"195903" 173279 145 27748 1600 0 0 33007 240 20311 1000 2455 21 8980 0 77036 33743 28249 3936 46 0 1512 211122 132485 527 0 71737 33836 6351 20034 55842 13275 9520 4899 520 4101 21194 339875 91771 40714 109831 53499
"195904" 177635 132 29196 1500 0 0 35903 742 21621 1200 1794 21 10525 0 76979 33925 28752 4081 51 0 1041 219159 136251 315 0 72794 35259 7037 20846 59100 14150 9658 4923 547 4188 17879 362157 93640 42611 115861 56185
"196001" 176380 121 26528 1268 0 0 33290 740 19986 1200 2449 22 8893 0 79373 35800 29312 4229 57 0 2202 219271 138190 427 0 73216 35787 8092 20668 58535 12817 9729 5014 549 4166 20838 339310 93884 44306 115658 52292
"196002" 176404 140 27535 1087 0 0 32113 757 18247 1343 2179 23 9564 0 79922 35607 29641 4383 64 0 1519 222026 140949 547 0 74107 36659 8744 20892 59438 11903 9736 5069 572 4095 20484 347588 94999 45950 117291 51288
"196003" 178660 191 27737 1346 0 0 30114 648 16446 1190 2548 24 9258 0 82814 36458 29976 4534 69 0 1879 223545 141447 782 0 74889 36322 8347 21108 60426 11795 9877 5149 573 4155 22388 321285 95997 45451 117672 50106
"196004" 180476 148 28243 3000 0 0 30161 788 15752 1116 2382 24 10099 0 81835 37089 30670 4672 72 0 1675 229575 145235 769 0 76216 37438 9080 21732 61935 12560 9845 5169 613 4063 19900 365166 97948 47288 121783 51429
"196101" 178778 189 26462 3272 0 0 28104 562 15225 936 2780 26 8575 0 82604 38147 31393 4796 75 0 1883 226360 145070 623 0 76577 37427 8881 21561 60270 10921 10099 5244 657 4198 22334 410353 98138 46932 118123 49426
"196102" 184740 213 27769 3863 0 0 28373 613 14636 1233 2782 28 9081 0 85285 39237 32389 4905 76 0 1867 229871 147399 726 0 78530 37130 8988 22025 61734 10584 10154 5347 674 4133 23551 411555 100555 46844 119162 51109
"196103" 188471 238 27903 4606 0 0 27208 245 13288 1248 3191 30 9206 0 88755 39761 32846 5013 77 0 1825 233392 148007 1017 0 79237 36904 8640 22208 63376 11557 10452 5400 697 4355 25379 423621 101445 46562 121495 50719
"196104" 193123 236 31673 4100 0 0 29154 1089 14096 1248 2395 33 10293 0 87577 40383 33387 5134 80 0 1782 242111 152668 1094 0 80611 38349 9392 23221 65676 13274 10493 5286 740 4467 21901 437674 103832 48836 127786 54837
"196201" 192911 234 28211 5395 0 0 28678 562 14217 1238 3376 38 9247 31 88610 41752 33854 5268 83 0 2547 241347 153438 1131 0 81437 37827 9469 23574 64315 12916 10678 5330 749 4598 24295 427931 105011 48427 125658 53264
"196202" 196108 296 29469 5554 0 0 28336 907 13061 1184 3069 44 10071 82 89888 42483 34525 5416 87 0 2455 245815 156844 1092 0 82981 39181 9619 23972 65041 13001 10929 5418 686 4825 24847 326582 106953 49892 127934 53622
"196203" 200530 788 30249 4903 0 0 27287 1079 11645 1308 3056 50 10149 134 93774 43395 35133 5561 88 0 2613 250954 158338 1363 0 83558 39719 9221 24477 67540 13996 11080 5473 716 4890 26234 345363 108035 50303 131839 53162
"196204" 205087 790 34564 5000 0 0 28799 1304 12307 1275 2697 54 11162 168 92000 43766 35793 5684 90 0 2199 257379 163052 1198 0 84643 41862 9806 25544 68611 14355 11361 5673 768 4920 23389 424314 110187 52866 135832 58105
"196301" 205448 828 27771 5344 0 0 32021 1092 16367 930 3366 56 10210 187 93755 45542 36685 5792 90 0 2975 257569 164290 1214 0 85579 41391 10198 25907 68025 13596 11659 5733 803 5122 25730 447981 111486 52803 134424 55885
"196302" 210406 1065 29185 5160 0 0 32316 1008 15252 1314 3766 56 10920 193 95454 47033 37577 5894 89 0 3473 262384 167119 987 0 86695 42428 10480 26528 69619 13743 11903 5868 834 5202 25835 469026 113223 53896 137258 56943
"196303" 214966 1000 29821 5117 0 0 32232 445 14602 1399 4571 56 11159 195 98517 48084 38183 5977 89 0 3835 267061 168083 1111 0 87225 42552 10159 27035 71911 14713 12354 5990 864 5500 26606 487677 114260 53823 140447 57150
"196304" 220431 731 33427 5687 0 0 33877 969 15128 1608 3787 60 12325 203 98100 48406 39081 6031 90 0 3204 277857 173742 968 0 88414 45322 10845 28192 75976 15744 12395 5852 895 5648 22124 465779 116606 57136 148856 61540
"196401" 220025 867 28846 6724 0 68 34174 1341 16148 1325 3824 65 11471 214 99195 49937 39821 6111 90 0 3915 275810 175095 948 0 89091 44660 11715 28682 72804 15109 12802 5938 940 5924 26391 495027 117773 57323 145236 59357
"196402" 224906 978 30806 6452 0 169 34007 1058 15240 1364 4338 72 11935 225 100951 51318 40774 6186 91 0 4267 281254 179194 889 0 90362 46311 12305 29327 74377 14675 13008 6045 978 5985 26574 511094 119689 59505 148557 60630
"196403" 230952 1243 30996 6309 0 135 33282 1729 14402 1152 3791 79 12129 238 106316 52433 41684 6263 91 0 4395 287370 181254 1081 0 91058 46898 12199 30018 77360 15338 13418 6098 1014 6306 28956 528953 121076 60178 152876 59995
"196404" 234953 1097 32738 6671 0 309 34123 1694 14481 1000 3680 84 13184 253 106719 53043 42632 6350 91 0 3970 300021 187535 1125 0 92408 49884 12602 31516 82924 16211 13351 6033 1049 6269 23795 545955 123924 63611 162746 61923
"196501" 237230 1033 29399 7704 0 280 33580 995 14092 1078 4889 86 12440 270 109385 55579 44164 6434 92 0 4889 304244 191659 847 0 93342 52039 13357 32074 82781 15891 13913 6206 1081 6626 26604 559834 125416 66243 164915 59740
"196502" 242849 822 30209 8601 0 198 32660 678 12320 1059 5455 86 13062 289 112603 57467 45578 6534 94 0 5261 311892 197157 727 0 94941 55012 14013 32464 85261 15316 14159 6208 1087 6863 27342 539451 127405 69752 170329 59631
"196503" 248753 892 29266 9212 0 336 32228 893 11829 1254 5186 86 12980 309 118258 58252 46527 6646 94 0 4985 319839 200334 926 0 96634 56228 13666 32880 88536 16329 14640 6370 1157 7112 29722 587928 129514 70820 175685 59177
"196504" 262354 781 33053 8993 0 593 33916 1370 12548 1238 4600 88 14072 330 120046 64642 53344 6766 97 0 4435 335211 207560 797 0 97260 60730 14787 33986 94592 18294 14765 6433 1203 7129 25454 623812 131246 76314 189200 63506
"196601" 264419 884 27944 9886 0 512 33962 2375 12958 1216 4068 93 13252 351 123066 67814 54309 6894 104 0 6507 339538 212691 820 0 100223 61718 15615 34315 93372 18132 15343 6571 1226 7546 29694 606267 134538 78153 189657 60194
"196602" 269874 917 28747 9708 0 439 33153 2473 11330 1382 4060 100 13808 370 127428 69112 55794 7034 111 0 6173 348223 221673 861 0 102790 66154 16111 35757 95670 15594 15287 6669 1223 7394 31758 581050 138547 83125 194389 59426
"196603" 273866 932 27617 9774 0 481 31781 1952 10774 1107 4506 108 13334 393 132912 69976 56929 7181 115 0 5751 356737 225732 1466 0 105223 67196 15276 36570 98923 16562 15520 6633 1189 7698 33989 523227 141793 83938 199423 57536
"196604" 276711 885 32371 8603 0 895 32884 2852 11054 1027 3639 114 14198 425 132467 68181 56731 7331 120 0 3999 369173 232141 1622 0 107474 69136 16348 37561 103800 17414 15818 6947 1249 7621 28667 547891 145035 87106 208320 61751
"196701" 275208 951 29265 9556 0 568 31379 3495 10445 793 3345 115 13186 469 132968 70052 58053 7490 121 0 4388 370432 237600 2677 0 110617 69507 16861 37939 99739 16730 16363 7141 1353 7869 33229 625556 148556 89044 205513 58887
"196702" 276398 843 31172 8777 0 667 29117 3418 7908 686 3322 113 13670 523 134782 70517 58881 7657 122 0 3857 373775 244818 3242 0 114236 72599 16506 38236 100977 11296 16684 7355 1380 7949 33805 641312 152472 92346 204619 57316
"196703" 283126 827 32297 9099 0 605 28565 3916 7287 684 3106 111 13461 581 139084 72068 60053 7830 128 0 4057 380979 248078 3264 0 118745 71850 15982 38237 103648 11866 17387 7492 1451 8444 35436 678588 156982 91097 206611 58402
"196704" 294462 1055 34817 9682 0 670 31380 3952 8614 1005 3300 112 14397 635 140882 75341 63037 7999 134 0 4171 397015 258089 3034 0 122132 75631 16474 40818 109723 13225 15978 7595 1470 6914 31159 712221 162950 95139 218087 63730
"196801" 299686 1357 33207 9375 0 1103 32614 3819 9950 1184 4290 106 13265 692 143767 77571 64147 8181 141 0 5102 406167 261234 3482 0 124734 75179 17598 40242 108829 17667 18437 7945 1443 9049 34938 652734 164976 96258 222754 64977
"196802" 306552 1749 35000 8129 0 1067 32071 4603 8627 1333 3741 104 13663 759 149074 78703 65433 8363 148 0 4759 414454 269091 3400 0 128262 78874 17893 40662 113445 13031 18887 8078 1566 9243 35629 731114 168924 100167 226643 65008
"196803" 313273 1832 34846 8539 0 1021 30783 5071 7879 1364 3201 103 13165 816 155913 79523 67032 8560 156 0 3775 426456 274359 4928 0 131563 79428 17448 40992 119316 12930 19851 8195 1621 10035 36597 728536 172555 101804 234050 64569
"196804" 327505 1587 37531 9056 0 1121 33739 5099 8959 1434 3782 100 14365 845 159554 84072 70780 8788 160 0 4344 445991 285124 4249 0 135025 85429 18179 42242 126213 14330 20325 8250 1671 10404 33341 843150 177267 107857 248400 69414
"196901" 335366 1856 36754 7692 0 2202 34421 6207 9399 1770 3600 123 13322 845 164621 86975 72317 9046 169 0 5443 455207 291743 4880 0 138462 86915 18848 42638 126219 15517 21728 8558 1667 11504 38402 803399 181100 110643 252379 70325
"196902" 343244 1809 40552 4593 0 1946 33394 6806 7949 1601 3300 160 13578 816 170996 89138 74151 9336 181 0 5470 468361 302416 4914 0 141743 92671 20733 42356 131262 12220 22463 8774 1674 12014 39734 774485 184099 118318 261800 69372
"196903" 351144 1618 41094 3525 0 2868 31149 7206 5786 1569 3050 201 13337 777 179386 90727 75781 9639 203 0 5104 481859 308334 5778 0 144467 94302 21845 41942 137469 12507 23549 9017 1672 12861 41917 743955 186409 121925 271901 67493
"196904" 361680 1173 43122 3652 0 3311 32237 7628 5646 1676 2800 236 14251 745 182722 94718 79799 9935 225 0 4759 500409 317774 5356 0 147000 98834 23499 43085 145730 12628 24278 9590 1710 12978 36992 705075 190085 127688 286046 69753
"197001" 365827 1172 40690 4348 0 3762 30761 8156 5255 1476 2675 194 13005 719 186944 97431 81920 10173 0 0 5338 506349 336701 7044 0 150069 99530 24161 55897 143498 12846 13304 10179 1720 1405 43446 677754 205966 130735 287079 68253
"197002" 370954 1220 39393 5311 0 1259 32530 8432 6065 1486 3050 202 13295 688 189675 100878 84423 10377 0 0 6078 518803 349017 6895 0 155797 103985 25516 56824 146363 10054 13369 10400 1560 1410 43312 541573 212621 136396 292813 66904
"197003" 374606 1141 40512 5325 0 63 32375 8433 6966 1164 1925 208 13679 662 192568 101960 86057 10584 0 0 5319 526801 354504 7361 0 161157 102875 25138 57973 148279 10159 13859 10763 1730 1366 44289 633467 219130 135374 293812 66191
"197004" 383079 798 44059 5347 0 234 33932 9389 6283 1209 2175 214 14662 645 191389 106675 90606 10831 0 0 5238 539623 362101 7133 0 166756 103628 25010 59574 153602 9996 13924 11074 1858 992 37787 702189 226330 135771 299369 70139
"197101" 389007 1082 39955 7544 0 1318 35050 9954 5735 1049 2425 219 15668 645 193247 110166 89150 11068 0 0 9948 546116 368037 8333 0 172222 101409 25750 60324 151671 11698 14710 11280 2004 1426 41576 774490 232546 135492 298861 69707
"197102" 397073 1102 40676 8824 0 6 36904 9791 7130 929 2675 199 16180 659 196592 112310 91419 11294 0 0 9597 556453 377343 6856 20 177621 104386 26999 61462 153719 10799 14592 11431 2029 1132 42873 778343 239103 138241 302759 71792
"197103" 408359 1239 40734 9265 0 1063 37181 10510 6211 902 2925 220 16413 677 201971 116229 93658 11550 0 0 11021 567535 383772 7434 53 181204 106024 26822 62235 156998 12131 14634 11115 2097 1421 44973 765304 243492 140280 309409 73526
"197104" 424651 1234 42581 9509 0 1077 41971 11275 9057 911 3175 239 17314 690 203801 123788 99578 11878 0 0 12332 585310 390563 6247 86 185563 107679 26402 64586 167228 13086 14433 11181 2199 1054 36573 823753 250235 140327 320641 79509
"197201" 435766 1421 40251 11740 0 2565 40127 12388 7207 823 3425 237 16047 701 210218 128743 96557 12282 0 0 19904 594281 399233 7538 126 188338 108075 27822 67335 166069 14398 14581 10949 2350 1282 44149 871948 255799 143435 323902 80521
"197202" 444927 1626 40246 12324 0 3111 39706 13219 5200 808 3675 199 16605 711 215549 131654 98126 12768 0 0 20760 605108 409795 8126 293 192150 111643 28516 69067 168842 12257 14214 11187 2426 602 46707 874936 261510 148285 329384 80920
"197203" 456403 1820 43158 10941 0 2103 40469 13513 4828 975 3925 271 16957 721 222993 134198 100132 13272 0 0 20794 620892 415686 7761 466 195187 113443 28168 70661 177323 13824 14059 11558 2537 -37 45670 893435 266314 149372 340519 81984
"197204" 493030 2172 44938 11890 0 2688 44551 14235 6881 1036 4175 226 17998 732 230207 155852 120465 13729 0 0 21658 649539 429866 6968 634 197750 120453 30427 73635 190373 15521 13779 11946 2722 -889 39834 1032664 272019 157848 363742 88747
"197301" 510006 2722 41062 15583 0 6514 42017 13258 5947 1097 4425 264 17026 743 240370 160995 104576 14208 0 0 42211 667193 442967 5871 955 199202 128854 31847 76238 191868 17634 14724 12891 2695 -862 48502 970552 276395 166572 376074 91351
"197302" 527575 3005 41060 17879 0 6345 42781 13437 4759 1256 5050 300 17979 754 251373 164378 107275 14692 0 0 42411 694574 459845 6032 1490 202249 133976 33454 82644 203022 15760 15947 14031 2634 -719 48351 903639 286383 173462 392244 93545
"197303" 544374 2729 42702 17271 0 9501 40284 13633 1923 1659 4675 312 18082 765 264071 167051 109121 15185 0 0 42745 722178 476608 6335 1979 204906 135256 34326 93806 211491 17565 16514 14501 2826 -813 52580 953484 300691 175917 404973 94858
"197304" 571033 3329 46315 16623 0 11262 42911 14876 2482 2035 4038 324 19156 775 269317 180501 120302 15689 0 0 44510 760753 495610 8382 2430 206909 137050 36223 104616 228428 19305 17410 14587 2697 126 40889 809377 313955 181655 429388 101735
"197401" 584015 3729 42253 18791 0 12472 42611 16212 968 2330 4569 397 18135 785 281929 181445 119192 16208 0 0 46045 778251 507951 9235 2841 210614 140999 37933 106329 228286 22325 19689 16394 2791 504 53643 784167 319784 188167 438778 102109
"197402" 598404 3529 42598 19179 0 10046 43591 15131 1492 2607 4558 471 19332 794 297374 181293 121047 16742 0 0 43504 807680 527545 9967 3265 216000 151911 39203 107199 238995 21308 19832 16904 2718 210 58379 723296 326464 201081 461384 99934
"197403" 616555 3129 45449 19045 0 8630 46922 16933 1981 3080 4593 617 19718 804 305285 187291 125217 17281 0 0 44793 833923 537087 12569 3596 220192 154937 41187 104606 248794 25444 22598 18485 2459 1653 56491 540407 328394 208694 482932 103644
"197404" 615384 4946 47772 20464 0 5485 47762 16520 2613 2953 4654 746 20276 816 245519 242620 128224 17816 0 0 96580 764624 551556 12513 4078 226579 159407 44877 104102 165205 24516 23347 19295 2670 1383 80314 557581 334759 216797 406518 106223
"197501" 740057 2170 52231 19761 0 1453 51144 6255 6488 3999 6229 9247 18926 832 262584 349882 132008 18359 0 500 199015 1033896 555004 14009 4508 236009 150758 45734 103985 153059 22901 302932 19409 3035 280488 109525 684902 344502 210502 386462 99418
"197502" 758866 1739 54311 21958 0 794 54759 6685 8123 3555 7296 9397 19703 851 269070 355384 135936 18902 0 1000 199546 1048466 560965 11658 5319 244281 148302 46131 105274 153416 18582 315503 20178 3436 291889 115654 791599 354874 206091 378089 105312
"197503" 762468 1760 53584 24292 0 813 54992 7267 9192 3484 5419 9547 20083 871 285011 341145 137066 19456 0 1500 183123 1073241 563070 11780 5920 247958 143695 46566 107152 163619 20917 325635 20163 3431 302041 121392 701690 361030 202040 386576 106682
"197504" 773405 2622 58272 24130 0 1189 61654 8371 14264 3264 4846 9697 21212 890 271441 353207 141045 20043 0 2000 190119 1086949 571327 9616 6678 253783 143514 48875 108860 176372 22292 316958 21490 3665 291804 95069 754817 369321 202005 400669 117848
"197601" 808562 3182 58428 24945 0 3107 65925 9324 19259 3088 4084 9864 20306 912 290075 361988 144667 20792 0 2250 194279 1113916 574053 10926 6985 260254 135870 51814 108204 167962 25583 346318 22848 3965 319505 122113 868179 375443 198610 392155 126329
"197602" 839471 3298 59066 26347 0 1329 67357 9073 20432 3029 3474 10030 21319 942 305080 376052 146557 21637 0 2500 205358 1139562 587620 11818 7487 265211 138280 53961 110864 176210 22915 352817 23733 3984 325100 128870 887651 383562 204059 403184 126990
"197603" 860588 2709 58507 25462 0 1961 67005 9486 18534 3018 3984 10199 21784 964 317988 385992 149422 22530 0 2750 211290 1172262 595491 10889 8360 270908 137237 54972 113125 182625 26002 368145 24531 4032 339582 135363 897275 392393 203098 411725 124625
"197604" 863119 3439 62967 28783 0 1459 73021 10511 21547 2868 4228 10367 23500 964 302449 390037 211984 23424 0 3000 151629 1189321 612073 11049 9163 276614 140072 59732 115443 195180 27790 354278 43001 4130 307148 107269 927300 401220 210853 433823 136766
"197701" 880840 3897 58578 27955 31 1701 72148 10494 22381 2789 4104 11160 21220 941 325485 390104 213519 24428 0 3250 148907 1224064 628081 12083 11928 282016 142559 62955 116541 196568 29197 370218 43776 4140 322301 128917 856996 410485 217596 443361 132871
"197702" 901352 4744 60714 29290 74 1848 68122 9442 17508 2682 4396 11961 22133 895 338436 397229 216971 25491 0 3500 151267 1248168 647005 12914 14079 285712 148358 66651 119291 204530 23478 373155 44599 4284 324272 133906 881959 419082 227923 455931 131593
"197703" 929547 4914 60460 29897 130 2167 68819 8984 17055 2375 5068 12772 22565 841 355283 407036 219060 26623 0 3750 157603 1288659 660636 13175 15713 291816 149852 66803 123277 210061 26812 391150 45481 4348 341321 145222 845194 430806 229830 466703 131891
"197704" 964177 5686 66717 35456 200 2115 70931 9390 16556 2672 4370 13582 24361 790 346406 435876 235712 27833 0 4000 168331 1335343 687089 12808 17377 299491 154918 73262 129234 227047 29134 392073 50246 4459 337367 119359 819054 446102 240988 497169 143952
"197801" 992345 7097 59929 35080 255 2376 68997 10332 14993 2897 3635 14065 23075 738 366132 451741 240120 29138 0 4500 177983 1385065 705984 13719 18702 303936 163447 73899 132281 229719 32136 417226 51473 4551 361202 136413 773767 454919 251065 512920 137332
"197802" 1017112 7450 62348 35386 268 2272 69346 9330 13970 3358 4429 14552 23707 667 389338 450037 243580 30554 0 4775 171128 1423624 729863 14419 20838 310353 170289 77204 136760 241512 27075 425174 53550 4845 366778 147826 833089 467951 261912 530499 139478
"197803" 1054607 6457 63256 34266 349 2038 68869 9061 12692 2779 4976 15046 24315 615 415102 463655 245214 32005 0 5050 181386 1467734 740445 14992 23017 315522 169403 78180 139330 247814 30596 448879 55937 5214 387728 167288 895681 477869 262576 540986 136489
"197804" 1098865 8317 73015 38182 610 2509 74003 9512 15070 2773 4611 15539 26498 618 407281 494330 272921 33415 0 5325 182669 1532276 761395 15499 25041 320607 175120 84079 141049 271823 34055 465003 62898 5270 396835 135458 856213 486697 274698 580576 155217
"197901" 1143069 12524 70571 36026 1028 3434 73100 8896 14519 3364 4885 16344 25092 680 438034 507672 278507 34813 0 5600 188752 1599377 783761 17665 27366 324975 181699 88410 143645 275152 38940 501525 64018 5571 431935 162882 910760 495986 287775 601867 155927
"197902" 1175640 11273 68771 33981 1581 2949 77283 8604 17689 3430 4620 17158 25782 800 459209 519793 285589 36229 0 5875 192100 1648259 808159 20564 29681 330267 190790 93630 143226 289137 34071 516893 66667 5772 444454 170072 920994 503174 304984 628192 153698
"197903" 1239113 9777 68762 37659 2246 2685 72690 7732 13855 2570 4003 17980 26550 939 490540 553815 292149 37621 0 6150 217895 1724136 826823 23828 32325 334133 198334 94588 143615 305384 38687 553242 69345 6095 477802 185156 980996 510073 316750 660821 150228
"197904" 1277586 10080 79073 40414 3000 3116 76417 9586 13472 1800 4458 18803 28298 1060 479655 584771 323562 38949 0 6425 215835 1789349 843773 24518 35028 337915 204270 100837 141206 327378 40986 577212 79675 6196 491340 152277 1014625 514149 329625 697989 166059
"198001" 1302075 9174 76665 38748 3757 2334 79977 10176 14300 1933 7715 20939 24914 1177 511553 578690 329488 40199 0 6700 202303 1861029 866655 31052 37147 343860 212237 104150 138210 328407 46024 619943 82242 6240 531461 183146 956763 519217 347439 721870 165979
"198002" 1316807 8564 78363 36770 4432 3023 78353 9757 9914 1969 7878 23075 25760 1304 510604 595394 332458 41398 0 6975 214563 1886011 872195 36334 40024 355030 200926 106537 133344 321601 39592 652623 87028 6761 558834 189003 1076420 528398 343797 704990 161974
"198003" 1399559 8670 78961 37399 5389 3443 84089 9264 13704 1679 7319 25235 26888 1421 530436 649751 336240 42540 0 7250 263721 1958845 883460 32189 42743 362374 211339 104407 130408 328719 42354 704312 90347 7241 606723 201717 1213806 535525 347935 719008 167249
"198004" 1444610 9696 78660 45022 6993 3887 91191 9132 13697 2205 9362 27394 29401 1507 529353 678301 376110 43619 0 7525 251047 2011204 910212 28026 45892 365570 230332 109569 130824 356520 43864 700608 111406 7566 581636 172833 1346332 542286 367927 768311 180161
"198101" 1565553 9384 73026 51034 9437 3459 85907 8799 12593 2243 5021 29493 27758 1541 572031 759734 378620 44635 0 7800 328679 2155182 926296 31837 48925 371608 226833 116185 130908 374568 46958 807360 114656 7697 685006 197463 1350793 551441 374856 796382 176537
"198102" 1591496 9411 68773 50593 12915 2925 92888 8163 17272 3864 3199 31615 28775 1504 588802 763685 384088 45592 0 8075 325930 2194040 965610 37819 52894 379240 236741 122067 136849 381680 41488 805262 118760 7753 678749 207122 1315628 568983 396627 819795 178619
"198103" 1613344 10495 64426 49315 16288 1514 99151 8021 19985 4475 3986 33761 28923 1498 603446 767211 385587 46487 0 8350 326787 2262582 1001746 44081 56029 383712 249891 126130 141903 378052 44008 838776 123032 7600 708144 225394 1135956 581644 420102 842162 180003
"198104" 1638196 12386 57674 54971 18416 1784 109464 8199 18652 5779 10606 35906 30322 1624 574123 807754 398245 47320 0 8625 353564 2293519 1027333 42722 59323 390331 261678 136195 137084 383423 39864 842899 144946 7953 690000 190700 1225445 586738 440595 863882 190091
"198201" 1655861 10066 53891 54405 19547 1820 101113 7908 16030 3809 8858 36483 28025 1882 580813 832324 403482 48051 0 8900 371891 2357566 1057711 49836 62963 398241 273213 138052 135406 372047 39220 888588 146763 8215 733611 208766 1090243 596610 461101 872368 178216
"198202" 1661822 11310 53690 50577 19930 2452 97554 8236 12805 3837 6708 37066 28902 2265 587005 837039 407713 48640 0 9175 371511 2384180 1087368 51741 66287 403341 293170 140886 131944 374910 33080 888822 148927 8534 731361 212095 1073469 601572 485796 893786 171810
"198203" 1714548 8268 54252 58000 19711 3305 100486 7731 15150 2506 8272 37656 29171 2689 598450 869387 409625 49247 0 9450 401065 2438528 1107213 49726 70589 411321 308505 142297 124775 377195 34754 919366 151070 9410 758885 221255 1172612 606685 500528 912477 179884
"198204" 1748865 10063 68019 63573 19031 2435 113492 7948 21011 3322 12178 38246 30787 3070 569115 900067 380636 50030 0 9725 459676 2453726 1117416 37614 74466 420997 318498 142970 122872 394163 35585 906562 161264 9871 735427 174952 1386269 618335 499082 928830 210650
"198301" 1793670 11580 61905 63337 17526 3278 117323 8071 24404 2830 14440 38689 28889 3409 581521 933791 382353 50810 0 10000 490628 2485865 1146506 41187 76920 427194 319132 144086 137987 376759 41447 921153 162214 10730 748209 204762 1533575 642101 504405 922611 210780
"198302" 1858954 11545 68535 67829 14825 3899 125932 9343 26870 3753 16085 39136 30745 3707 602729 959953 386003 51606 0 10275 512069 2523109 1169155 38849 79803 438317 318104 152253 141828 380096 37404 936454 165151 11738 759565 222633 1736437 659948 509207 926707 226391
"198303" 1891630 13176 73516 66597 12259 3847 122885 9943 24105 3141 14241 39589 31866 4044 630051 965255 391381 52481 0 10550 510843 2567319 1192131 40547 81876 442938 322815 157175 146781 376903 41038 957247 167842 11868 777537 253148 1709243 671595 520537 938478 224869
"198304" 1926503 14393 89573 69974 11153 3248 140193 12188 30144 4187 18268 40041 35365 4501 626517 966951 365247 53493 0 10825 537386 2609588 1230430 36775 83897 446980 340892 169086 152799 401994 38646 938518 167638 12011 758869 224523 1630197 683676 546753 987393 257629
"198401" 2002778 15541 102485 67460 11509 4127 152806 12632 38101 2548 23572 42877 33076 5034 662415 981401 369538 54596 0 11100 546167 2719251 1276014 42518 85897 455202 355632 180156 156609 410679 43234 989324 170828 11629 806867 251736 1527519 697708 578306 1032219 283009
"198402" 2084381 16503 97238 65810 13318 5917 155123 11246 37282 3291 23026 45712 34566 5604 693100 1031768 374468 55929 0 11375 589996 2819878 1333802 53463 88116 463644 371567 193414 163598 429080 39561 1017435 178889 11259 827287 264020 1455724 715358 618444 1087085 279235
"198403" 2174984 12418 96723 61132 15272 3928 152867 11189 33740 3715 20664 48579 34980 6295 717799 1108550 378413 57314 0 11650 661173 2906386 1371055 60349 90480 477439 373015 202337 167434 428203 40087 1067041 181888 12189 872964 289596 1542913 735353 635702 1103992 265076
"198404" 2200774 13284 102698 69124 16062 3919 163835 9742 36467 5319 22483 51446 38378 7193 694120 1130539 359846 58635 0 11925 700133 2928516 1438310 58490 104439 495058 391134 219760 169429 436676 42167 1011364 191554 12913 806897 257444 1553280 768926 669384 1148227 286291
"198501" 2265069 12568 90366 73050 15820 8081 151142 10202 30156 4183 18276 52819 35506 8651 724675 1180716 363074 59800 0 12223 745619 3033747 1465732 62972 106139 513558 398522 225549 158993 433874 42555 1091586 196224 13761 881601 290801 1671084 778690 687043 1163472 271353
"198502" 2311784 11895 96506 66808 14675 4225 173986 9798 42730 3502 26658 54207 37091 10112 736169 1197408 367132 61202 0 14237 754837 3105822 1506210 68886 110639 535693 399473 229519 162000 437622 38470 1123520 200539 14718 908263 298547 1743624 808332 697878 1173970 286909
"198503" 2359260 12514 107016 68688 14413 4794 164595 9326 35913 3533 22113 55610 38100 10393 746326 1230521 370268 62228 0 13999 784026 3185077 1536358 69036 116039 554766 407305 231767 157445 434607 41296 1172816 204215 14545 954055 311719 1641750 828250 708108 1184011 288703
"198504" 2471020 16023 125710 69301 14520 3374 180687 10478 41102 4017 25572 57013 42505 10799 739342 1311264 377132 62822 0 16657 854653 3308203 1617784 72207 127039 578234 424083 248397 167824 479653 39009 1171758 210869 18707 942181 259689 1916908 873097 744687 1263349 320896
"198601" 2474720 17734 118317 74757 13091 3349 165321 11646 33539 4167 20530 55321 40118 12589 724905 1344657 384101 67224 0 14908 878424 3308690 1660490 69514 124039 614192 427557 256228 168960 444559 40329 1163312 223178 18707 921426 280346 2136797 907191 753300 1238188 309719
"198602" 2513347 18854 116057 80427 13282 2900 176025 10268 40715 4518 25314 53610 41600 13947 739512 1352343 389411 71315 0 19259 872358 3344201 1716285 68654 120767 653462 433714 268031 171657 439233 39574 1149109 229913 18707 900490 300279 2244577 945886 770399 1249206 326282
"198603" 2586058 18104 108568 92218 13588 3742 172629 9378 38961 5750 24145 51880 42515 14709 759201 1403299 394218 75959 0 18493 914629 3441160 1760610 72779 119531 681794 434114 276836 175556 445482 41274 1193794 237363 18712 937719 313719 2031804 976881 783729 1270485 329163
"198604" 2639947 19201 127220 85530 14895 5073 175080 10173 40325 2360 25055 50150 47017 15676 741486 1455786 402295 81633 0 18726 953132 3498215 1840006 62865 117138 705350 481105 289595 183954 477971 42784 1137454 254068 18742 864644 263515 2240835 1006442 833565 1354320 345508
"198701" 2739061 16826 127413 81118 16353 5556 170584 12384 37705 2274 23308 50490 44423 16057 772240 1532914 408388 86325 0 19050 1019151 3573196 1885581 63593 117349 730491 465939 293473 214736 477734 43947 1165934 272792 19042 874100 294506 2708148 1062576 823005 1344686 338994
"198702" 2788551 15896 132349 81792 15225 5532 166953 13815 32734 3006 19994 50833 46571 15039 788985 1566780 415943 93300 0 14500 1043037 3624500 1931956 67916 116146 748212 470842 304220 224620 473369 46928 1172247 282836 19492 869920 315616 2783592 1088978 842978 1363275 335382
"198703" 2853812 15081 132527 80483 15262 5601 170133 16886 31671 3036 19285 51180 48075 14628 811164 1608933 423432 100320 0 13750 1071431 3673779 1969144 68108 116097 768763 470389 310608 235178 482992 47763 1173880 303201 20142 850538 328172 2944431 1120038 849105 1379860 334460
"198704" 2870743 16262 136764 85943 15827 3362 174323 14966 31790 2648 19364 51527 54028 12817 805346 1620099 462526 105050 0 12500 1040023 3773980 2033849 73768 116224 784115 485101 322589 252053 522356 47866 1169909 316746 20250 832913 282990 2286653 1152392 881458 1451680 339743
"198801" 2940161 18334 133874 81972 14509 3658 172961 12295 31319 3702 19051 55681 50913 12167 841376 1661310 465210 111001 0 12167 1072932 3863671 2090603 73507 115753 809612 491720 344751 255260 524786 48823 1199459 327058 19750 852652 316590 2419233 1180625 909978 1483587 330881
"198802" 3002431 25398 140365 74680 12760 3075 177092 15348 26880 6107 16091 59836 52830 11478 877010 1680573 468782 115545 0 11635 1084611 3931617 2148724 77847 116168 840675 507241 350728 256065 534527 46307 1202059 347813 19050 835197 342483 2514872 1212908 935816 1516650 332182
"198803" 3046462 26273 138996 78949 11295 3695 180193 13725 26761 5918 16012 63990 53787 10912 890081 1706068 476373 118120 0 10726 1100849 3981763 2179299 80303 115932 865654 506460 359598 251352 531229 45149 1226087 364067 17800 844219 358852 2459275 1232938 946361 1522739 332536
"198804" 3250025 21554 150715 82273 10339 4981 193299 13648 27933 6022 16794 68145 60757 10627 895916 1880321 484692 120042 0 9489 1266098 4191650 2233392 85676 116409 887232 517876 372896 253303 576096 44371 1337791 394345 19012 924434 319820 2558076 1256944 976448 1596915 344886
"198901" 3390548 18622 144897 74379 9761 3744 199858 14686 37140 7692 22931 64756 52653 10876 927042 2001369 497065 124332 0 11132 1368840 4373886 2292995 96147 115626 901803 523494 392234 263692 577312 49134 1454445 409791 20696 1023958 349730 2669423 1281121 1011875 1638321 344728
"198902" 3431921 17113 146995 80721 9607 3524 204700 17526 39716 7090 24648 61328 54392 11643 955263 2002355 500895 127580 0 10874 1363006 4428494 2353461 110059 115090 923201 531118 408901 265092 581921 43378 1449734 422616 22555 1004564 373342 2835812 1303383 1050078 1675377 358583
"198903" 3461362 13992 148486 73203 9871 2449 207291 14351 44739 6564 27997 57864 55776 12045 964676 2029349 506735 130043 0 9936 1382635 4482220 2369972 113273 114688 939038 536597 403966 262409 577571 42076 1492601 437177 24454 1030971 387105 3056089 1316135 1053836 1673483 353697
"198904" 3478347 14705 159770 80610 10379 2783 225472 14291 51432 9170 32351 54399 63829 11709 937992 2034927 497898 134245 0 9922 1392862 4532736 2409388 107112 115490 961079 542788 427858 255062 597901 38289 1487158 454631 26280 1006247 340091 3138600 1331631 1077757 1713947 387200
"199001" 3483444 15669 152184 69847 11833 2036 199892 11574 44125 7046 24637 53998 58512 11097 943706 2077180 510759 133198 0 16611 1416612 4582524 2464342 126034 114943 967962 540273 448763 266367 588308 42256 1487618 474935 28004 984679 355398 3005478 1349272 1115071 1745635 350048
"199002" 3495443 15551 149299 70925 16065 1800 200627 12555 45692 5292 23911 53592 59585 11261 979042 2050873 517408 140036 0 15672 1377757 4597267 2503876 128659 115278 984418 544607 461690 269224 593497 37130 1462764 487978 29268 945518 385545 3134877 1368920 1134956 1765583 352351
"199003" 3536133 14509 145884 72369 17207 2792 190577 12016 36616 2886 25802 53182 60075 9296 1012945 2070554 533247 143745 0 19338 1374224 4689360 2527999 131811 115026 991867 538862 474787 275647 616321 40934 1504106 507141 30642 966323 396624 2653601 1382540 1145460 1802715 339377
"199004" 3586265 14717 165841 74564 19655 2137 199354 13836 37649 3285 24671 52772 67141 9723 967178 2133096 556172 147463 0 15463 1413998 4729421 2542511 116852 115153 1008167 545460 481613 275267 626310 38302 1522298 513266 32331 976701 340868 2955814 1398587 1143925 1808537 366078
"199101" 3618956 15349 134911 77964 21669 1324 190187 13845 34502 2873 25480 54301 59186 11775 950905 2214872 567453 150074 0 16894 1480451 4752528 2532310 119851 114860 1027331 539239 456418 274611 587704 34609 1597905 518461 35015 1044430 363201 3396441 1416802 1115508 1737821 339692
"199102" 3648962 12599 140775 81294 22499 1430 194234 15866 34726 4955 25455 55847 57385 12357 980610 2203164 574663 149799 0 17769 1460933 4769951 2538159 119437 115537 1051467 524927 450012 276779 600650 27402 1603740 519556 38479 1045705 379960 3354319 1443783 1094376 1722428 351956
"199103" 3707088 13578 153127 84043 23290 1635 211183 14318 42221 3350 36642 57409 57243 13606 995877 2210749 583997 149371 0 19040 1458341 4830993 2522932 107016 115277 1071876 516438 438505 273820 616179 31379 1660503 515630 41713 1103160 379698 3536308 1460973 1061958 1709516 385810
"199104" 3711582 16435 172695 77581 24131 1620 230011 14695 43426 5112 44818 58972 62988 14828 961380 2212901 580288 149525 0 17603 1465485 4829771 2487183 98477 113984 1086935 507701 418137 261950 649415 28892 1664281 511257 44403 1108621 311965 3998481 1462869 1024315 1702622 415341
"199201" 3826981 14978 165313 74167 27185 3211 212327 13853 42011 7872 33322 59237 56032 16197 977573 2336030 594535 152115 0 18785 1570595 5058119 2504663 110434 114334 1106050 501202 418794 253849 627620 34543 1891293 521964 46813 1322517 349953 3908353 1474233 1030430 1692593 398109
"199202" 3832782 14987 162765 73250 31417 3872 236712 14122 57611 7727 40878 59501 56873 17119 1019494 2273166 605677 155995 0 18382 1493112 5065846 2511676 111996 115097 1125491 491231 416263 251598 646811 31419 1875940 528810 49189 1297941 372683 3870341 1492186 1019490 1697720 423748
"199203" 3843127 15639 160377 74612 35656 3194 233107 14757 52292 8462 39984 59769 57843 18891 1031412 2270239 614858 160017 0 16626 1478738 5083058 2506669 108216 116104 1140928 485951 415263 240207 655379 35418 1885592 528186 51659 1305747 376033 3966349 1497239 1009430 1700227 423864
"199204" 3874168 15791 168398 75991 37619 5057 257808 17044 60589 8585 45813 60036 65741 21148 988942 2303414 586397 163037 0 19573 1534407 5109733 2511751 107106 118285 1154504 488448 419581 223827 682817 35344 1879821 523630 54321 1301870 306125 4361179 1496616 1015135 1733296 456035
"199301" 3963618 13489 161189 82120 38515 3905 239939 15860 42943 15167 44494 58124 63351 23483 1025995 2374983 592857 165199 0 15154 1601773 5210385 2520216 113900 119327 1175932 483471 413330 214256 666438 41686 1982045 533755 56975 1391316 359557 4481787 1509515 1010701 1718825 441165
"199302" 4042858 13667 167310 85412 36676 3071 245351 18076 47830 11620 47081 56191 64553 25215 1057388 2408768 607448 166647 0 15558 1619115 5266220 2534754 124025 120705 1194857 483635 405617 205916 668865 38333 2024268 539478 59829 1424961 388523 4502439 1521478 1013277 1720475 455958
"199303" 4117187 15278 164342 81130 34391 1963 263995 16698 53078 17224 56150 54237 66608 27899 1082549 2445640 622359 167950 0 15369 1639962 5314480 2538755 123232 122697 1212857 476080 398167 205721 678048 41382 2056295 537164 62933 1456199 404501 4628385 1541275 997480 1716910 468153
"199304" 4222072 14502 188883 91982 33947 2506 271529 19411 48839 19059 54708 52283 77229 29776 1035046 2553901 607125 169677 0 14409 1762690 5388621 2553584 117829 124864 1229707 480455 393698 207030 719258 40725 2075054 545294 66636 1463124 315788 4842338 1561601 991983 1751966 503613
"199401" 4248603 15730 188114 87310 34162 2579 273514 16511 57537 22414 52060 53287 71705 29526 1064540 2553128 635465 171035 0 13265 1733363 5426412 2602867 129885 126947 1238257 487284 418135 202359 701141 45468 2076936 560920 69970 1446045 363399 4630536 1567563 1035304 1781913 505943
"199402" 4308891 16080 187194 90287 35607 2514 273459 17880 53152 24901 49969 54301 73256 29114 1111514 2563122 651040 172417 0 14486 1725179 5483635 2634746 135680 129467 1247607 497850 419984 204158 728065 41256 2079568 563880 73062 1442627 383449 4541826 1581232 1053514 1822835 506698
"199403" 4365769 12638 190806 90528 35778 2696 273615 17818 60794 14900 50035 55327 74741 30922 1125020 2603766 669271 173800 0 16379 1744316 5522329 2656832 138683 130445 1251457 508658 420908 206681 742957 42676 2079864 584508 75948 1419409 382063 4800739 1588583 1068249 1853882 506915
"199404" 4491634 15664 200620 96369 37104 2178 289201 18826 50820 19875 56706 56353 86621 31061 1106979 2712458 685575 175375 0 16594 1834914 5627385 2688524 139238 131689 1253007 527215 431077 206297 796530 40315 2102016 598073 78325 1425618 310449 4796829 1590993 1097531 1934376 529223
"199501" 4546982 13850 184072 82205 37283 3707 264381 18211 41270 21042 47372 56739 79747 34725 1131862 2794897 705300 178935 0 18797 1891865 5694632 2764854 149799 131748 1270165 556409 447912 208821 786451 49454 2093873 616300 79682 1397891 345411 5167983 1610734 1154120 1990025 483737
"199502" 4666411 14454 174351 91827 49460 9019 290649 17386 47962 24306 63360 57130 80505 38408 1156199 2842044 720107 182446 0 20760 1918731 5777195 2844075 162887 132761 1306093 576596 455408 210330 799388 40898 2092834 631522 81041 1380271 356811 5594356 1649184 1194891 2035177 530533
"199503" 4794291 15856 182891 93237 52128 3771 258525 18004 43647 20783 40286 57525 78280 42323 1205810 2939750 741314 181538 0 21230 1995668 5877018 2879053 163268 133510 1329673 585985 455269 211348 832922 42359 2122684 648613 82398 1391673 372888 6024123 1674531 1204522 2079803 512926
"199504" 4970723 17403 205085 99688 59963 2440 280430 20142 57098 23421 36787 57921 85061 45668 1184941 3075105 778673 183593 0 22454 2090385 6009523 2941550 157351 134758 1357204 601756 477176 213305 877498 40309 2150166 651294 83757 1415115 307443 6406754 1705267 1236283 2154090 567695
"199601" 5104229 20387 180759 95849 63098 2428 257372 17436 57356 20853 28016 57033 76678 50177 1222302 3211857 803286 184660 0 21321 2202590 6120036 3009201 174174 134937 1390652 610788 485136 213514 863816 49331 2197688 674134 85114 1438440 358486 6683652 1739103 1270098 2183245 536359
"199602" 5224063 19844 186804 103832 62684 4322 266513 20928 63106 22880 31437 56145 72017 54306 1269179 3256579 817571 185231 0 23746 2230031 6203068 3074236 181726 137110 1422668 618456 493310 220967 889439 45602 2193791 699056 86471 1408264 379740 6988156 1780745 1293492 2228533 570143
"199603" 5333574 20922 200848 112984 63655 4674 258928 23488 52144 25926 33603 55247 68520 57743 1295612 3318208 838647 187289 0 23206 2269066 6290747 3110170 172999 137084 1447454 633363 500457 218813 876673 49068 2254836 709732 87829 1457275 418939 7047824 1803351 1306819 2232560 595987
"199604" 5467512 28208 214349 129670 67636 3904 270221 31534 47095 28480 31017 54350 77745 63000 1273063 3417461 866486 186185 0 23012 2341778 6378563 3140278 156405 137851 1485179 642125 496117 222601 927011 49872 2261402 704789 89185 1467428 346052 6804309 1845631 1294647 2271530 644893
"199701" 5529522 28968 218156 132912 73674 3732 261451 26721 54405 19272 30361 60735 69957 61539 1311149 3437941 894784 187141 0 32217 2323799 6447246 3212515 168747 138652 1515565 659820 503500 226231 905003 62141 2267587 734399 91610 1441577 406146 6790317 1880448 1332068 2299212 649740
"199702" 5626824 33462 209617 146321 77069 3249 249160 25733 40178 11823 36262 67191 67973 70039 1365473 3472434 917176 187677 0 29107 2338474 6488537 3290218 179286 139800 1558686 671780 504597 236069 917933 57173 2223213 753906 93059 1376248 447540 7940529 1934555 1355663 2330769 653753
"199703" 5754444 33251 214453 141792 82917 4004 249339 28351 36848 8394 33371 73718 68657 74979 1388629 3565080 938316 189853 0 33106 2403805 6575428 3360881 176649 141682 1613799 677284 513760 237707 938196 64368 2211983 756740 94508 1360735 450433 8672223 1993188 1367693 2370257 658360
"199704" 5813010 23139 206931 164374 87820 4562 262996 36145 26846 7971 27380 80245 84409 75000 1361106 3627082 933123 188080 0 27959 2477920 6628782 3471581 168598 142002 1666280 692715 548035 253952 992089 59214 2105898 756443 97572 1251883 369017 8674513 2062234 1409347 2460650 660168
"199801" 6003503 27115 225405 205028 92659 3717 245880 32204 21850 7283 29203 77043 78297 86329 1395370 3722000 980303 189652 0 20175 2531870 6787129 3580951 193105 143842 1731059 700750 564031 248165 1003982 69045 2133151 781632 101929 1249590 391388 9908785 2123066 1457886 2530913 730793
"199802" 6170040 20577 217437 202999 106397 2491 232265 28870 19024 7036 26479 73806 77050 89396 1432830 3865648 1019151 190103 0 18232 2638162 6946989 3692018 202491 145492 1805492 727240 567639 243664 1000609 59915 2194447 795968 106429 1292050 432221 10128661 2194648 1497370 2557894 720706
"199803" 6224388 18385 218731 201597 116198 3252 231909 31301 20292 8288 25803 70534 75691 80035 1480470 3873811 1040238 191437 0 17039 2625097 7061398 3767557 216872 147009 1844767 748276 573789 236844 1022821 68559 2202461 804411 110976 1287074 457649 9008385 2228620 1538937 2630317 723882
"199804" 6816877 30518 194964 192588 126436 4208 246015 39433 23615 10609 25748 67261 79349 98000 1448432 4475716 1041048 189763 0 17965 3226940 7457590 3853443 192958 147763 1881222 768839 608809 253853 1049696 64058 2490393 817754 110453 1562186 398736 10962270 2282838 1570606 2684360 746119
"199901" 7094889 36235 193039 195635 130887 4775 235655 40493 22992 11324 24734 60842 75270 103226 1501928 4693509 1104151 189949 0 13368 3386041 7696876 3997367 223886 149143 1944045 777647 643719 258928 1052365 69320 2577824 829768 107339 1640717 449563 11278324 2352116 1645252 2766937 763340
"199902" 7435647 32343 210949 210997 130593 3434 230134 47355 21103 11363 21096 54351 74866 112798 1582779 4921620 1149511 191113 0 13155 3567841 7914623 4081854 232365 150297 2012906 780338 631541 274407 1094026 70936 2667807 915497 103373 1648937 488753 12270299 2437610 1644244 2809206 802031
"199903" 7640567 33490 215797 214705 138401 6089 232331 47618 21191 12445 29423 47789 73865 106850 1659489 5033415 1208995 192700 0 17793 3613927 8164427 4204773 239280 151977 2071138 793375 633986 315017 1163247 73587 2722820 940951 98336 1683533 496242 11706737 2538132 1666641 2903475 826009
"199904" 8082607 31460 230973 236877 154857 5793 221789 47604 19420 12416 25002 41227 76120 127000 1657593 5416265 1250747 190759 0 28553 3946206 8407257 4270468 230326 152826 2106669 808841 642294 329512 1228170 71032 2837587 912461 92083 1833043 429423 14476846 2589007 1681461 2980663 891402
"200001" 8364220 35750 225329 234409 155553 7995 224994 46046 21881 15205 28229 41804 71829 134391 1740248 5605551 1282845 191135 0 28141 4103430 8682269 4405476 260797 153262 2154917 820520 680700 335280 1276515 82756 2917522 948471 90069 1878982 463733 15409517 2643459 1762017 3121288 904788
"200002" 8684612 29742 234831 249797 155067 5943 240087 49284 23978 18089 32062 42381 74293 130598 1851019 5787528 1331822 192549 0 26302 4236855 9022267 4525495 296844 153380 2190494 841894 700767 342116 1359541 80244 3056987 1036809 83290 1936888 491478 14621966 2685990 1839505 3279290 929391
"200003" 9023864 13998 252986 265311 167397 5763 245499 58245 23141 18933 26918 42958 75304 131531 1932418 6008961 1365433 193281 0 28243 4422004 9353054 4570075 307039 153937 2229437 844923 691053 343686 1447654 80356 3254969 1103584 77999 2073386 484764 14382670 2727060 1843015 3371025 964223
"200004" 9746648 24029 246429 272343 191367 4204 248256 57765 18105 15423 31938 43535 81490 121870 1939233 6698917 1351617 190438 0 29421 5127441 9611350 4632838 278402 154187 2270337 852688 726006 351218 1541422 77992 3359098 1179966 72991 2106141 397811 12444477 2775742 1857096 3476510 983473
"200101" 9727051 16928 178046 254457 229099 3349 231433 54671 16108 14284 26641 44300 75429 109720 1947028 6756991 1388979 191259 0 10230 5166523 9720814 4694972 235619 154669 2378732 840024 729532 356397 1506208 82860 3436774 1224001 70761 2142011 440820 10743969 2889798 1805175 3394243 903303
"200102" 9835478 17093 166443 250584 258836 3196 229029 56427 16063 14828 23426 45073 73212 116082 1951662 6842553 1418849 193914 0 10436 5219354 9797620 4774554 206256 155816 2491176 801556 753426 366324 1479788 77568 3465710 1277731 64343 2123636 471874 11604373 3013315 1761238 3318594 922978
"200103" 9778260 14369 176651 251814 271791 3496 231621 56538 16864 16203 26337 45855 69824 102499 1909069 6816950 1452412 200528 0 10608 5153402 9811821 4805891 189571 156406 2537110 776651 754004 392149 1451015 103125 3451790 1297276 57207 2097307 458054 9514985 3085665 1720226 3274366 936562
"200104" 9869294 15517 181916 281120 301908 3980 243581 60169 16852 17539 29331 46637 73053 112507 1817916 6910849 1489756 200758 0 11614 5208721 9809484 4824979 177726 157687 2613695 743724 729267 402880 1437691 81045 3465769 1266207 48408 2151154 380225 10868561 3174261 1650717 3169453 1020839
"200201" 9901977 16672 166932 276810 312739 2673 239152 54667 20664 18325 29835 47358 68303 112878 1855375 6918746 1530629 203760 0 14693 5169664 9875000 4855249 162983 157500 2680216 728721 725259 400571 1440835 85067 3493849 1288718 53365 2151766 414540 10914257 3238286 1616963 3142865 1012195
"200202" 9887470 18500 162786 279564 311620 5667 244093 55218 25139 18964 27818 48087 68867 103410 1875524 6886306 1563833 209122 0 15568 5097783 9891531 4856573 141454 158317 2728068 680048 743065 405621 1441265 88580 3505113 1294566 50993 2159554 434259 9281734 3292006 1564567 3094412 1008686
"200203" 9814051 20000 163798 263917 304786 5282 258340 60256 28351 18126 33223 48824 69560 90975 1832497 6874456 1596951 215175 0 16733 5045597 9868853 4835304 136423 159165 2722383 658949 754537 403848 1441937 101055 3490557 1307448 55347 2127762 390560 7578561 3285395 1549909 3092901 988714
"200204" 9921253 20587 141053 291301 335731 6171 269407 64789 31354 16883 32131 49561 74689 94377 1719643 7042983 1611894 218186 0 18514 5194389 9922842 4858572 119813 160622 2747060 635522 762331 433224 1457412 92954 3513904 1252522 49933 2211449 262231 8212329 3340906 1517666 3068032 1034377
"200301" 9929107 21933 162492 303994 326781 5717 269144 61894 34525 17944 32334 50103 72344 93231 1799988 6945827 1634043 224230 0 18517 5069037 9933892 4888077 119825 160774 2789400 609620 762246 446212 1417649 97214 3530952 1269882 53470 2207601 382339 7929525 3396385 1491691 3006554 1060845
"200302" 9985201 30297 178051 325301 317791 6221 272641 70005 36575 12192 30865 50650 72354 104705 1797983 6952211 1676988 228628 0 20767 5025828 9902431 4933190 100995 161893 2861677 581015 766200 461410 1395469 96413 3477359 1266675 49917 2160767 402514 9259371 3484980 1448210 2940092 1112003
"200303" 9998148 34513 198922 337052 307748 7241 286450 80487 35355 11785 34611 51204 73008 109185 1783515 6933522 1714404 235829 0 20537 4962752 9883683 4933688 103978 162518 2883987 555846 756328 471031 1391531 98972 3459492 1266876 48597 2144019 391984 9632013 3517536 1416152 2906655 1156899
"200304" 10094034 38145 191664 362778 298278 5986 266797 75679 33690 11230 35404 51758 59036 119255 1701822 7109309 1745058 236601 0 20993 5106657 9867355 4969885 82481 163914 2899001 548300 769306 506883 1402680 81222 3413568 1302021 49764 2061783 299142 10845206 3569798 1400087 2883989 1172109
"200401" 10281199 41699 215573 369694 300503 5183 270468 78983 34925 11642 33487 55448 55983 122352 1805232 7150495 1807089 240794 0 19379 5083233 10002404 5007374 91623 164688 2927917 521852 774012 527282 1436135 90747 3468148 1322636 47487 2098026 369097 11052978 3619886 1387487 2914369 1214041
"200402" 10471981 47625 221931 370406 301015 4829 272026 78886 34008 11336 32561 59137 56098 122538 1860977 7270634 1872058 245903 0 21470 5131203 10094935 5032671 98673 165865 2928447 516012 787992 535682 1443397 92174 3526693 1339083 50887 2136723 417580 11259938 3629994 1402677 2938248 1225135
"200403" 10629588 44697 227605 404213 304296 5719 276853 85624 31880 10627 31750 62868 54104 120839 1883098 7362268 1923622 255700 0 22332 5160614 10192234 5073689 105121 167140 2940608 521622 792373 546825 1471093 100406 3547046 1357113 47904 2142029 412005 10887835 3654573 1419116 2990615 1267250
"200404" 10911756 53705 194178 400456 308595 6422 297997 95023 34014 11338 31813 66598 59211 130121 1830643 7689639 2094695 255509 0 23579 5315856 10349326 5166524 97782 169230 2974452 542657 823988 558416 1499936 87996 3594870 1409774 46648 2138448 330707 12088607 3702097 1464427 3052359 1265665
"200501" 11089528 61301 189337 402506 307161 6190 311573 90942 49230 16410 32636 67005 55350 128768 1944055 7738637 2151198 258297 0 95348 5233794 10568386 5217877 112002 170396 2981089 535887 850915 567588 1536003 99689 3714817 1436157 45497 2233163 408052 12023510 3719073 1498804 3134496 1284481
"200502" 11347339 57496 215462 393199 313862 8459 314333 90215 52929 17643 30113 67417 56016 130670 2031068 7882790 2184743 262026 0 97446 5338575 10784293 5307025 110680 172207 2988891 533365 883962 617920 1589494 98061 3789713 1428905 43906 2316902 441574 12200640 3779018 1528007 3215562 1310048
"200503" 11614144 51419 248547 411596 327239 11692 321959 99352 48484 16161 32331 67834 57797 136556 2108390 7996746 2174867 272730 0 101574 5447575 10961425 5371846 116494 173688 3013262 506405 892770 669227 1655679 96934 3836966 1468204 46226 2322536 452711 12699117 3856177 1515669 3268282 1383377
"200504" 11873533 63571 267750 450360 348159 14560 340409 110974 52117 17372 32113 68250 59583 140037 2108248 8140439 2205709 276174 0 117028 5541528 11145325 5490215 90072 176819 3031122 508726 932500 750977 1699382 86222 3869506 1549444 44763 2275299 408866 12686553 3958917 1531298 3316902 1497013
"200601" 12036155 41996 248776 455331 347822 10103 328481 105397 50010 16670 34480 66171 55753 152711 2165247 8285688 2262060 277332 0 132005 5614291 11276606 5602711 96496 177320 3082413 517311 952141 777030 1708719 98139 3867037 1584147 44251 2238640 456528 13760448 4036763 1565948 3372806 1463296
"200602" 12253054 53045 184317 445438 360131 12154 327046 118946 44880 14960 30718 64068 53474 156329 2231800 8482794 2297629 280336 0 135497 5769332 11485583 5730759 111673 179367 3133190 505758 1008660 792111 1760837 95147 3898840 1639462 43761 2215616 470963 13236618 4104668 1626091 3482075 1420918
"200603" 12424786 43697 162339 456342 381896 12668 320412 118689 44794 14931 27313 61942 52743 166409 2213319 8667704 2372427 283139 0 139323 5872815 11615730 5783436 110581 180112 3167183 511674 1002241 811646 1777183 94466 3960645 1688512 43276 2228857 436136 13635570 4158941 1624496 3496145 1429078
"200604" 12629700 49336 150900 496992 416302 15533 328820 122669 45463 15154 28131 59817 57586 180729 2089950 8901138 2440731 282728 0 140086 6037593 11781890 5955229 112519 182217 3246691 517863 1061749 834191 1812989 85421 3928251 1722710 42796 2162745 276961 14602340 4263098 1692131 3590541 1521209
"200701" 12858422 45306 133445 480421 417894 13914 300746 109057 39167 13056 28420 55269 55777 183715 2172413 9110568 2522062 285555 0 82932 6220019 12047152 6087706 126170 182918 3318258 512522 1117498 830340 1825123 73230 4061093 1800578 42322 2218194 347290 15108514 4331516 1756190 3654543 1464395
"200702" 13188821 55824 147058 471493 434745 8695 295269 114501 33119 11040 29455 50671 56483 192500 2258198 9325039 2574887 288411 0 87353 6374388 12355836 6312816 154348 186032 3413635 507266 1198313 853222 1859504 63114 4120402 1869656 42478 2208269 398694 16093030 4452889 1859927 3782545 1498430
"200703" 13448949 56965 147324 449046 500652 7643 265437 79935 38968 12989 30464 46022 57059 195811 2295134 9530937 2647341 291295 0 83132 6509169 12637160 6517439 131417 187335 3468680 566876 1286159 876973 1864257 51882 4203582 1942373 47152 2214057 430877 16332195 4532987 1984452 3900591 1519797
"200704" 13718340 50250 141868 441335 544356 8050 249718 69462 38319 12773 29188 41374 58602 191079 2253029 9838655 2892704 290118 0 81515 6574318 12872594 6714036 123815 190317 3557872 609425 1350228 882380 1898892 35828 4223838 2014476 47236 2162126 354137 15725842 4630568 2083468 4018188 1526680
"200801" 13512431 55037 101525 398425 620213 7100 204751 52866 27239 9080 20814 39453 55299 175884 2286052 9663444 2979385 293019 0 84467 6306573 12961280 6838597 139958 190538 3603123 632644 1370684 901651 1856758 55007 4210918 2063533 47682 2099703 429294 14380058 4695311 2143286 4055051 1468183
"200802" 13408382 36837 68608 447939 625404 8056 210176 58271 28797 9599 20463 37533 55513 172710 2304360 9534292 3066460 297449 0 82218 6088165 13073464 6985405 139829 191468 3691837 648640 1399424 914207 1817609 37941 4232509 2136097 48154 2048259 486751 14344031 4797511 2187893 4043443 1476684
"200803" 13190600 31580 73738 430910 620290 5300 206858 56981 25505 8502 24071 35591 56208 154051 2235523 9432350 3121633 303398 0 83481 5923838 13070088 7059919 146540 191425 3714943 670213 1432745 904053 1745659 54068 4210442 2172988 47924 1989531 489864 12734585 4810420 2249498 4049225 1430928
"200804" 12885777 24704 32704 381888 702571 7178 217547 57286 30455 10152 26164 33649 59841 125816 2081068 9312301 3006267 299997 0 80453 5925584 13173320 7073268 131479 192869 3762457 677528 1404986 903949 1668971 38954 4392127 2176522 47938 2167667 412097 10037058 4859275 2213993 3921918 1398918
"200901" 12845057 26218 59190 396156 707420 7483 188365 34956 38511 6170 22016 31718 54994 128096 2060030 9272099 3057894 299205 0 76946 5838054 13134345 7109247 106923 193306 3907252 652946 1349372 899449 1589917 40221 4394960 2185364 48814 2160781 470113 8909727 5000007 2109241 3739379 1426216
"200902" 12966425 27229 123077 406077 692224 7934 201708 41142 44151 11384 21435 29786 53810 152155 2100193 9255828 3124746 299013 0 72341 5759728 13155989 7116178 86182 194853 4006379 618746 1314755 895263 1576901 34647 4428263 2205290 53357 2169616 523292 10239249 5096494 2019683 3631231 1526808
"200903" 13180778 27624 188349 521709 650255 9048 194352 34548 44337 11446 23145 27855 53021 178025 2113889 9297527 3195721 299332 0 70878 5731596 13219450 7084558 73033 196914 4073890 580568 1278232 881922 1571818 41649 4521425 2250999 51617 2218809 542071 11759441 5152725 1931833 3545300 1688486
"200904" 13378767 33276 266610 529787 630766 9684 208814 42056 45952 11984 25687 25924 57211 189708 2044775 9465347 3261630 298159 0 71178 5834380 13287651 7083546 59109 198285 4144077 553539 1261100 867437 1606988 36272 4560845 2253477 50460 2256908 437787 12365364 5209798 1873748 3517008 1785510
"201001" 13548365 40915 358462 497503 563266 10865 211748 43127 52313 14104 24696 23993 53515 204404 2151446 9509756 3362060 297803 0 70389 5779504 13346658 7171666 74600 198715 4252187 546016 1250588 849561 1639092 51885 4484015 2292383 49911 2141721 512354 12987630 5300462 1871204 3562181 1809655
"201002" 13688059 51428 398309 475189 527716 11192 212252 48607 52540 14180 22020 22061 52844 198718 2219195 9594060 3437592 300434 0 69419 5786615 13500732 7220555 82182 199459 4309434 535062 1270979 823439 1691207 46062 4542908 2317829 49586 2175493 527988 11478262 5332332 1888223 3625492 1799899
"201003" 13953197 62241 436253 522529 532956 10988 216633 52584 51794 13931 25740 20130 52454 222867 2265717 9683013 3517762 302175 0 69471 5793605 13635668 7323123 98053 201984 4431128 528800 1255975 807183 1730054 59306 4523185 2344331 49384 2129470 535663 12938837 5440295 1882828 3672188 1931883
