"DATES" "FL224090005.Q" "FL223020003.Q" "FL223030005.Q" "FL223034003.Q" "FL222050003.Q" "FL224004005.Q" "FL223069103.Q" "FL223061103.Q" "FL223061703.Q" "FL223062003.Q" "FL223063005.Q" "FL223065003.Q" "FL223064105.Q" "FL223064203.Q" "FL223093003.Q" "FL223150005.Q"
"195201" 5872 143 0 0 0 5685 0 3070 5 1751 746 113 44 0 0 5872
"195202" 6066 148 0 0 0 5871 0 3148 10 1794 797 122 47 0 0 6066
"195203" 6422 153 0 0 0 6220 0 3313 15 1838 923 131 49 0 0 6422
"195204" 6642 158 0 0 0 6428 0 3374 20 1883 1010 141 56 0 0 6642
"195301" 6936 164 0 0 0 6713 0 3465 22 1933 1141 152 59 0 0 6936
"195302" 7331 173 0 0 0 7095 0 3655 23 1986 1268 163 63 0 0 7331
"195303" 7716 182 0 0 0 7466 0 3830 24 2042 1395 175 68 0 0 7716
"195304" 7966 189 0 0 0 7702 0 3860 25 2103 1526 188 75 0 0 7966
"195401" 8375 193 0 0 0 8100 0 4043 28 2166 1661 202 82 0 0 8375
"195402" 8801 195 0 0 0 8522 0 4234 31 2232 1808 217 84 0 0 8801
"195403" 9123 195 0 0 0 8839 0 4310 34 2302 1960 233 89 0 0 9123
"195404" 9454 194 0 0 0 9161 0 4383 38 2376 2115 249 99 0 0 9454
"195501" 9758 191 0 0 0 9454 0 4438 43 2456 2251 266 113 0 0 9758
"195502" 10075 185 0 0 0 9742 0 4478 48 2542 2391 283 148 0 0 10075
"195503" 10448 179 0 0 0 10089 0 4566 53 2632 2537 301 180 0 0 10448
"195504" 10831 174 0 0 0 10457 0 4666 58 2723 2692 318 200 0 0 10831
"195601" 11322 175 0 0 0 10930 0 4879 60 2816 2839 336 217 0 0 11322
"195602" 11571 178 0 0 0 11192 0 4903 62 2911 2964 352 201 0 0 11571
"195603" 11816 183 0 0 0 11444 0 4929 64 3009 3071 371 189 0 0 11816
"195604" 12071 190 0 0 0 11681 0 4944 67 3110 3165 395 200 0 0 12071
"195701" 12471 200 0 0 0 12056 0 5061 74 3214 3282 425 215 0 0 12471
"195702" 12925 214 0 0 0 12434 0 5114 82 3322 3456 460 277 0 0 12925
"195703" 13401 228 0 0 0 12879 0 5147 89 3431 3713 499 294 0 0 13401
"195704" 13795 237 0 0 0 13258 0 5058 97 3539 4024 540 300 0 0 13795
"195801" 14343 242 0 0 0 13781 0 5104 102 3648 4343 584 320 0 0 14343
"195802" 14655 245 0 0 0 14070 0 4950 107 3760 4622 631 340 0 0 14655
"195803" 15109 245 0 0 0 14499 0 4960 112 3868 4878 681 365 0 0 15109
"195804" 15607 244 0 0 0 14963 0 5021 117 3963 5126 736 400 0 0 15607
"195901" 16082 241 0 0 0 15426 0 5102 124 4048 5360 792 415 0 0 16082
"195902" 16487 234 0 0 0 15800 0 5126 132 4124 5571 847 453 0 0 16487
"195903" 17057 227 0 0 0 16370 0 5350 139 4192 5778 911 460 0 0 17057
"195904" 17558 221 0 0 0 16837 0 5462 146 4251 5986 992 500 0 0 17558
"196001" 18143 223 0 0 0 17429 0 5663 159 4305 6211 1091 491 0 0 18143
"196002" 18687 229 0 0 0 17926 0 5724 171 4356 6466 1209 532 0 0 18687
"196003" 19088 236 0 0 0 18331 0 5653 184 4393 6768 1333 521 0 0 19088
"196004" 19730 243 0 0 0 18887 0 5711 196 4406 7124 1450 600 0 0 19730
"196101" 20511 251 0 0 0 19556 0 5855 214 4399 7524 1564 704 0 0 20511
"196102" 21110 260 0 0 0 20115 0 5872 233 4374 7956 1680 735 0 0 21110
"196103" 21707 269 0 0 0 20646 0 5865 252 4330 8406 1793 792 0 0 21707
"196104" 22259 277 0 0 0 21082 0 5800 271 4263 8852 1896 900 0 0 22259
"196201" 23036 285 0 0 0 21820 0 6025 325 4175 9305 1990 931 0 0 23036
"196202" 23369 294 0 0 0 22322 0 6075 343 4058 9772 2074 753 0 0 23369
"196203" 23973 302 0 0 0 22826 0 6125 380 3930 10236 2155 845 0 0 23973
"196204" 24518 307 0 0 0 23211 0 6100 395 3804 10670 2242 1000 0 0 24518
"196301" 25150 311 0 0 0 23717 0 6200 387 3682 11117 2331 1122 0 0 25150
"196302" 25999 313 0 0 0 24437 0 6475 381 3553 11608 2420 1249 0 0 25999
"196303" 26693 314 0 0 0 25004 0 6550 351 3426 12165 2512 1375 0 0 26693
"196304" 27369 313 0 0 0 25556 0 6510 347 3304 12783 2612 1500 0 0 27369
"196401" 28346 313 0 0 0 26376 0 6725 341 3194 13400 2716 1657 0 0 28346
"196402" 29304 313 0 0 0 27209 0 6975 375 3089 13948 2822 1782 0 0 29304
"196403" 30037 313 0 0 0 27818 0 7066 369 2991 14455 2937 1906 0 0 30037
"196404" 30636 311 0 0 0 28325 0 7030 381 2900 14944 3070 2000 0 0 30636
"196501" 31680 311 0 0 0 29275 0 7417 376 2820 15441 3221 2094 0 0 31680
"196502" 32463 311 0 0 0 30078 0 7590 381 2748 15970 3389 2074 0 0 32463
"196503" 33301 312 0 0 0 30663 0 7351 485 2684 16576 3567 2326 0 0 33301
"196504" 34078 317 0 0 0 31261 0 7153 492 2625 17245 3746 2500 0 0 34078
"196601" 35198 325 0 0 0 32293 0 7312 502 2579 17964 3936 2580 0 0 35198
"196602" 36052 335 0 0 0 33084 0 7046 622 2543 18730 4143 2633 0 0 36052
"196603" 37057 349 0 0 0 34181 0 7166 671 2513 19487 4344 2527 0 0 37057
"196604" 38116 368 0 0 0 34948 0 7115 652 2481 20184 4516 2800 0 0 38116
"196701" 39300 407 0 0 0 35601 0 6800 669 2461 20990 4681 3292 0 0 39300
"196702" 40294 415 17 0 0 36442 0 6646 744 2442 21763 4847 3420 0 0 40294
"196703" 41443 381 69 0 0 37253 0 6308 759 2424 22837 4925 3740 0 0 41443
"196704" 42644 303 161 0 0 38280 0 6165 785 2406 23921 5003 3900 0 0 42644
"196801" 43286 365 108 0 0 38966 0 6219 758 2437 24404 5148 3847 0 0 43286
"196802" 45042 403 75 0 0 39868 0 6120 1028 2372 25079 5269 4696 0 0 45042
"196803" 46440 429 146 0 0 40633 0 6023 1138 2384 25813 5275 5232 0 0 46440
"196804" 48047 377 230 0 0 41640 0 5921 1410 2382 26565 5362 5800 0 0 48047
"196901" 49140 497 52 0 0 42500 0 5850 1437 2386 27401 5426 6091 0 0 49140
"196902" 50413 315 143 0 0 43497 0 5815 1465 2368 28374 5475 6458 0 0 50413
"196903" 51911 329 211 0 0 44672 0 5696 1552 2348 29526 5550 6699 0 0 51911
"196904" 53247 309 170 0 0 45468 0 5437 1566 2331 30559 5575 7300 0 0 53247
"197001" 54627 236 138 0 0 46503 0 5335 1592 2308 31618 5650 7750 0 0 54627
"197002" 54760 306 209 0 0 47491 0 5179 1609 2159 32736 5808 6754 0 0 54760
"197003" 57823 274 167 0 0 48805 0 5274 1576 2133 34033 5789 8577 0 0 57823
"197004" 60303 388 213 0 0 49602 0 5104 1491 2032 35055 5920 10100 0 0 60303
"197101" 63270 352 233 0 0 50627 0 4880 1414 2040 36274 6019 12058 0 0 63270
"197102" 64934 420 180 0 0 51536 0 4426 1400 2042 37498 6170 12798 0 0 64934
"197103" 66749 450 174 0 0 52183 0 4371 1448 2050 38136 6178 13942 0 0 66749
"197104" 68972 548 148 0 0 52876 0 3896 1544 2152 38996 6288 15400 0 0 68972
"197201" 72155 703 39 0 0 53957 0 3633 1668 2229 40118 6309 17456 0 0 72155
"197202" 74258 747 33 0 0 54965 0 3723 1800 2466 40719 6257 18513 0 0 74258
"197203" 76741 723 65 0 0 56125 0 3643 1944 2123 42075 6340 19828 0 0 76741
"197204" 80586 767 191 0 0 57428 0 3597 2105 2029 43227 6470 22200 0 0 80586
"197301" 81220 612 304 0 0 58817 0 3687 2284 1622 44592 6632 21487 0 0 81220
"197302" 81711 664 429 0 0 60292 0 3460 2480 1536 45995 6821 20326 0 0 81711
"197303" 85544 600 660 0 0 61833 0 3028 2840 1650 47427 6888 22451 0 0 85544
"197304" 84655 544 800 0 0 63111 0 2508 3334 1691 48437 7141 20200 0 0 84655
"197401" 86797 359 887 0 0 64512 0 1840 3817 1845 49733 7277 21039 0 0 86897
"197402" 87021 305 1183 0 0 66238 0 1886 4145 1444 51433 7330 19295 0 0 87130
"197403" 84301 270 1373 0 0 68181 0 1515 4401 1248 53594 7423 14477 0 0 84420
"197404" 87583 254 1543 0 0 69386 0 1585 4583 983 54533 7702 16400 0 0 87713
"197501" 93588 317 1811 0 0 71197 0 1559 4719 789 56425 7705 20263 0 0 93732
"197502" 100073 332 1688 0 0 73682 0 2215 4836 728 58093 7810 24371 0 0 100230
"197503" 99528 296 1342 0 0 75623 0 2548 5045 906 59249 7875 22267 0 0 99697
"197504" 104002 275 1171 0 0 78256 0 2540 5254 1940 60980 7542 24300 0 0 104184
"197601" 110133 265 1065 0 0 80599 0 3058 5536 2193 62269 7543 28204 0 0 110329
"197602" 114445 285 1133 0 0 84310 0 3632 5855 3150 64050 7623 28717 0 0 114658
"197603" 117156 254 1055 0 0 86593 0 3900 6275 3383 65410 7625 29254 0 0 117386
"197604" 119205 266 1148 0 0 87691 0 4057 6836 3360 65706 7732 30100 0 0 119453
"197701" 119176 236 1098 0 0 89143 0 4712 8412 2872 65463 7684 28699 0 0 119449
"197702" 124041 300 1401 0 0 92404 0 6568 8619 3628 65725 7864 29936 0 0 124337
"197703" 126542 320 1483 0 0 95417 0 6757 8839 3556 68643 7622 29322 0 0 126863
"197704" 130912 280 1416 0 0 99216 0 6760 9585 3544 71286 8041 30000 0 0 131260
"197801" 133839 332 1758 0 0 102546 0 7624 10968 3386 72486 8082 29203 0 0 134217
"197802" 141669 387 2043 0 0 107196 0 9095 11351 3732 74772 8246 32043 0 0 142083
"197803" 148822 419 2436 0 0 110812 0 9543 11921 3668 77273 8407 35155 0 0 149275
"197804" 152034 385 2354 0 0 115995 0 9454 13965 3951 80039 8586 33300 0 0 152529
"197901" 156878 459 2747 0 0 118168 0 10677 14432 4073 80189 8797 35504 0 0 157431
"197902" 162001 479 2844 0 0 122770 0 13327 14496 3867 82063 9017 35908 0 0 162617
"197903" 165902 484 3055 0 0 124047 0 13287 14065 3880 83493 9322 38316 0 0 166587
"197904" 167683 566 3458 0 0 126559 0 14706 15360 3910 82979 9604 37100 0 0 168436
"198001" 171308 616 3569 0 0 132451 0 16159 15981 4101 86156 10054 34654 0 18 172113
"198002" 182882 664 3556 0 0 140167 0 17582 17783 4025 90482 10295 38460 0 35 183742
"198003" 190057 589 3559 0 0 144238 0 19999 18052 3921 91669 10597 41618 0 53 190975
"198004" 195831 603 3684 0 0 147174 0 20927 19083 4059 92215 10890 44300 0 70 196820
"198101" 201311 784 4107 0 0 150643 0 22432 20201 3920 92924 11166 45689 0 88 202378
"198102" 208949 716 3761 0 0 157861 0 24531 20948 3995 96785 11602 46506 0 105 210091
"198103" 210954 743 4296 0 0 162146 0 25215 22121 3859 98751 12200 43646 0 123 212168
"198104" 221346 624 3813 0 0 168968 0 27564 24250 3856 100779 12519 47800 0 141 222646
"198201" 225308 652 3972 0 0 175425 0 29545 27237 3651 102002 12990 45088 0 171 226680
"198202" 231508 760 4610 0 0 181800 0 32417 27893 3848 104416 13226 44136 0 202 232936
"198203" 244264 836 5083 0 0 187950 0 35849 31339 3550 103545 13667 50162 0 233 245736
"198204" 258129 981 5992 0 0 190692 0 36898 34310 3131 102580 13773 60200 0 264 259633
"198301" 271801 1202 7350 0 164 194049 164 39812 35339 2363 102388 13983 68737 0 299 273386
"198302" 290176 1226 7757 0 406 198629 406 43672 36156 2483 101813 14099 81807 0 351 291845
"198303" 294108 1161 7305 0 695 196966 695 46278 36406 2423 97015 14149 87559 0 422 295876
"198304" 300156 1400 8785 0 1000 198821 1000 48910 39252 2000 93008 14651 89641 0 509 302027
"198401" 307692 1623 10104 0 1321 205455 1321 54561 40192 2151 92504 14726 88715 0 474 309703
"198402" 318903 1790 11093 0 1657 216287 1657 59177 38801 2264 99453 14935 87637 0 439 321080
"198403" 337728 2003 12727 0 2040 224130 2040 64331 39492 2068 101238 14961 96406 0 422 340071
"198404" 346509 1999 11960 0 2500 233167 2500 67914 43308 1534 102656 15255 96514 0 369 349021
"198501" 358359 2339 14085 0 3039 232553 3039 73822 43495 1550 95328 15319 105957 0 386 361080
"198502" 371441 2886 14614 0 3656 238139 3656 77190 40841 1278 99829 15345 111742 0 404 374359
"198503" 373172 2496 14149 0 4320 246633 4320 79910 41556 1225 104301 15321 105134 0 440 376292
"198504" 401802 2351 13327 1427 5000 252363 5000 85383 38124 1128 107419 15309 120071 6773 490 405130
"198601" 425562 2300 14072 1494 5714 258496 5714 95028 34901 938 106515 15400 135544 7353 589 429111
"198602" 445309 2200 14183 1480 6480 265727 6480 98507 36024 1196 108323 15197 147760 6799 680 449066
"198603" 448600 2499 11595 1587 7355 278682 7355 104604 37905 1035 112419 15364 140408 5803 671 452550
"198604" 476515 3082 9891 1725 8270 297085 8270 115329 38147 709 119080 15550 150215 5545 702 480662
"198701" 523558 3709 7403 1757 9211 308431 9211 122815 39917 553 120602 15333 184755 7522 770 528008
"198702" 543230 4301 5753 1885 10170 314410 10170 129503 41311 606 117592 15228 196669 9277 765 547991
"198703" 563467 4712 5019 1937 10929 318881 10929 135414 42927 647 113556 15408 210476 10894 619 568493
"198704" 531869 4844 5216 2015 11272 328766 11272 138866 42961 808 119528 15331 170087 9098 571 537167
"198801" 554545 4852 5761 2112 11247 332938 11247 143570 40327 667 121679 15448 188043 9065 527 560145
"198802" 571621 5095 5865 2270 10900 341240 10900 142940 39568 742 131453 15637 196898 8870 483 577533
"198803" 582879 4736 6488 2326 10468 346439 10468 148740 39557 622 131466 15586 204078 7832 512 589040
"198804" 596774 4410 7116 2329 10183 350537 10183 150659 35347 533 138212 15603 212634 7448 2117 603185
"198901" 620613 3685 8123 2428 10320 360635 10320 151057 37920 467 145739 15132 225318 7371 2733 627407
"198902" 659563 3593 8418 2599 10353 371308 10353 151664 43928 403 149842 15118 251759 7614 3919 666743
"198903" 686166 3298 8850 2610 10526 376726 10526 153198 47393 336 149978 15295 270927 8029 5200 693716
"198904" 698072 3171 9060 2791 9703 381466 9703 152396 51203 268 152597 15299 277832 7780 6269 705994
"199001" 704470 3790 8479 2929 9969 397823 9969 162764 54214 479 155216 15181 267614 7257 6609 713223
"199002" 729953 4318 7953 2813 11410 405120 11410 168301 56085 486 153595 15243 282130 8380 7829 739774
"199003" 700251 4716 7802 2738 11820 407610 11820 170147 61255 245 148832 15311 250979 6961 7625 711022
"199004" 729860 4974 7701 2791 12233 401989 12233 168235 62851 473 142136 16061 284569 7772 7831 741739
"199101" 783393 4366 14658 2722 13785 407077 13785 177144 62935 364 136287 16562 327145 9730 3910 796118
"199102" 790786 4640 12230 2804 16515 410771 16515 178753 64651 487 134043 16322 328790 10273 4763 804598
"199103" 819739 3038 9902 3006 20870 408203 20870 163948 64551 549 141610 16675 357453 12235 5032 834518
"199104" 851754 3807 8828 2950 18868 404616 18868 165494 58038 619 144711 16886 394962 13102 4621 867661
"199201" 855623 3960 8406 2970 19299 413591 19299 171904 55408 554 150253 16173 388418 14241 4738 872355
"199202" 867793 4435 8358 2979 20685 419702 20685 177959 49236 534 154222 17066 391220 15673 4741 885585
"199203" 896824 6409 7910 3090 23573 435342 23573 197677 48036 378 149372 16306 400848 15615 4037 915559
"199204" 937123 6515 6942 3106 24680 441755 24680 203534 39761 445 156882 16453 431666 17915 4544 956958
"199301" 969880 5836 7591 3446 25219 439711 25219 204950 32740 460 160697 15645 463983 19457 4637 990513
"199302" 986304 6129 8601 3766 26344 450304 26344 211378 32078 617 165381 14506 465277 21158 4725 1007963
"199303" 1021148 5460 8554 3789 19887 467926 19887 221833 34149 1222 175780 15055 487775 23455 4302 1043719
"199304" 1041995 6619 6230 4124 20449 468612 20449 217450 35796 1371 179017 14529 506221 25631 4109 1065630
"199401" 1032820 5476 5869 4512 20399 474054 20399 224335 40588 716 173379 14637 492220 26468 3822 1056746
"199402" 1039259 5794 5520 4763 22909 473864 22909 220641 45014 845 169514 14941 494757 27578 4074 1063560
"199403" 1069647 7137 2636 4807 25093 474601 25093 217370 38390 1104 177620 15024 520213 30529 4631 1094281
"199404" 1091757 6737 2483 4958 27825 478704 27825 215554 39872 1112 179142 15199 521682 44781 4587 1116779
"199501" 1154886 5139 2536 5071 29519 499314 29519 224973 44665 1053 183707 15397 558839 50241 4227 1180314
"199502" 1217509 4687 2594 5443 31257 500852 31257 217221 48067 1131 187618 15558 612334 55761 4581 1243459
"199503" 1279808 5145 4209 5614 29383 503265 29383 211282 56192 1374 189288 15746 667210 60148 4834 1306221
"199504" 1327067 4207 4464 5894 31477 509802 31477 208194 63118 1830 189245 15938 703520 62902 4801 1354021
"199601" 1374297 4772 4969 6330 26428 525166 26428 213528 69231 2271 197582 16126 736723 64753 5156 1401705
"199602" 1418641 5883 3871 6593 28179 539559 28179 221067 70214 1297 202478 16324 762670 66448 5438 1446633
"199603" 1447739 7186 2274 6988 27573 528183 27573 213439 65037 496 205112 16526 802307 67960 5268 1476251
"199604" 1509217 7466 2293 7592 28222 538355 28222 212791 68622 561 211425 16734 846588 73182 5519 1538335
"199701" 1530929 5353 5021 8326 27395 558098 27395 211138 78763 2051 221805 16946 848717 73083 4936 1560416
"199702" 1668950 8820 2302 8689 32233 574829 32233 214907 78798 2059 229672 17160 952228 84676 5173 1698913
"199703" 1772152 6505 2823 9831 32148 590438 32149 223531 81608 2467 233301 17382 1032573 92503 5331 1802538
"199704" 1794524 5314 2420 9644 28616 598274 28616 218997 87006 1503 244545 17607 1051316 93362 5578 1825403
"199801" 1935321 6666 1653 9710 36927 614623 36927 212146 90116 2080 254681 18673 1153078 106899 5765 1966486
"199802" 1964189 7610 1621 9759 35839 634219 35839 213210 98041 2227 264221 20681 1162493 106732 5916 1995721
"199803" 1824288 7749 1717 9802 38309 649230 38309 207823 104820 2151 274628 21499 1015882 95796 5803 1856147
"199804" 2030642 9973 1983 9949 37532 661474 37532 212576 106104 3252 279600 22410 1188056 115863 5812 2062882
"199901" 2086504 7600 2169 10546 41037 679916 41037 211463 113106 4536 286981 22793 1216866 122112 6258 2119213
"199902" 2195106 9450 1651 10968 40909 684857 40909 213790 114932 3241 288017 23968 1312387 128360 6524 2228418
"199903" 2116408 9370 2120 11736 39259 694559 39259 204790 112839 3122 310694 23855 1231949 120845 6570 2150256
"199904" 2325754 9225 1692 11784 40375 706990 40375 198824 129022 3044 310038 25687 1407716 140858 7114 2360228
"200001" 2397277 11100 2400 11800 45400 719300 45400 196900 124500 2900 325300 24300 1449700 150600 6977 2434421
"200002" 2368254 12778 2869 12107 45179 723414 47652 194886 143291 2836 310008 24741 1408895 155780 7232 2408831
"200003" 2406612 12556 4738 12914 41857 726328 46805 185471 159082 2272 310917 21781 1429789 170961 7469 2450241
"200004" 2293078 9935 1606 13220 39836 743241 47257 179057 178873 1707 314225 22122 1298683 178341 8216 2340267
"200101" 2145032 8313 1475 13827 36015 719753 45909 177342 176064 1943 296633 21862 1185877 170422 9350 2191470
"200102" 2253899 13291 1944 14434 38694 729268 51061 183128 194655 1779 278142 20503 1265772 181102 9394 2299371
"200103" 2064737 13369 1813 14941 36372 700082 51214 166813 178346 715 282050 20944 1125466 162483 10211 2109350
"200104" 2206645 11448 1781 15447 33951 689395 51266 155099 180737 1651 279658 20984 1260360 184263 10000 2250257
"200201" 2256060 12126 2550 15954 32430 696708 52218 163285 181928 686 277666 20925 1294055 193344 8893 2299554
"200202" 2114608 11004 2619 16461 28708 675122 50970 153870 186219 822 262475 20766 1192749 178024 9921 2157951
"200203" 1852728 11959 2249 16248 28337 657290 50310 156284 189259 837 239673 20927 973655 152652 10338 1895937
"200204" 1930488 12925 1696 15513 27056 638697 48036 158882 192558 858 217265 21098 1056772 167385 10444 1973540
"200301" 1889464 13910 1138 14798 25808 620620 45820 162134 196651 876 193842 21297 1035799 166739 10652 1933296
"200302" 2062665 14731 903 14413 25137 596790 44629 161290 195736 851 171488 22796 1215260 185115 10316 2107500
"200303" 2156994 14075 862 13770 24017 628479 42640 155486 216040 2570 190290 21453 1273898 191131 10762 2202721
"200304" 2349183 13741 842 13444 23446 657518 41628 148631 235068 4386 207406 20399 1420987 207879 11326 2395950
"200401" 2411135 13426 823 13136 22910 688769 40675 143553 256252 6478 222756 19055 1446593 213772 11706 2457261
"200402" 2428743 12517 767 12247 21359 709454 37921 134943 273153 8253 237429 17755 1444746 215636 12017 2474045
"200403" 2410535 17103 1588 10657 18607 697474 32661 140837 275900 1732 229066 17278 1434096 217059 13951 2455105
"200404" 2577535 16267 1392 11577 20230 675292 35171 151016 258765 1815 213450 15075 1600899 235930 15948 2621251
"200501" 2534102 14321 1264 11096 20371 674388 37269 157982 246079 1219 218032 13807 1571899 234311 6452 2577457
"200502" 2595987 13410 822 13121 22883 682596 40627 171253 234315 1607 223141 11653 1609536 240232 13387 2638879
"200503" 2660200 16747 1756 10582 18429 679642 32252 164794 249871 1314 213545 17866 1681339 239729 11976 2702680
"200504" 2721404 15823 1277 11692 19654 693396 35238 153821 258373 1655 227913 16396 1715778 248412 15372 2763404
"200601" 2842911 14215 1741 12809 21625 718198 39075 152981 271216 1853 238325 14748 1799198 261897 13228 2890115
"200602" 2831248 13516 828 13224 23063 755128 40948 150911 290999 1830 257143 13297 1749772 261163 14554 2885144
"200603" 2934853 13006 812 13749 23979 786272 42575 154712 299871 3337 271714 14063 1810749 270264 16022 2994697
"200604" 3089769 13088 816 13835 24129 807973 42839 156208 307819 3261 283401 14445 1926104 287482 16342 3156553
"200701" 3127368 16230 1012 17158 29924 814347 53128 158348 312037 1780 276049 13005 1941885 289837 16975 3200954
"200702" 3263793 16199 1011 17126 29867 819281 53028 159349 314010 1777 278056 13061 2056293 306913 17103 3346125
"200703" 3268957 18860 771 13071 22796 806166 40474 138941 324839 2482 289077 10353 2083441 307319 16533 3359063
"200704" 3198758 17916 733 12417 21655 820274 38449 141626 331114 2417 296972 9696 2013665 296394 15704 3297934
"200801" 2975975 18012 737 12483 21771 826814 38654 142048 332102 1592 302736 9682 1815127 265195 15836 3073257
"200802" 2949427 17919 733 12420 21660 835498 38456 141841 331620 1590 312403 9588 1784618 260737 15842 3044273
"200803" 2754882 17780 726 12322 21490 834599 34095 143933 334088 1608 311439 9436 1616205 236132 15628 2847563
"200804" 2324502 17760 726 14340 23497 833526 25934 146413 337462 1425 312860 9432 1237888 181064 15701 2414657
"200901" 2167558 17610 719 14219 23299 827020 25715 150233 329745 1438 310533 9356 1107194 161947 15550 2256861
"200902" 2369806 17658 722 14258 23363 823812 23874 159894 318962 1442 310248 9392 1286219 188134 15640 2458014
"200903" 2602133 17674 722 14271 23384 819173 23896 167270 309523 1452 307678 9354 1492489 218342 16078 2689367
"200904" 2685753 17588 719 14202 23271 818099 22780 174500 299900 1468 310142 9309 1566461 229164 16249 2771851
"201001" 2784008 17486 714 14119 23136 818552 22647 179662 295178 1480 310252 9333 1651988 241676 16337 2869008
"201002" 2553655 17591 718 14204 23275 819208 22783 184486 289875 1478 311264 9322 1450019 212129 16511 2640655
"201003" 2729223 16887 689 13635 22343 813866 21871 187846 282057 1569 311079 9444 1609310 235432 17061 2817804
