"DATES" "FL174090005.Q" "FL153091003.Q" "FL173020005.Q" "FL173030005.Q" "FL173034005.Q" "FL174023005.Q" "FL163069103.Q" "FL313161400.Q" "FL173061105.Q" "FL153061705.Q" "FL173062005.Q" "FL153063005.Q" "FL153064105.Q" "FL153064205.Q" "FL543140003.Q" "FL543150005.Q" "FL573150005.Q" "FL363154005.Q" "FL173099005.Q" "FL174190005.Q" "FL173165105.Q" "FL173165005.Q" "FL153166000.Q" "FL153169405.Q" "FL153167005.Q" "FL173199005.Q"
"195201" 520131 0 78588 73209 0 238959 978 49081 17164 123 7499 6134 154368 3612 52288 6845 9314 19581 41347 121513 53102 18027 24597 2807 1387 21592
"195202" 531878 0 76524 75462 0 248049 893 49010 16894 0 9835 6355 161366 3696 52976 7129 9727 20181 41830 126946 54832 18796 26878 2846 1419 22175
"195203" 541279 0 79370 76984 0 249992 1047 49026 18019 0 10606 6130 161327 3837 53707 7417 10090 20970 42749 130707 56671 19405 27965 2882 1430 22354
"195204" 538781 0 80961 79312 0 240299 1040 49173 18216 0 10957 5997 150984 3932 54480 7700 10723 21238 44068 135099 58433 19749 30522 2902 1466 22027
"195301" 542378 0 81759 81226 0 237862 1270 49521 17435 53 11875 5846 147995 3867 55246 7980 11199 21600 45506 138755 60023 19989 30901 2953 1629 23259
"195302" 537883 0 78420 83815 0 231455 1213 49258 20054 136 12743 6113 138160 3778 55988 8259 11730 22346 45870 144211 62243 20672 32672 3006 1818 23800
"195303" 540417 0 81149 85398 0 227200 1389 49263 19865 210 13542 5748 133430 3753 56701 8539 12232 22854 46344 147666 64222 21187 33354 3055 1753 24095
"195304" 557309 0 81940 87476 0 239248 1296 49371 18667 155 13873 5987 145753 4146 57388 8825 12773 23166 46493 149135 65950 21392 34614 3122 1830 22227
"195401" 573711 0 80448 89459 0 252186 1424 49421 18775 141 14386 5719 157808 4512 58093 9113 13315 23582 47515 150748 67363 21656 32744 3187 1846 23952
"195402" 594599 0 79500 92375 0 268717 1300 49545 18010 141 14678 5622 174526 4895 58831 9401 13729 24261 47785 156604 70179 22585 34006 3252 1994 24588
"195403" 622685 0 83960 93957 0 288331 1301 49703 16498 153 15246 5473 194488 5469 59600 9695 14248 24491 48403 161312 72281 23340 34242 3309 2230 25910
"195404" 632539 0 84120 96616 0 293071 1072 49966 16121 148 15964 4852 198838 6110 60389 10000 15045 24773 48525 165746 75300 23688 35963 3357 2606 24832
"195501" 647116 0 84031 98714 0 302408 1362 50165 17475 40 16484 4750 205607 6525 61170 10322 15915 24966 49590 170677 78180 24190 35702 3428 2903 26273
"195502" 675920 0 81650 101280 0 327849 1457 50184 18056 118 17509 4552 228787 7186 61931 10663 17378 25586 49583 179799 81638 24819 38755 3470 2965 28152
"195503" 702693 0 85435 102747 0 345751 1503 50178 19003 233 18360 4681 244536 7257 62688 11004 18759 26233 50076 187203 84973 25566 40543 3517 3065 29540
"195504" 713048 0 85398 105087 0 351037 1354 50229 18614 606 19174 4975 248246 7839 63459 11325 19762 26674 50306 192379 87878 25617 42949 3550 3042 29343
"195601" 740913 0 85009 107187 0 373018 1832 50397 20077 722 19569 5167 266699 8555 64251 11624 20879 27236 51709 195914 90294 26495 42251 3611 3033 30229
"195602" 736831 0 83464 110157 0 364720 1682 50320 19863 959 20436 5615 257232 8613 65070 11895 21252 27891 52382 202945 93259 27506 44281 3685 3037 31178
"195603" 741250 0 86512 111757 0 361029 1601 50238 20394 1116 21308 5785 252081 8506 65875 12175 21771 28763 53368 207918 96111 28452 44978 3730 3033 31615
"195604" 767116 0 87350 114368 0 380659 1420 50135 20090 960 21900 6111 270997 9046 66626 12500 22759 29080 53774 211749 98686 28649 46580 3804 3082 30948
"195701" 761241 0 86695 117545 0 368937 1836 49552 21326 934 22537 6854 256792 9106 67324 12868 23337 29539 54996 214203 100791 28844 45242 3885 2955 32486
"195702" 785146 0 84522 121082 0 388182 1617 49090 21653 1155 22812 7041 275127 9687 67969 13279 24838 30315 54959 219989 102981 29461 47223 3980 3150 33194
"195703" 766681 0 87692 123000 0 362362 1713 48602 23048 1101 23526 7352 248019 9001 68606 13700 25035 30849 55437 223954 105340 30342 47971 4076 3046 33179
"195704" 767937 0 87083 126168 0 358919 1715 48226 23281 1464 23851 7176 244492 8714 69277 14100 25349 31326 55715 226952 107317 30770 49217 4189 2745 32714
"195801" 793572 0 87317 129566 0 376566 1979 48146 22803 1209 24382 7983 260601 9463 69991 14475 26369 32046 57242 227917 108918 31626 46775 4300 2991 33308
"195802" 813666 0 84134 133665 0 391645 2034 48025 23161 825 23317 7301 276372 10610 70755 14826 27771 32717 58153 233035 111085 32759 47704 4398 3418 33671
"195803" 858865 0 90318 136513 0 422894 2064 47861 20784 799 23794 7760 308041 11791 71533 15189 29504 33498 59416 237817 113980 33758 47940 4475 3481 34183
"195804" 883895 0 91020 139931 0 439357 1817 47703 20935 834 24616 7924 322286 13242 72294 15600 31460 34128 60105 243979 117124 34329 49490 4548 3693 34795
"195901" 901375 0 90752 142404 0 450580 1866 47467 22510 918 25460 8222 330005 14132 73063 16068 32444 34763 61301 248713 119882 35711 48991 4643 3724 35762
"195902" 922687 0 89523 146276 0 465102 1883 47035 22423 1524 26068 8114 343082 14973 73834 16602 34195 35584 61571 258237 123292 37339 51878 4747 3818 37163
"195903" 928921 0 92993 148597 0 461947 2064 46486 23958 2012 27058 8149 337473 14747 74667 17129 34927 36505 62156 266219 126953 38670 53918 4864 3662 38152
"195904" 956804 0 91720 151077 0 485145 1607 45907 25677 2268 28362 8217 357289 15818 75606 17575 36736 37072 61873 272329 130044 39336 57213 5018 3686 37032
"196001" 944687 0 89971 153039 0 468974 2740 45736 29730 1631 28972 9539 335314 15312 76524 17946 36919 37765 63549 276171 132526 40754 55757 5196 3373 38565
"196002" 959895 0 87813 156772 0 478314 2779 45611 28572 1910 30072 10010 343263 16097 77383 18248 38425 39012 63928 284327 135313 41988 58622 5391 3422 39591
"196003" 941947 0 91522 159969 0 450749 2843 45579 28023 1295 30503 10087 316779 15640 78133 18532 38502 39532 65008 290311 138529 43263 59590 5542 3501 39885
"196004" 994678 0 92792 163019 0 494191 2550 45642 26552 1034 31007 10612 359768 17026 78758 18850 41195 40246 65627 295479 141324 44047 61248 5671 3565 39623
"196101" 1049297 0 90824 168106 0 538937 3048 45906 26189 360 30769 10639 402586 19440 79425 19191 44055 41099 67660 299215 143595 45741 59339 5823 3931 40786
"196102" 1057408 0 89007 173523 0 539097 2960 46045 24639 225 31610 11481 402134 20003 80196 19544 45227 42506 68308 306674 146552 47168 60597 5998 4378 41981
"196103" 1079989 0 92088 176155 0 551236 2911 46228 26072 245 31180 11026 412567 21007 81095 19900 46820 43196 69499 312750 150128 48987 61082 6120 4325 42108
"196104" 1122979 0 91772 181091 0 584163 2188 46445 25499 593 32506 10840 443217 22875 82112 20250 49700 43784 70107 319862 153976 50247 63435 6230 4602 41372
"196201" 1122486 0 90133 187262 0 575212 3090 46602 26479 568 31469 10973 433050 22981 83115 20591 50308 44638 71227 323682 156437 51686 62038 6356 4261 42905
"196202" 1017976 0 87919 194248 0 467008 3105 46664 26444 411 31384 10954 329789 18257 84072 20920 46121 45856 71832 333031 160186 53588 65435 6515 3895 43412
"196203" 1050873 0 90440 199652 0 487714 3342 46817 28019 287 31852 10193 348408 18796 84951 21258 48117 46508 72233 341117 164293 55286 66626 6654 4211 44047
"196204" 1148627 0 91408 206909 0 571384 2993 46968 26750 236 32087 10211 431230 20909 85754 21625 51589 47161 72797 349679 168256 56853 69344 6774 4479 43973
"196301" 1185194 0 92850 213677 0 594545 3850 47319 23248 10 31665 10656 455641 22156 86678 22016 53907 47875 73646 354812 171301 58425 68935 6898 4558 44696
"196302" 1220494 0 91629 221090 0 617566 4362 47582 22982 1 31642 10389 477302 23306 87667 22427 55988 49710 74417 366841 175751 60531 72217 7033 5327 45981
"196303" 1254725 0 94480 225871 0 639265 4754 47853 24123 1 31128 9877 497411 24118 88729 22856 58021 50510 74993 376258 180611 62577 74362 7137 5788 45784
"196304" 1242569 0 95980 232890 0 614040 4196 48149 24743 1 32094 10143 469895 24819 89860 23300 60135 51304 75060 386002 185054 64162 77870 7234 5987 45695
"196401" 1285545 0 93460 238566 0 647200 4649 48383 25856 1 32475 9961 499442 26433 90916 23764 63146 52417 76076 392505 188724 65627 78041 7366 5819 46928
"196402" 1317460 0 94003 245884 0 664759 5403 48590 25907 1 33112 9509 515081 27156 91979 24250 65671 54310 76604 404861 193315 67721 81812 7510 5826 48677
"196403" 1353611 0 99089 251544 0 684139 5042 48798 25686 1 34138 9628 532323 28523 93062 24748 68118 55236 77675 413847 198023 69874 84142 7637 5669 48502
"196404" 1378943 0 98729 258805 0 696708 5173 49060 24511 246 34854 10290 544127 28447 94172 25250 70477 55924 78878 423072 202282 71357 87352 7758 5519 48804
"196501" 1407845 0 96713 266482 0 714273 6231 49267 27288 22 33771 10113 557830 29751 95239 25837 72656 57070 79575 429508 205839 72916 87645 7897 5477 49734
"196502" 1395964 0 96995 272947 0 690792 6710 49365 26779 619 33792 9669 534567 29291 96438 26341 73065 58957 80429 442188 210278 75341 92243 8057 5488 50781
"196503" 1466560 0 103156 278598 0 741331 6422 49498 26486 910 34915 9965 581085 32050 97677 26818 77694 60008 81278 451418 214990 77612 94391 8210 5307 50909
"196504" 1519795 0 105499 286262 0 777977 6044 49695 25067 1133 36531 9001 616096 34410 98863 27325 80872 60815 82182 461757 219397 79230 97489 8338 5867 51436
"196601" 1518569 0 104474 291757 0 766814 6752 49774 29170 1844 37666 9721 596561 35326 100008 27846 82403 61987 83280 468810 223305 81756 97096 8533 6018 52102
"196602" 1502822 0 103397 297368 0 742331 6728 49940 26548 4947 38778 9715 571128 34547 101122 28367 82181 63957 84099 480751 227179 83620 100205 8857 6149 54741
"196603" 1454950 0 106874 299556 0 686791 7463 50025 29213 5725 39058 11259 512747 31301 102253 28892 79917 65088 85579 486462 230219 85430 100989 9354 5751 54720
"196604" 1510328 0 107897 304982 0 727589 8294 50249 28831 5851 41151 11099 548264 33850 103450 29425 83969 66213 86803 493700 232689 86451 103422 9827 5822 55489
"196701" 1605242 0 107378 315021 0 800993 9855 50456 27360 5838 39687 12064 617507 38226 104691 29976 90880 67369 88934 495109 234169 87932 101348 10119 6183 55358
"196702" 1626071 0 108188 325950 0 803030 9807 50681 24081 5717 38330 12148 622982 39284 105904 30617 92716 69505 90161 506323 237025 90380 104131 10406 6719 57662
"196703" 1691113 0 112415 333692 0 846464 9031 50937 26353 5626 39262 13264 659985 42006 107126 31276 97449 70705 91986 515139 241435 93243 105544 10609 7557 56751
"196704" 1737188 0 118477 339871 0 873877 10135 51219 27873 6266 38208 15075 682128 42973 108335 31939 98754 72136 93799 527315 245857 93543 108567 10819 8866 59663
"196801" 1695025 0 115078 348388 0 825605 10576 51345 32276 5671 37137 15246 632831 40523 109535 32612 97030 72822 93955 529962 249262 96658 107272 11107 8324 57338
"196802" 1811046 0 116885 354188 0 918797 10809 51477 30855 6476 38066 16467 718675 45972 110727 33300 105285 75839 96025 546480 253560 99317 111404 11478 10142 60579
"196803" 1845463 0 121559 362318 0 931433 11208 51624 32108 5983 37621 16714 727875 48300 111924 33797 108948 77220 98264 556959 258066 102082 114160 11836 10361 60455
"196804" 1956711 0 128043 370200 0 1019679 12168 51866 30169 6121 36490 18002 815334 49529 113138 34696 112350 78861 99744 572301 262817 104351 119324 12109 11497 62203
"196901" 1922209 0 121160 374872 0 985672 12889 51834 37560 5982 40035 18292 770526 48554 114364 35300 112086 80092 98663 574816 264740 106580 118884 12542 9878 62192
"196902" 1894840 0 122541 380272 0 946503 14322 51807 30935 7984 42266 19116 733883 46190 115597 36003 112541 82501 98882 591523 269621 110152 123675 13199 9445 65431
"196903" 1893155 0 121479 379309 0 942514 16655 51689 39633 9210 45302 20946 713075 46004 116844 36718 112473 84326 99492 602005 274395 113618 125813 14050 7919 66210
"196904" 1870056 0 126582 379433 0 905690 18534 51770 41896 11306 47244 22006 667356 45578 118110 37561 114981 85646 102053 616111 278575 116134 129231 14713 8198 69260
"197001" 1858655 0 122709 380006 0 894999 22663 51608 47213 14196 48079 21420 643541 46279 119382 38343 115687 87133 100396 609403 279833 105155 126663 15456 7078 75219
"197002" 1719248 0 128835 388680 0 746584 24822 51593 37743 14983 48227 22664 509525 37027 120646 39123 104996 89003 101381 621253 283126 108564 129421 16124 6350 77668
"197003" 1845175 0 132807 407176 0 830480 17559 51704 34857 15736 48542 26399 593764 41919 121951 39971 116374 92213 104203 632987 287046 113167 131424 16653 6592 78105
"197004" 1933489 0 133949 422270 0 887850 16569 52089 31652 15944 47144 29738 650213 44501 123345 40960 124958 95189 104968 645191 290877 116751 133660 17021 6909 79973
"197101" 2038681 0 134607 443998 0 951751 14884 52533 28155 14952 46097 31977 712824 50329 124827 42102 134734 98371 108291 654676 294887 119797 134072 17257 6988 81676
"197102" 2063017 0 140317 459734 0 944005 13765 53182 23773 13113 46375 34744 708482 50571 126393 43385 136512 101910 110761 677142 301530 124956 138912 17494 7859 86390
"197103" 2079910 0 142377 473451 0 934105 13728 53772 25445 13938 46564 37206 693654 49798 128005 44749 141119 103975 112129 696107 309589 130240 143465 17779 8465 86570
"197104" 2163590 0 147465 488758 0 983541 13768 54416 20684 14616 45970 37357 743724 53006 129626 46131 148018 106772 113279 718382 316570 134557 149243 18034 9450 90528
"197201" 2246646 0 146396 507817 0 1029010 13000 55202 22621 12832 46559 37719 785993 55084 131265 47585 158246 109903 116424 732313 323757 138288 148847 18236 11267 91918
"197202" 2272937 0 146569 526159 0 1020986 12073 56037 20252 11669 46909 38169 781697 54180 132932 49169 163417 114179 119526 763397 333413 145333 156222 18493 12661 97274
"197203" 2332508 0 150647 546502 0 1039405 9464 56797 20753 10944 47181 38783 801771 53712 134626 50718 170943 116974 122693 787618 344699 151541 161529 18751 13058 98041
"197204" 2500352 0 159398 561847 0 1160646 9333 57667 20790 8899 47684 38506 921384 56383 136349 52063 183316 121531 125202 816401 354553 159046 168757 18984 13080 101981
"197301" 2455140 0 157352 584002 0 1090710 7064 58549 23482 8538 50607 38757 853489 50224 138110 53212 181659 122026 128069 842692 363015 163387 171528 19267 12037 113458
"197302" 2410849 0 161051 599825 0 1022552 8919 59483 23530 8473 51521 38567 786769 45290 139918 54172 177701 124879 130751 878239 374723 167812 180398 19698 10602 125007
"197303" 2509709 0 161938 614537 0 1084593 9660 59885 28355 9482 54174 40526 833421 49090 141735 55084 190676 128454 132692 906113 386281 166159 186695 20594 9926 136458
"197304" 2387539 0 171713 624933 0 946277 14111 60354 29309 8333 55136 41469 693870 43695 143522 56089 182208 127910 134887 929237 396252 162892 192980 21205 8918 146990
"197401" 2395648 0 168103 645179 263 923238 14668 61121 36056 5739 56629 43127 664408 41490 145272 57019 188647 129799 138128 946185 404240 168019 190460 21651 8277 153539
"197402" 2344761 0 167306 663551 570 849820 17685 61934 30113 6971 57899 45766 591895 37557 146977 57733 183906 133858 141040 981936 415107 175643 196777 22322 7792 164295
"197403" 2200478 0 169694 671457 1386 710322 22024 62525 33949 11511 62394 47998 440798 29123 148706 58695 166895 130388 142935 1012015 425307 183854 201241 23209 7554 170850
"197404" 2257457 0 176618 681443 2379 727077 22495 63338 34153 13670 62164 54410 445034 31813 150528 60372 181175 133822 144043 1033195 431947 189572 201926 23904 7390 178456
"197501" 2415010 0 163676 704320 3620 842616 30347 64349 30751 11530 62603 57758 547842 37436 152431 62694 205777 140694 139182 1039534 436763 194187 195912 24368 7372 180932
"197502" 2569312 0 173790 723375 3661 919973 26437 65430 32486 8770 63059 55844 625664 42283 154402 65593 232741 152667 143110 1061825 447524 198005 195933 24755 7476 188132
"197503" 2517673 0 176537 738004 3708 843274 21915 66407 40447 7682 65177 60059 544752 36835 156422 68877 232562 151092 147197 1086624 459432 200493 201183 25151 7772 192594
"197504" 2622412 0 178013 759395 3696 894891 19746 67363 45698 7585 66809 64342 584599 38749 158474 72349 248404 156397 150793 1115959 470961 203105 206996 25522 8286 201089
"197601" 2776389 0 174038 786907 3557 991285 20641 68460 43575 6964 69757 61293 677976 42619 160562 76120 268445 161705 153770 1134689 482908 208604 204908 25811 9626 202832
"197602" 2854063 0 180450 811851 3341 1014759 21250 69621 39634 7595 73874 63655 696689 42441 162688 80343 269840 172726 158065 1170515 497576 212097 213148 26189 11223 210281
"197603" 2906497 0 183008 834647 3322 1026301 18956 70923 38734 6994 74962 67677 707098 40957 164857 84666 273122 174138 162436 1204853 515195 216589 220688 26550 11645 214186
"197604" 2988167 0 190470 861984 3381 1053073 16851 72018 32235 11693 72859 74338 731643 41436 167073 88740 279670 176861 166915 1241656 531372 220661 228961 26890 12510 221262
"197701" 2980678 0 191065 896589 2939 1001287 24022 73203 35730 7500 73367 75567 674072 37826 169321 92446 280506 175718 170807 1271415 546430 226299 229155 27304 12936 229292
"197702" 3056304 0 194844 918854 3017 1023178 28271 74448 26526 7589 77980 75315 691898 41151 171587 95847 290187 182235 176555 1323717 571437 232683 242048 27760 14024 235765
"197703" 3090601 0 203488 946634 2956 997177 28547 75572 30306 7914 76843 75838 661744 40413 173924 99313 294643 191034 181432 1373295 598488 238651 252953 28198 13981 241024
"197704" 3120826 0 207685 967318 3197 977123 31539 76762 30195 8373 78835 79795 631269 40355 176386 103217 302148 195914 187838 1421408 622735 244522 264892 28616 14527 246117
"197801" 3145074 0 208526 996943 4734 946501 31566 77958 32964 8565 84721 78005 593322 39400 178989 107458 308471 197658 195794 1457354 641022 251116 266971 29064 16401 252780
"197802" 3273291 0 215914 1021828 6050 995045 38562 79116 27459 8453 92107 76389 631295 41664 181752 111959 328275 207289 205179 1525850 669193 258431 284526 29676 18950 265075
"197803" 3415138 0 223519 1049474 7215 1045112 38267 79945 32483 8501 97667 72594 671972 43683 184550 116692 353046 220776 214754 1592920 701640 266354 298022 30311 20731 275861
"197804" 3443068 0 225608 1069709 8928 1028480 46230 80691 32805 9911 104168 73633 639962 41080 187257 121630 356982 224900 219574 1652595 732283 274562 311305 31212 17145 286088
"197901" 3560899 0 220225 1090824 15693 1085214 50799 80562 39899 11679 109320 71800 678679 42476 189908 126736 377580 228076 226643 1698622 756971 282690 313819 32242 16326 296574
"197902" 3660242 0 233078 1102568 22681 1112375 53900 80595 43388 11554 116924 70684 692078 43252 192540 131964 391449 235020 238567 1776835 788530 296903 327319 33224 18958 311900
"197903" 3812427 0 245751 1128867 29822 1167593 57345 80570 50620 12627 121212 64315 736067 44837 195135 137504 413559 246553 247643 1852204 822226 310406 341528 34156 20249 323639
"197904" 3925935 0 247276 1145336 39459 1230229 56004 79876 78814 12501 123569 66608 768059 44798 197675 143546 420887 249325 252202 1920658 849919 323251 354616 35944 17458 339470
"198001" 3931155 0 237871 1169325 54525 1172884 60332 75996 88836 19045 124044 59199 705976 39456 200166 150151 431217 250872 264144 1973237 880280 336510 349662 38042 18735 350009
"198002" 4124729 0 241326 1188252 69928 1265627 52550 73392 86209 17495 126304 57823 807724 44130 202612 157384 467000 263942 268658 2014869 896783 350998 345637 40564 18620 362268
"198003" 4354725 0 260577 1218780 70003 1376363 49723 73043 90297 16815 128669 58756 909931 49129 205012 164801 500558 280759 277872 2069768 925869 362629 350336 41398 19972 369564
"198004" 4574327 0 265666 1266855 64366 1498816 52267 72528 103908 18601 130055 59009 1010388 52060 207364 171960 523692 287198 288410 2132377 951995 372510 358044 42612 24737 382480
"198101" 4654044 0 270634 1269595 98522 1504656 55275 70355 98047 14219 143008 56516 1014877 52359 209689 178243 533711 289980 299014 2161552 967181 384126 353902 44358 21807 390178
"198102" 4700596 0 277523 1289325 108564 1478595 47140 69223 93908 14202 151242 56842 992885 53153 212006 183634 538503 299241 313205 2219995 990930 393332 361610 46099 22179 405845
"198103" 4635744 0 287445 1312297 137398 1328681 40112 68299 105463 13479 160075 55714 836797 48742 214238 189900 528439 312536 324810 2267851 1008797 402028 371928 48304 21068 415726
"198104" 4840906 0 311808 1336963 154610 1406321 42000 68190 103864 14225 160273 59970 905159 52640 216308 199792 553903 323658 337543 2315878 1024583 415425 377882 49966 23023 424999
"198201" 4792377 0 306230 1358466 164885 1293340 46011 67495 108697 13754 172579 59709 775114 49981 218192 209369 572454 324861 344580 2337933 1036021 426973 373537 51265 19250 430887
"198202" 4866749 0 305566 1381367 175381 1285541 52849 67442 113222 13602 189638 53537 745220 50031 219864 220367 594246 333513 350904 2391282 1049458 441867 380887 52615 19099 447356
"198203" 5100996 0 317202 1396879 201364 1365466 45611 67589 130865 13570 199590 56546 796029 55666 221501 233354 654310 358494 352426 2429667 1049570 458660 386815 53661 20798 460163
"198204" 5394529 2427 331286 1445815 186712 1536044 48718 68346 120023 13425 201055 53025 966342 65110 223279 242900 687323 373557 365186 2484187 1064357 471669 396718 54187 25791 471465
"198301" 5661152 2536 337496 1519793 164329 1653309 47958 68821 128045 12563 212507 48864 1058391 76160 225167 252335 747896 384467 373824 2499373 1081135 470514 391910 54641 26743 474430
"198302" 5970834 2490 346526 1555160 150654 1815925 42190 69697 144615 12367 230733 44600 1179666 92057 227132 265284 819193 405692 382778 2575726 1110160 485287 403838 54911 32758 488773
"198303" 6080992 2601 348524 1613025 150913 1824414 36474 70565 162655 14074 245180 54235 1146214 95017 229126 272354 828061 422540 389434 2655114 1146811 500338 420612 55050 33781 498522
"198304" 6134441 6937 347170 1663261 149944 1785288 43780 71485 165215 14519 246654 57022 1088573 98040 231100 281650 838345 431451 399295 2741002 1178937 516443 444878 55243 34177 511325
"198401" 6125466 7190 333934 1724417 162806 1725705 43994 72249 180982 15898 254590 33983 1022881 101128 232275 287889 811369 437066 402815 2794650 1208455 537211 452010 55349 31723 509902
"198402" 6205434 7280 344238 1787412 165501 1724017 52361 72937 206613 17083 274778 40464 957625 102156 233344 295754 785004 452804 410080 2893606 1245789 560273 479799 55480 32657 519608
"198403" 6475893 7026 343880 1840163 166430 1821931 55652 73698 222892 19919 290218 38462 1007386 113704 234650 310503 849120 485265 416925 2985556 1280397 583939 501839 55587 30415 533380
"198404" 6670504 6902 366774 1892619 192968 1837816 65640 74515 208698 27693 290436 44659 1008673 117502 236066 328343 897829 498004 413183 3086236 1312616 606863 526584 55640 31834 552699
"198501" 6978170 7017 365736 1927012 200211 1976828 58800 75443 228541 26868 317683 66696 1068300 134497 238143 340677 963650 518700 440196 3191221 1376384 629726 536023 55603 30614 562871
"198502" 7221706 6812 375992 1960555 205775 2081437 56106 76697 211353 40239 330920 76487 1133264 156371 240521 356665 1000252 536424 457273 3306584 1418083 651580 559592 55548 36878 584903
"198503" 7251818 7207 392899 1995724 202116 2051980 58388 78248 225899 35400 347651 79269 1052253 174872 243282 363585 974665 552315 468045 3430077 1469229 672986 585905 55461 38968 607529
"198504" 7770019 7791 396320 2030117 196317 2300905 56471 79777 208213 23404 395065 94710 1229495 213770 246507 260441 1250867 595089 485665 3547426 1518863 678561 610574 55499 50699 633230
"198601" 8168870 7952 407709 2055870 218243 2501508 46010 81423 182920 18462 399332 110943 1393399 269019 250407 273503 1334293 616672 502713 3581161 1549926 694135 606799 55518 52848 621935
"198602" 8415178 8126 441923 2071404 228249 2615497 46360 83821 161835 22620 412498 127477 1455508 305378 254507 295200 1344507 642590 513175 3670778 1608293 708608 627891 55559 52842 617584
"198603" 8363704 8447 463535 2093575 244113 2521903 59181 87769 180590 22966 398687 117132 1316843 338735 259007 305194 1289006 657619 521305 3776006 1675296 723722 649888 55584 55521 615995
"198604" 8801950 8753 514809 2121838 238357 2772574 56132 93332 188354 23316 410850 127826 1494043 378721 263728 327864 1316569 701215 536243 3880764 1722112 746003 666355 55357 57429 633507
"198701" 9403637 8687 483722 2139652 248329 3141651 51388 94672 169460 24067 436079 147459 1771119 447407 270606 341692 1475402 745589 548307 3895943 1761378 757808 644317 55089 53567 623784
"198702" 9587974 8525 498444 2158234 243934 3201538 50753 96803 183836 21386 462468 160195 1748697 477400 276503 349692 1527793 772112 551199 4003144 1835131 766414 660313 55001 56889 629395
"198703" 9911464 8400 507446 2188782 247481 3345222 45110 98533 197170 25553 489320 176799 1825297 487440 282786 362976 1605094 807579 555698 4093754 1889536 771057 679637 55245 59395 638884
"198704" 9361326 9759 519292 2241258 259079 2953826 55346 101103 216887 32109 516598 144646 1462599 424538 289464 348628 1385999 790279 563742 4140803 1919236 781509 698640 55308 41797 644314
"198801" 9662890 9724 509058 2317423 287031 3074513 54134 104023 213445 27148 521748 143772 1559348 450895 295589 376195 1405565 809635 578157 4208894 1965909 800654 693732 54129 40625 653846
"198802" 9916696 10130 514978 2353588 267135 3205164 63158 106167 242584 24126 539156 143383 1638890 447700 301490 393820 1440035 834923 595433 4322570 2035447 818679 710128 54659 41231 662425
"198803" 10078145 10318 509426 2397483 269827 3282546 79925 107781 267648 28969 563250 142258 1651531 441184 306928 413447 1418379 860160 609631 4432201 2095833 836508 725838 54985 42131 676906
"198804" 10405483 10708 522075 2426976 278269 3467148 93557 109556 294262 52357 586008 135149 1757115 439144 314402 435495 1432196 891901 626313 4560018 2152507 864204 745206 55261 43506 699334
"198901" 10675449 11153 506542 2451437 305497 3601035 100226 112167 308773 48854 586659 165417 1836454 442485 318152 445524 1488883 912089 635137 4618043 2186718 874928 753193 56037 39338 707829
"198902" 10970690 11032 502317 2456990 322865 3726549 88499 114020 323257 38751 590059 167169 1937048 467746 326290 465443 1549675 960510 649019 4727058 2245113 885088 769617 56976 44641 725623
"198903" 11388234 11268 498502 2492284 354433 3934484 85995 115706 326114 49875 600130 172760 2090221 493683 332094 476863 1634245 1001003 653058 4829923 2311082 897934 784207 57618 44294 734789
"198904" 11624410 11874 525457 2507474 356883 4021386 87881 117725 289118 74766 613331 178050 2147477 513038 342844 495495 1663257 1032612 667129 4937817 2359485 907686 809285 58439 42540 760382
"199001" 11575500 11755 510182 2535959 384032 3922152 73155 119881 309417 84423 629655 177651 2027978 499992 348924 512988 1639060 1035192 675256 4997398 2439090 910516 792320 62101 41977 751394
"199002" 11831845 12312 520039 2533165 365681 4060279 69568 121866 315017 98450 642618 185142 2098220 529398 356304 548008 1688799 1069983 677274 5069958 2504976 905984 798712 64131 40022 756134
"199003" 11435892 12949 516702 2536888 387616 3726885 77207 123909 358289 108422 643630 187632 1737290 490507 362304 552419 1596903 1055646 687579 5133738 2555449 904474 812302 61624 36722 763167
"199004" 11956175 13427 517052 2540620 396075 4085715 93658 126213 390282 117318 647709 237642 1961368 511525 368144 569775 1658457 1105708 701202 5191553 2595740 905784 824391 62538 38809 764291
"199101" 12581587 13959 535802 2560124 447431 4414857 75825 129706 392212 98701 651357 253842 2232734 580480 376281 593001 1783108 1155011 702014 5201670 2631682 914161 802207 65783 36867 750970
"199102" 12607765 13957 535278 2529042 420709 4437428 57457 133178 401231 104443 673978 266326 2206652 594163 384117 605784 1800090 1173933 707428 5269898 2691226 916786 801306 66360 37562 756658
"199103" 12920183 14409 539040 2496349 411729 4635736 61527 135368 404924 106302 689596 251694 2345580 640745 388952 619070 1875632 1219363 719903 5300442 2713912 899703 802500 67641 45059 771627
"199104" 13555779 14565 571193 2464600 415114 5098691 58500 138122 409602 115486 701809 270941 2759193 645038 393787 621189 1959655 1274538 742447 5374568 2766273 899248 815581 67327 55066 771073
"199201" 13526373 14566 584987 2457304 435044 5067340 40842 142020 428379 110202 707243 272137 2695898 670619 401250 632897 1927328 1273774 731883 5391357 2806225 897786 793353 67866 51227 774900
"199202" 13559872 14953 598721 2423050 418934 5062388 44466 145359 432389 96135 702540 277295 2639308 724897 405250 652436 1955146 1298375 730619 5434806 2838060 890413 792332 68934 56332 788735
"199203" 13808799 15504 629343 2391853 392115 5204924 44152 150327 446476 104137 702734 264706 2743378 749014 414750 670045 1992961 1345188 752116 5495673 2891786 886378 801933 70378 55840 789358
"199204" 14441958 15600 687958 2363892 375267 5656307 52676 157267 483057 114358 672194 283158 3094169 799428 421481 693365 2062805 1409479 755804 5570113 2935309 878781 824769 72980 53474 804799
"199301" 14746912 15445 666298 2328314 385096 5824359 55508 163628 500808 110278 671146 284450 3170379 868162 429999 715826 2172007 1436322 773246 5570094 2946203 878291 807262 73787 59775 804775
"199302" 14883722 15352 688383 2302583 375499 5878477 58666 166536 499375 75952 674850 285381 3177242 940475 438953 740380 2200635 1465155 778305 5639505 3000476 874693 818662 74758 59048 811868
"199303" 15199740 14697 712117 2286404 365815 6030650 60315 169089 473682 57936 663392 281174 3302446 1022616 448223 763366 2262381 1517183 798904 5726902 3052558 866896 842668 76600 67376 820805
"199304" 15601535 15757 739764 2254479 374343 6308087 65040 171925 514907 58275 642318 320614 3436996 1098012 457191 775115 2308312 1561687 806801 5824006 3094668 863903 886169 78609 76123 824534
"199401" 15502223 15716 713478 2261568 377979 6228163 65532 175000 537924 98772 634931 324956 3269034 1122014 463500 787578 2282755 1546029 825457 5858698 3126146 857870 883876 80150 77033 833623
"199402" 15560347 16847 714312 2231247 365516 6239410 66953 177135 577130 118988 623658 337066 3199440 1139040 469000 785322 2337240 1564216 837237 5954314 3173330 854437 918580 82625 76103 849240
"199403" 15897750 17357 709239 2239959 354632 6392666 69017 178623 618959 137895 614630 335247 3258306 1179990 486000 795600 2446378 1611286 844633 6056659 3223371 849825 959953 84528 72568 866414
"199404" 16127573 18847 722189 2231395 388225 6492459 69716 179923 709381 187587 595739 359350 3294200 1096563 491458 796640 2473306 1657214 855840 6190260 3270633 843305 1021168 86379 75051 893724
"199501" 16685520 20324 705835 2275273 412741 6754200 70219 181366 717242 159889 591275 371974 3543551 1118684 504400 821383 2596849 1714441 880074 6235697 3298945 844579 1024546 87931 69850 909847
"199502" 17288384 22461 712048 2310664 442264 7025750 70724 182559 706756 153714 562281 384518 3794049 1171150 518500 850846 2719421 1790139 896290 6341910 3348716 846056 1063126 89625 68742 925645
"199503" 17994799 22103 680672 2350863 461551 7452292 71227 183527 705129 184409 557059 431084 4088196 1231661 527025 874241 2847092 1869891 909070 6472857 3405118 848514 1109599 91958 77352 940317
"199504" 18623781 23356 683320 2371148 489470 7829045 71731 184994 666645 216440 535566 466523 4434150 1252996 536279 890646 2939418 1924990 936109 6585675 3438212 849369 1168160 96871 78593 954470
"199601" 19211878 26021 670256 2445485 534533 8116286 72476 185839 671298 212140 525229 481529 4617247 1350528 540800 901701 3033236 1979517 964043 6679774 3487548 856886 1162207 98725 89110 985298
"199602" 19687355 27693 660094 2457101 516411 8448368 73776 186496 668400 267157 525531 519145 4766016 1441847 548300 911067 3101906 2039060 977355 6813933 3546457 861504 1196579 99928 89851 1019614
"199603" 19993838 31693 645890 2493964 527342 8542365 74799 186784 691983 304123 502714 518659 4782959 1480344 563400 924215 3176808 2084084 1004077 6944459 3610355 865858 1229847 102883 86937 1048579
"199604" 20381046 35469 635342 2515662 547152 8609946 75821 187007 730416 332767 495586 514632 4712249 1561468 580120 974046 3268476 2174671 1040162 7084501 3660131 877904 1273878 101411 94411 1076766
"199701" 20517074 34112 608503 2557920 582803 8620240 76144 186503 752141 320821 476074 482643 4721776 1604138 592800 1004676 3255460 2189430 1071130 7166859 3705980 878277 1254175 102888 101354 1124185
"199702" 22125493 34459 614788 2585719 569643 9636514 76467 186338 692512 334056 486976 493442 5580189 1786534 607850 1054480 3563786 2343153 1115101 7315949 3759864 886677 1278038 104612 110390 1176368
"199703" 23255254 36014 583941 2645990 598522 10277183 76792 186167 666068 337219 487220 512017 6067867 1943833 623850 1095115 3784602 2465715 1144322 7488362 3852151 903588 1305805 105359 127447 1194012
"199704" 23571553 37179 611259 2662998 625238 10417555 77115 186496 643586 389740 500817 526900 6144148 1948753 632700 1116330 3759877 2516779 1191638 7628511 3893973 909821 1344165 104623 131172 1244756
"199801" 25236189 36817 568248 2699390 686003 11446347 77877 186179 652283 354576 501778 551749 6944659 2177246 644834 1185202 4067274 2652540 1249534 7758913 3960964 935069 1324043 104820 140059 1293959
"199802" 25673467 37785 587445 2704838 667853 11760816 78639 185967 634751 388724 520576 603696 7084547 2263916 657504 1223418 4034310 2696442 1303056 7982789 4052383 962208 1367744 105769 151513 1343172
"199803" 24233727 39500 577650 2726975 713910 10665291 79401 185888 614567 437973 507876 593324 6167920 2078342 660423 1197652 3702153 2568927 1381247 8172518 4142551 991173 1400718 106270 149053 1382753
"199804" 26860376 37725 633324 2799423 739182 12247910 80163 186627 584411 441686 501537 590516 7511125 2351845 684707 1288399 4198089 2812459 1419158 8393045 4249051 1015361 1441272 104725 152761 1429875
"199901" 27380857 39368 619774 2804489 795279 12533264 81337 186532 552937 449591 508466 656212 7682424 2415765 702201 1321284 4261751 2862092 1441355 8547695 4338081 1041217 1442398 100558 160646 1464796
"199902" 28644466 40486 589502 2816268 759950 13448545 82511 186482 517660 482971 526195 653217 8410058 2589450 715415 1373487 4432283 2987652 1480878 8778850 4446451 1060087 1471581 99856 183825 1517051
"199903" 27986845 41170 574313 2891337 774290 12927358 83685 186220 498160 514989 521701 647322 7971449 2503832 721725 1349430 4247021 2922794 1537408 9024025 4578319 1087084 1511895 100181 185837 1560708
"199904" 31272633 40659 592581 2954510 856805 15172195 84859 186449 660889 541791 530778 502640 9769854 2894935 748903 1478439 4651464 3169190 1607887 9283663 4670862 1116451 1553622 99960 227926 1614841
"200001" 32341267 45150 564178 3039640 937425 15672359 90471 185263 600141 536743 529815 476846 10170665 3082416 765726 1532659 4852777 3235878 1695475 9491401 4741311 1141842 1553765 99642 286471 1668370
"200002" 31498417 45841 543013 3121314 904031 14873049 91082 184634 490150 564203 551369 518484 9493427 2979700 770615 1532740 4751012 3221538 1735264 9742288 4864041 1171829 1601771 100545 270234 1733869
"200003" 31603460 44509 507400 3191293 937351 14730980 91693 184339 429111 588946 544528 535768 9375631 2980965 782748 1568741 4770800 3278345 1791293 9997198 4988385 1198209 1667073 101999 273873 1767659
"200004" 29958874 48271 518577 3280467 1009190 13246895 97305 184753 434480 594014 533670 551171 8147325 2704178 782702 1526331 4508058 3173319 1865064 10223659 5092459 1225691 1741267 102797 235134 1826311
"200101" 28271543 50790 549723 3416937 1097718 11837478 96160 184753 389829 462069 553432 716962 6979964 2454308 786487 1499469 4109532 3028175 1895234 10327882 5188817 1250127 1749724 103783 195785 1839645
"200102" 29384357 48459 541409 3468304 1064427 12530511 88365 185455 307457 481264 585228 759372 7459004 2664366 803147 1558118 4274123 3153773 1942086 10587753 5359549 1275749 1784249 103926 195977 1868303
"200103" 27221368 48388 542745 3548270 1118321 10749312 86237 186403 307335 513442 575200 707697 6019246 2353752 806827 1522098 3844144 2970762 2070501 10890648 5521870 1296521 1814351 105269 258064 1894573
"200104" 28812148 48676 591817 3561375 1172207 11730992 88154 190329 286548 407301 584275 730318 6829434 2614633 842223 1558530 4095861 3147729 2062738 11077376 5642323 1329592 1891827 104985 196359 1912290
"200201" 29211191 47771 561667 3734068 1140677 11844152 84417 191902 266188 398360 611640 784334 6872227 2635084 856445 1569497 4212449 3187919 2056546 11259499 5789714 1355054 1883516 105239 191989 1933987
"200202" 27594590 48219 551913 3744977 1080956 10723039 80618 192710 202371 352188 656348 851175 5937506 2450122 862440 1564381 3906917 3051971 2059777 11506611 5977338 1382630 1917644 105172 170555 1953271
"200203" 25579614 49781 548099 3861240 1089055 9172030 80157 193252 183591 292171 651033 829872 4811042 2130912 864194 1554868 3553844 2798286 2088217 11760983 6184730 1415852 1951608 105631 149624 1953538
"200204" 26709583 49937 602125 3886247 1133030 9792705 82218 194872 111674 247630 681731 1093594 5161157 2219830 881561 1604920 3717343 2906676 2135038 12078436 6396317 1434783 1997008 105961 148201 1996166
"200301" 26465272 51395 571888 4075063 1136943 9358025 81246 196870 141234 183286 683510 1044987 4799621 2227272 896898 1631908 3710077 2855138 2177937 12285540 6568450 1453554 1989123 105464 159526 2009424
"200302" 28466038 53223 589024 4139805 1085505 10510002 79421 199120 218903 121259 710984 1031459 5620488 2528367 919860 1710275 4125100 3051946 2281299 12692549 6810200 1486418 2021930 105723 248456 2019822
"200303" 29151315 50563 555030 4198998 1000252 10994499 77481 201501 191029 297763 697791 934486 5933509 2660939 933108 1747226 4214360 3162900 2294379 12974006 7037752 1522898 2059675 105185 227610 2020886
"200304" 31289958 52095 592475 4251694 1023788 12344306 77314 203801 249088 383916 706418 1025270 6787539 2910960 972672 1803200 4561326 3394893 2293509 13214173 7221091 1543318 2102932 105221 182500 2059110
"200401" 31967237 54254 588311 4421373 1018336 12540527 79498 204405 237549 240690 709216 1037218 6916695 3115256 982000 1870446 4637550 3447397 2407043 13497498 7421505 1566178 2096472 105154 200782 2107407
"200402" 32358651 54641 586210 4542786 987534 12636644 77999 204570 252712 303329 727220 1040994 6890852 3138968 991000 1910530 4667523 3476546 2505237 13907974 7713452 1609405 2114539 105602 216509 2148467
"200403" 32341579 55440 583427 4623694 927969 12523272 78358 204140 214912 372245 731146 1036727 6715441 3170303 997200 1950559 4621582 3475090 2583346 14271501 7975706 1651704 2164875 106398 209852 2162966
"200404" 34650604 57487 645501 4727421 970602 13825264 83702 204395 338391 399753 746703 1140661 7483920 3427739 1018786 2027879 4963011 3686146 2728507 14740221 8244731 1702129 2220119 106791 264019 2202432
"200501" 34750487 62997 643557 4876255 936090 13791409 86133 204188 309863 359215 764057 1162265 7464790 3440898 1017848 2048915 4927627 3633089 2812700 15082700 8473011 1744005 2204974 106401 266078 2288231
"200502" 35475348 59807 631256 4989201 930399 14073352 89692 204167 259103 424134 796879 1190776 7644124 3464477 1025210 2096533 5059222 3695842 2914526 15545913 8773478 1766596 2232389 107110 263518 2402823
"200503" 36564930 62582 568526 5168266 950417 14567335 93413 203585 269129 430818 805218 1138282 8011837 3615053 1035629 2147199 5267866 3782249 3014861 16014594 9078785 1797588 2278385 106808 258013 2495015
"200504" 37573238 59936 595292 5237970 1018231 14998205 98406 205103 315358 493367 825382 1298474 8092976 3669139 1039897 2197371 5427756 3877640 3120940 16444654 9351278 1822728 2320555 107555 232447 2610092
"200601" 39494027 63043 605729 5427355 1022458 16154804 101857 205917 431976 430500 827653 1370357 8853615 3932929 1059568 2252759 5653893 4000280 3254138 16902452 9671496 1877737 2292280 108250 249478 2703211
"200602" 39457991 67494 619315 5513795 1058805 15889819 105854 205169 396703 367207 870177 1453979 8597532 3893197 1066786 2249171 5582173 4002035 3408598 17403827 9997760 1934137 2314858 109790 243845 2803437
"200603" 40460036 66478 613085 5647513 1081726 16243299 111879 203599 352223 404310 870983 1435730 8896885 3967691 1090002 2282581 5778639 4135651 3521062 17867061 10251259 1993763 2364788 111130 254532 2891588
"200604" 42411950 65169 626745 5744784 1186611 17233085 117451 202376 248057 403563 877811 1552038 9643686 4188104 1119526 2332445 6120492 4341848 3641245 18294748 10416203 2060014 2415971 110882 292099 2999578
"200701" 43649855 69486 643895 5957775 1178205 17923984 120202 200278 252972 453301 893347 1654914 10008867 4340104 1128566 2361805 6227563 4376923 3781653 18612531 10629383 2127117 2396722 111518 278962 3068829
"200702" 45010621 74943 612895 6005523 1232422 18491770 126564 198591 207708 517918 918501 1565424 10349106 4607958 1146392 2429824 6533181 4524025 3959646 19073636 10843955 2201285 2430204 112698 334032 3151462
"200703" 45787446 78776 551479 6136031 1313450 18842205 111438 197070 272564 635005 905639 1734959 10281666 4703865 1154814 2466539 6601454 4558872 4083826 19434185 11001665 2280395 2501408 114250 296520 3239947
"200704" 45488208 80591 611330 6247854 1421010 18225729 107286 196395 123330 670087 901261 2005377 9625641 4596353 1156130 2450796 6444810 4540530 4309428 19809295 11124605 2360868 2555304 114486 325534 3328497
"200801" 44111450 74051 614262 6422070 1534044 17152015 94552 195325 193723 625149 876992 1945995 8873109 4347170 1141919 2386316 5993348 4289993 4503432 20046579 11197706 2400460 2533509 115677 365327 3433901
"200802" 43713372 67462 614256 6330720 1471034 16908516 62383 194903 249472 638898 884381 1911347 8543834 4423298 1150546 2386952 5945119 4269267 4569500 20070348 11181392 2445289 2555964 116773 291465 3479465
"200803" 41865084 60066 598100 6497289 1524840 15537420 20790 194153 281306 809327 881450 1866712 7510966 3972716 1152003 2326222 5445721 4081748 4641675 20304407 11132480 2484525 2588551 117870 402323 3578657
"200804" 37968788 56464 817357 6440893 1660962 12986531 5958 193975 112555 718799 908119 1945116 5776086 3325922 1133445 2184599 4588025 3682247 4418265 20044818 11038833 2512184 2594109 120385 164838 3614468
"200901" 36779193 52796 794794 6462382 1633301 12465801 5558 193876 342711 506508 938774 2349182 5004159 3125033 1136626 2153647 4283071 3495573 4301202 19883041 11035805 2514844 2517938 120772 134275 3559406
"200902" 38538352 49187 812348 6387347 1560268 13639621 15058 193492 336250 208147 970101 2309675 6049676 3557222 1157649 2216692 4766518 3719709 4229013 19765282 10987035 2508501 2487876 121279 147666 3512925
"200903" 40805840 47624 762588 6378722 1432773 15235251 24858 192352 476728 208599 987990 2231964 7145020 3967740 1180391 2302276 5306561 3985958 4173696 19651380 10902953 2495264 2496673 120421 173767 3462302
"200904" 41489731 46170 769463 6502743 1385364 15502288 34608 191199 630828 94092 1023430 2051963 7301040 4175127 1194540 2322978 5507389 4143744 4115052 19517353 10840679 2450976 2478855 121087 202985 3422772
"201001" 42446208 46705 650818 6637631 1268964 16211000 44552 190194 773557 19932 1061035 2044085 7726241 4351404 1216240 2372617 5745041 4234180 4063012 19343336 10729517 2432145 2406877 121710 196375 3456712
"201002" 40561231 50958 614049 6634227 1208604 15162027 54180 189565 945817 22022 1069413 1952522 6883802 4044706 1217811 2303686 5352389 3999296 4018184 19227995 10668874 2402566 2386491 122420 216997 3430647
"201003" 42467126 58779 595888 6680026 1193895 16375128 63974 188698 948261 36579 1063555 1828509 7822956 4422597 1252196 2410561 5697932 4201177 4001544 19164791 10597167 2374784 2408848 123651 234613 3425727
