"DATES" "FL214090005.Q" "FL213020005.Q" "FL213030005.Q" "FL213034003.Q" "FL212050003.Q" "FL214004005.Q" "FL213069103.Q" "FL213061105.Q" "FL213061703.Q" "FL213062003.Q" "FL213063003.Q" "FL213065005.Q" "FL213064103.Q" "FL213064203.Q" "FL213070003.Q" "FL213078005.Q" "FL213093005.Q" "FL214190005.Q" "FL214104005.Q" "FL213162005.Q" "FL213162400.Q" "FL213162205.Q" "FL213169203.Q" "FL213170003.Q"
"195201" 21964 7200 1637 0 80 10461 0 7680 354 2093 0 334 0 0 2057 779 -250 27057 25787 25016 1787 23229 771 1270
"195202" 22731 7174 1631 0 167 11163 0 8140 559 2105 0 359 0 0 1964 632 0 29719 28324 27480 1700 25780 844 1395
"195203" 23197 6718 1624 0 679 11340 0 8218 624 2113 0 385 0 0 2092 744 0 31190 29675 28695 1863 26832 980 1515
"195204" 23796 7193 1628 0 247 11658 0 8538 600 2111 0 409 0 0 2199 871 0 32432 30795 29657 1779 27878 1138 1637
"195301" 23967 7226 1658 0 256 11908 0 8826 538 2114 0 430 0 0 2169 750 0 33898 32134 31221 1906 29315 913 1764
"195302" 24163 7522 1742 0 0 12078 0 8988 495 2144 0 451 0 0 2181 640 0 35106 33218 32379 1778 30601 839 1888
"195303" 24734 6939 1696 0 815 12281 0 9114 493 2203 0 471 0 0 2234 769 0 36655 34637 33795 1992 31803 842 2018
"195304" 25409 7577 1957 0 175 12643 0 9342 516 2293 0 492 0 0 2203 854 0 37937 35786 35012 1948 33064 774 2151
"195401" 25693 7913 2283 0 -216 12847 0 9402 547 2384 0 514 0 0 2155 711 0 39476 37186 36516 2137 34379 670 2290
"195402" 25952 7864 2335 0 0 13013 0 9466 568 2441 0 538 0 0 2161 579 0 40775 38343 37866 2033 35833 477 2432
"195403" 26595 6936 2438 0 1006 13267 0 9638 600 2468 0 561 0 0 2259 689 0 42408 39829 39376 2192 37184 453 2579
"195404" 27227 7943 2419 0 172 13497 0 9789 659 2467 0 582 0 0 2378 818 0 43829 41102 40663 2058 38605 439 2727
"195501" 27555 7894 2377 0 402 13765 0 9978 732 2456 0 599 0 0 2386 731 0 45486 42602 42155 2163 39992 447 2884
"195502" 28031 8354 2452 0 0 14080 0 10248 764 2455 0 613 0 0 2478 667 0 46749 43705 43267 1975 41292 438 3044
"195503" 28840 7486 2313 0 1136 14386 0 10550 747 2463 0 626 0 0 2686 833 0 48315 45109 44668 2177 42491 441 3206
"195504" 29667 7982 2356 0 721 14732 0 10936 676 2479 0 641 0 0 2863 1013 0 49517 46148 45697 2086 43611 451 3369
"195601" 29837 8084 2508 0 563 14965 0 11198 615 2495 0 657 0 0 2832 885 0 50927 47390 46932 2242 44690 458 3537
"195602" 30239 8700 2509 0 0 15333 0 11531 628 2503 0 671 0 0 2928 769 0 52022 48313 47853 2093 45760 460 3709
"195603" 30811 6980 2347 0 1878 15653 0 11779 685 2499 0 690 0 0 3035 918 0 53415 49533 49038 2285 46753 495 3882
"195604" 31293 7438 2400 0 1292 15947 0 11988 758 2480 0 721 0 0 3127 1089 0 54438 50381 49862 2180 47682 519 4057
"195701" 31147 7358 2584 0 1118 16059 0 12017 815 2465 0 762 0 0 3095 933 0 55743 51501 50925 2330 48595 576 4242
"195702" 31054 8347 2723 0 0 16123 0 12006 829 2474 0 814 0 0 3083 778 0 56844 52414 51836 2164 49672 578 4430
"195703" 31280 6191 2742 0 2242 16040 0 11867 788 2514 0 871 0 0 3138 927 0 58456 53836 53192 2411 50781 644 4620
"195704" 31598 6781 2783 0 1820 15912 0 11660 739 2590 0 923 0 0 3238 1064 0 59854 55039 54369 2355 52014 670 4815
"195801" 31235 6402 3433 0 1758 15662 0 11326 695 2666 0 975 0 0 3108 872 0 61567 56550 55829 2566 53263 721 5017
"195802" 31367 7585 4114 0 0 15796 0 11395 670 2705 0 1026 0 0 3178 694 0 62953 57730 56972 2450 54522 758 5223
"195803" 31805 5867 3735 0 2093 15914 0 11471 641 2723 0 1079 0 0 3345 851 0 64767 59330 58513 2748 55765 817 5437
"195804" 32214 6564 3589 0 1417 16096 0 11627 597 2737 0 1135 0 0 3499 1049 0 66326 60669 59819 2770 57049 850 5657
"195901" 32427 7667 3589 0 204 16351 0 11848 562 2745 0 1196 0 0 3569 1047 0 68155 62272 61397 3033 58364 875 5883
"195902" 32968 7849 3647 0 0 16748 0 12165 573 2747 0 1263 0 0 3686 1038 0 69701 63593 62655 2983 59672 938 6108
"195903" 33480 7507 3177 0 998 17020 0 12375 578 2738 0 1329 0 0 3748 1030 0 71906 65575 64594 3544 61050 981 6331
"195904" 34406 8258 3179 0 576 17492 0 12842 546 2714 0 1390 0 0 3875 1026 0 73244 66696 65661 3173 62488 1035 6548
"196001" 35210 8847 3348 0 154 17866 0 13200 536 2688 0 1442 0 0 3961 1034 0 75090 68321 67248 3323 63925 1073 6769
"196002" 35926 8813 3748 0 0 18292 0 13511 622 2674 0 1485 0 0 4022 1051 0 76521 69524 68353 3154 65199 1171 6997
"196003" 36612 8456 4036 0 155 18785 0 13775 793 2688 0 1529 0 0 4112 1068 0 78403 71174 69924 3548 66376 1250 7229
"196004" 37012 8223 4557 0 -176 19118 0 13739 1050 2747 0 1582 0 0 4214 1076 0 79674 72211 70971 3457 67514 1240 7463
"196101" 37189 7622 4883 0 79 19317 0 13581 1287 2806 0 1643 0 0 4211 1077 0 81419 73710 72420 3820 68600 1290 7709
"196102" 37703 7472 5266 0 0 19598 0 13946 1116 2824 0 1712 0 0 4293 1074 0 82603 74653 73250 3483 69767 1403 7950
"196103" 38402 7271 5242 0 556 19854 0 13790 1474 2807 0 1783 0 0 4413 1066 0 84652 76459 75018 3875 71143 1441 8193
"196104" 39377 8161 5465 0 -55 20134 0 14002 1520 2763 0 1849 0 0 4521 1151 0 86266 77815 76349 3693 72656 1466 8451
"196201" 39901 7977 6087 0 41 20136 0 13976 1534 2712 0 1914 0 0 4529 1131 0 88295 79588 78037 3901 74136 1551 8707
"196202" 40712 8189 6341 0 0 20495 0 14220 1617 2679 0 1979 0 0 4587 1100 0 89878 80915 79203 3735 75468 1712 8963
"196203" 41678 7841 6115 0 912 20973 0 14581 1708 2642 0 2042 0 0 4766 1071 0 91540 82316 80552 3680 76872 1764 9224
"196204" 42731 8223 6450 0 466 21697 0 15157 1867 2573 0 2100 0 0 4844 1051 0 93259 83770 81800 3682 78118 1970 9489
"196301" 43658 8097 7309 0 -1 22324 0 16107 1570 2493 0 2154 0 0 4879 1050 0 94771 85007 82976 3508 79468 2031 9764
"196302" 44401 8263 7466 0 0 22659 0 16398 1625 2434 0 2202 0 0 4950 1063 0 96817 86776 84724 3946 80778 2052 10041
"196303" 45326 7636 7458 0 1004 23051 0 16966 1450 2386 0 2249 0 0 5100 1077 0 98382 88053 85899 4005 81894 2154 10329
"196304" 46232 9153 8093 0 -745 23347 0 16314 2402 2334 0 2297 0 0 5308 1076 0 99866 89243 87040 4128 82912 2203 10623
"196401" 46646 9503 8361 0 -943 23420 0 16504 2282 2281 0 2353 0 0 5241 1064 0 101297 90376 88177 4162 84015 2199 10921
"196402" 47512 8666 8680 0 0 23678 0 16446 2576 2243 0 2413 0 0 5350 1138 0 103452 92222 89948 4695 85253 2274 11230
"196403" 48784 8649 8887 0 344 24237 0 16793 2748 2225 0 2471 0 0 5554 1113 0 105676 94132 91760 5092 86668 2372 11544
"196404" 50424 10417 9812 0 -1758 25012 0 17333 2932 2223 0 2524 0 0 5840 1101 0 107485 95624 93160 4889 88271 2464 11861
"196501" 51409 9506 10450 0 -848 25390 0 17597 2998 2221 0 2574 0 0 5903 1008 0 109367 97184 94661 4689 89972 2523 12183
"196502" 52881 9214 10573 0 0 25894 0 17987 3078 2207 0 2622 0 0 6070 1130 0 112032 99513 96858 5309 91549 2655 12519
"196503" 54621 8931 11049 0 539 26655 0 18760 3039 2189 0 2667 0 0 6291 1156 0 114495 101624 98905 5712 93193 2719 12871
"196504" 56595 9834 12186 0 -708 27504 0 19524 3100 2167 0 2713 0 0 6603 1176 0 116405 103174 100397 5507 94890 2777 13231
"196601" 57766 10148 12244 0 -265 27832 0 19835 3098 2141 0 2758 0 0 6616 1191 0 118263 104665 101842 5275 96567 2823 13598
"196602" 59111 10290 12634 0 0 28133 0 20346 2863 2119 0 2805 0 0 6750 1304 0 121024 107051 104141 6051 98090 2910 13973
"196603" 59740 9265 12761 0 1708 27815 0 20248 2607 2112 0 2848 0 0 6975 1216 0 123085 108731 105524 6236 99288 3207 14354
"196604" 60631 10323 13462 0 805 27471 0 20097 2361 2125 0 2888 0 0 7244 1326 0 124789 110037 106633 6168 100465 3404 14752
"196701" 61076 10364 15000 0 20 27244 0 20115 2074 2133 0 2922 0 0 7112 1336 0 126454 111288 107874 6067 101807 3414 15166
"196702" 61974 10406 15651 0 0 27213 0 20003 2126 2136 0 2948 0 0 7256 1448 0 129240 113659 110195 7010 103185 3464 15581
"196703" 62881 10278 15389 0 959 27441 0 20033 2306 2127 0 2975 0 0 7459 1355 0 131885 115889 112319 7826 104493 3570 15996
"196704" 64005 11124 15731 0 256 27621 0 19742 2751 2125 0 3003 0 0 7822 1451 0 133796 117372 113793 8000 105793 3579 16424
"196801" 65084 10373 16272 0 869 28291 0 19320 3842 2085 0 3044 0 0 7742 1537 0 135781 118914 115278 8074 107204 3636 16867
"196802" 66482 11184 16447 0 200 29015 0 19303 4478 2144 0 3090 0 0 8025 1611 0 138486 121158 117323 8427 108896 3835 17328
"196803" 68017 9293 17286 0 1369 30200 0 19514 5396 2149 0 3141 0 0 8388 1481 0 140994 123197 119319 8102 111217 3878 17797
"196804" 69765 10389 18880 0 -1273 31449 0 19926 6157 2171 0 3195 0 0 8769 1551 0 144403 126125 122132 8143 113989 3993 18278
"196901" 71537 10030 18224 0 -160 33076 0 20432 7206 2195 0 3243 0 0 8842 1525 0 148703 129933 125803 9006 116797 4130 18770
"196902" 73165 10432 16547 0 1300 34118 0 20956 7608 2252 0 3302 0 0 9173 1595 0 152822 133548 129343 10082 119261 4205 19274
"196903" 74247 9971 13361 0 4858 35045 0 21751 7607 2255 0 3432 0 0 9543 1469 0 156105 136325 132054 10721 121333 4271 19780
"196904" 75847 12336 13050 0 2599 36403 0 23007 7508 2236 0 3652 0 0 10008 1451 0 158542 138257 133518 10909 122609 4739 20285
"197001" 76841 11293 14796 0 2010 37304 0 23963 7055 2208 0 4078 0 0 9991 1447 0 161158 140356 135658 11218 124440 4698 20802
"197002" 77989 11834 16939 0 0 37480 0 24366 6633 2294 0 4187 0 0 10184 1552 0 164898 143570 138998 12155 126843 4572 21328
"197003" 78997 9706 19729 0 1073 36675 0 23868 6158 2296 0 4353 0 0 10351 1463 0 168232 146348 141582 12261 129321 4766 21884
"197004" 80061 11290 23012 0 -1416 35069 0 22940 5176 2384 0 4569 0 0 10630 1476 0 172768 150317 145501 13252 132249 4816 22451
"197101" 81128 11521 25946 0 -1819 33281 0 22010 4033 2363 0 4875 0 0 10701 1498 0 177683 154655 149746 14386 135360 4909 23028
"197102" 83349 11873 26041 0 0 32553 0 21890 3301 2331 0 5031 0 0 10839 2043 0 182426 158807 153966 15210 138756 4841 23619
"197103" 85973 11180 26752 0 1901 32641 0 21848 3150 2285 0 5358 0 0 11062 2437 0 187177 162965 157875 15820 142055 5090 24212
"197104" 89230 12114 30236 0 -863 33371 0 22587 3004 2132 0 5648 0 0 11559 2813 0 191570 166747 161566 15735 145831 5181 24823
"197201" 92484 11412 31781 0 -63 34501 0 23279 3235 2004 0 5983 0 0 11582 3271 0 196572 171129 165681 16206 149475 5448 25443
"197202" 96402 11839 33077 0 0 35891 0 23584 4197 1724 0 6386 0 0 11785 3810 0 200268 174210 169065 15722 153343 5145 26058
"197203" 100823 11192 33335 0 2314 37645 0 24150 4885 1937 0 6673 0 0 12291 4046 0 204431 177747 172476 15926 156550 5271 26684
"197204" 106273 12663 36970 0 -952 40089 0 24896 6325 1833 0 7035 0 0 13013 4490 0 208044 180710 175184 15787 159397 5526 27334
"197301" 111387 11255 39845 0 -346 42486 0 25424 7691 2058 0 7313 0 0 13297 4850 0 212041 184043 179246 16164 163082 4797 27998
"197302" 116956 12263 40305 0 0 44907 0 25889 9409 2053 0 7556 0 0 14058 5423 0 215520 186850 182295 15879 166416 4555 28670
"197303" 122239 10715 42077 0 1706 47311 0 26152 11195 1962 0 8002 0 0 14726 5704 0 220085 190725 185754 16180 169574 4971 29360
"197304" 128501 12673 43585 0 497 49820 0 26065 12958 2062 0 8735 0 0 15840 6086 0 224860 194779 189863 16102 173761 4916 30081
"197401" 133389 11112 45074 0 2748 51927 0 26102 14593 2044 0 9188 0 0 16116 6412 0 229602 198757 193783 16055 177728 4974 30845
"197402" 137819 13485 46528 0 0 53743 0 25809 15834 2448 0 9652 0 0 16846 7217 0 234226 202564 197783 16663 181120 4781 31662
"197403" 140880 11019 46098 0 3331 55300 0 26258 16412 2535 0 10095 0 0 17457 7675 0 239061 206553 201380 18296 183084 5173 32508
"197404" 138037 12896 48544 0 -1259 56358 0 26523 16044 2586 0 11205 0 0 13802 7696 0 241588 208213 202621 18811 183810 5592 33375
"197501" 138420 11613 46854 0 953 57634 0 26991 16327 2562 0 11754 0 0 13581 7785 0 244046 209744 204056 19042 185014 5688 34302
"197502" 140404 12631 46531 0 0 59014 0 26734 17610 2468 0 12202 0 0 13772 8456 0 247887 212670 206992 19786 187206 5678 35217
"197503" 143826 11177 45876 0 1946 61388 0 27183 18506 3199 0 12500 0 0 14447 8992 0 250648 214487 208694 18071 190623 5793 36161
"197504" 146377 13351 46942 0 -2080 63770 0 27783 18206 4969 0 12812 0 0 15191 9203 0 256506 219359 213578 18552 195026 5781 37147
"197601" 150976 10671 48381 0 -1515 68882 0 31610 18389 6131 0 12752 0 0 15055 9502 0 262178 224015 216975 17019 199956 7040 38163
"197602" 155452 12051 45411 0 0 72027 0 33077 18729 7000 0 13221 0 0 15648 10315 0 270622 231469 225736 18777 206959 5733 39153
"197603" 161238 11260 46481 0 572 76236 0 35536 19745 7348 0 13607 0 0 16158 10531 0 275743 235612 228642 17801 210841 6970 40131
"197604" 169248 12400 49064 0 -1875 82006 0 40244 20359 7341 0 14062 0 0 16917 10736 0 278938 237830 230013 14485 215528 7817 41108
"197701" 178542 10960 51802 0 -1354 88877 0 43626 23950 7084 0 14217 0 0 17252 11005 0 281243 239122 230963 11159 219804 8159 42121
"197702" 188198 12384 50471 0 0 95546 0 49779 24830 6941 0 13996 0 0 17845 11952 0 289753 246590 240472 13385 227087 6118 43163
"197703" 199173 11306 52759 0 715 103922 0 55880 26402 7357 0 14283 0 0 18278 12193 0 296341 252133 244799 13033 231766 7334 44208
"197704" 209365 13460 55766 0 -1970 110601 0 61359 26705 7920 0 14617 0 0 19261 12247 0 301429 256165 248143 11570 236573 8022 45264
"197801" 221875 11131 59578 0 -1382 120922 0 68774 28415 8559 0 15174 0 0 19667 11959 0 310464 264139 255832 9887 245945 8307 46325
"197802" 235453 12571 58731 0 0 130745 0 73601 33040 8346 0 15758 0 0 20539 12867 0 322319 274834 268370 11430 256940 6464 47485
"197803" 247139 11481 61164 0 479 139702 0 80665 34581 8168 0 16288 0 0 21163 13150 0 333531 284847 278386 11898 266488 6461 48684
"197804" 262347 13427 62912 0 2158 147526 0 83677 39495 7238 0 17116 0 0 22572 13752 0 345521 295601 289135 12154 276981 6466 49920
"197901" 274742 10967 65474 0 3783 157178 0 89510 42995 6457 0 18216 0 0 23021 14319 0 352975 301844 295363 10970 284393 6481 51131
"197902" 283306 12066 62093 0 8000 161791 0 89331 46504 6381 0 19575 0 0 24027 15329 0 361952 309535 302887 11801 291086 6648 52417
"197903" 293116 11217 62232 0 10528 168003 0 90086 50211 6437 0 21269 0 0 25158 15978 0 370892 317129 310578 13424 297154 6551 53763
"197904" 303906 13045 60793 0 11781 175178 0 85458 59357 6788 0 23575 0 0 26463 16646 0 377379 322216 315554 13131 302423 6662 55163
"198001" 308777 10681 62596 0 14013 176401 0 82033 61731 7036 0 25601 0 0 26878 18208 0 382710 326092 319378 11846 307532 6714 56618
"198002" 312180 11979 58925 0 17500 178285 0 82482 60336 7354 0 28113 0 0 26900 18591 0 390578 332508 325729 13147 312582 6779 58070
"198003" 321547 11013 57595 0 20253 185738 0 87989 59467 7409 0 30873 0 0 27613 19335 0 398956 339435 332297 14621 317676 7138 59521
"198004" 330511 12438 58826 0 16997 193404 0 93318 59721 7008 0 33357 0 0 29217 19629 0 405438 344434 336848 14868 321980 7586 61004
"198101" 337724 9573 60356 0 17135 200641 0 97649 60564 6874 0 35554 0 0 30482 19537 0 412055 349480 341667 15122 326545 7813 62575
"198102" 345765 10806 57854 0 16301 210676 0 103543 62628 6712 0 37793 0 0 31017 19111 0 419451 355332 346762 15562 331200 8570 64119
"198103" 354216 9412 57983 0 17315 219653 0 106928 66253 6925 0 39547 0 0 31069 18784 0 430297 364627 356158 17057 339101 8469 65670
"198104" 360591 10964 61065 0 13661 225580 0 108317 69085 7139 0 41039 0 0 31551 17770 0 439322 372054 363230 16006 347224 8824 67268
"198201" 367077 8846 65520 0 11896 232219 0 116685 65763 7598 0 42173 0 0 31190 17406 0 448979 380108 371040 15228 355812 9068 68871
"198202" 377275 10008 63508 0 13450 240543 0 125498 64250 7601 0 43194 0 0 31687 18079 0 463142 392635 383029 19038 363991 9606 70507
"198203" 384377 8678 65194 0 14701 244919 0 122790 69922 7605 0 44602 0 0 32091 18794 0 475405 403231 393578 22112 371466 9653 72174
"198204" 392683 9409 64893 0 16086 250110 0 126269 70180 7383 0 46278 0 0 32899 19286 0 487657 413774 403983 22737 381246 9791 73883
"198301" 400207 7424 64565 0 18517 258324 0 132181 70582 7551 125 47885 0 0 32231 19097 49 497319 421714 411681 19704 391977 10033 75605
"198302" 415598 9317 60535 0 23422 268569 0 140253 71057 7254 250 49755 0 0 32688 20894 173 515731 438394 428044 21554 406490 10350 77337
"198303" 425255 7234 59605 0 30795 272847 0 142847 70347 7506 500 51647 0 0 32866 21846 62 529120 449996 439293 21548 417745 10703 79124
"198304" 438950 8729 58633 0 32665 282399 0 149226 70054 7955 1000 54164 0 0 34398 22057 69 542034 461109 450209 21256 428953 10900 80925
"198401" 452753 10543 56089 0 36581 291969 0 153515 71639 8454 1781 56580 0 0 35090 22254 227 554327 471540 460827 18502 442325 10713 82787
"198402" 470924 12940 55083 0 40000 302273 0 159585 71707 8743 2875 59363 0 0 36415 23206 1007 572708 488008 477008 18960 458048 11000 84700
"198403" 489263 10669 57024 0 48267 311825 0 161924 75416 8682 4031 61772 0 0 36765 22915 1798 591671 504998 493057 18439 474618 11941 86673
"198404" 506732 13760 58862 0 53122 318981 0 165994 74572 9016 5000 64399 0 0 37508 23052 1447 602320 513634 494993 17600 477393 18641 88686
"198501" 537014 10987 62869 0 58548 342064 0 176228 84887 8650 5844 66455 0 0 37683 23757 1106 628000 537245 516139 14750 501389 21106 90755
"198502" 569779 14109 60563 0 67216 362879 0 190544 88968 8151 6625 68591 0 0 38424 25056 1532 656532 563616 539249 14983 524266 24367 92916
"198503" 592461 12860 62559 0 73614 375500 0 196949 90871 9145 7344 71191 0 0 38725 26593 2610 684376 589238 563703 19920 543783 25535 95138
"198504" 686177 14831 65888 0 74128 455565 0 258670 105083 9605 8000 74207 0 0 41283 27022 7460 775352 677931 651111 20528 630583 26820 97421
"198601" 692035 12639 67418 0 74379 463389 0 263205 102965 9822 8578 78819 0 0 39252 27152 7806 779894 680083 653141 19139 634002 26942 99811
"198602" 725301 18099 65426 0 75637 489208 0 292695 95669 10086 9062 81696 0 0 39528 28358 9045 813364 711122 684072 23362 660710 27050 102242
"198603" 740216 14470 66614 0 81473 498421 0 292579 102273 10312 9515 83742 86 0 40386 28944 9822 831831 727112 700113 20400 679713 26999 104719
"198604" 771652 17282 68239 0 78977 525810 0 315727 103663 10415 10000 86005 219 0 42216 29770 9139 859326 752130 724873 20402 704471 27257 107196
"198701" 796980 12712 73519 0 81673 547992 0 344782 92814 10444 10516 89436 367 0 42807 28860 9050 890135 780422 753356 18678 734678 27066 109713
"198702" 814014 15650 73491 0 85191 556655 0 348605 94242 10446 11063 92299 500 0 43037 30085 9405 908237 795998 770823 12717 758106 25175 112239
"198703" 830398 13190 72961 0 90656 568156 86 352819 100018 10381 11579 93273 609 0 43964 30649 10213 935746 820948 795600 16238 779362 25348 114798
"198704" 856379 16548 75339 0 90908 583643 219 357626 108896 10205 12000 94697 687 0 45983 30252 13019 959958 842576 817678 19574 798104 24898 117382
"198801" 860919 18981 78302 0 88141 591317 367 367029 105533 10039 12313 96036 796 0 46643 30455 6284 971026 851013 826823 18145 808678 24190 120013
"198802" 870788 23229 73820 0 92201 594042 500 363439 110888 10000 12501 96714 1000 0 47514 32009 6973 984067 861342 838042 16253 821789 23300 122725
"198803" 879288 22227 74581 0 92776 600816 609 355855 124609 10086 12689 96968 1297 55 47804 33194 6538 1002131 876662 861662 19952 841710 15000 125469
"198804" 900347 24882 73365 0 89894 618591 687 364256 131713 10288 13000 98647 1688 94 50757 33887 7189 1021262 892989 883989 21536 862453 9000 128273
"198901" 913383 20594 75277 0 97872 624413 796 355914 143527 10514 13438 100224 2110 211 51488 34403 7015 1033073 901944 892568 20333 872235 9376 131129
"198902" 934416 23257 72775 0 100237 639286 1000 358584 152932 10673 14001 102096 2500 500 52449 35848 7564 1043439 909380 899977 18847 881130 9403 134059
"198903" 950265 22385 70752 0 103620 651386 1266 359807 161595 10771 14564 103383 2875 945 52866 37207 8229 1063166 926145 917344 24085 893259 8801 137021
"198904" 970879 25237 70585 0 106040 664056 1563 369087 162629 10816 15000 104961 3250 1531 54242 37368 8570 1080433 940363 931593 24843 906750 8770 140070
"199001" 992965 21772 71512 0 106401 687430 1954 401112 151991 10871 15313 106189 3625 2226 53795 37760 8444 1101915 958689 949669 23433 926236 9020 143226
"199002" 1004827 23595 69140 0 109562 693383 2500 404999 151960 11000 15501 107423 4000 3000 54533 38212 9402 1116368 969980 960810 21854 938956 9170 146388
"199003" 1008740 22355 68080 0 109957 697753 3180 407261 151795 11229 15689 108599 4375 3867 55975 38421 7957 1129972 980361 970791 27903 942888 9570 149611
"199004" 1019831 23960 67545 0 111771 703355 3969 410555 151033 11583 16000 110215 4750 4844 56691 37076 9839 1140386 987420 977772 27788 949984 9648 152966
"199101" 1021895 21757 62777 0 109672 713316 4899 415619 152905 11896 16422 111575 5125 5899 55161 37285 10903 1157321 1001003 991423 28012 963411 9580 156318
"199102" 1036409 25506 60660 0 114641 717699 6000 416835 153813 12000 16938 112113 5500 7000 56201 37586 11616 1178599 1018907 1009504 27857 981647 9403 159692
"199103" 1060580 27287 60664 0 115611 737433 7336 430235 157515 11907 17485 112955 5875 8156 57271 37879 10404 1210889 1047760 1037959 34805 1003154 9801 163129
"199104" 1082934 30432 56467 0 118442 750582 8969 435538 162725 11627 18000 113723 6250 9375 59091 36971 15324 1245219 1078595 1068584 34659 1033925 10011 166624
"199201" 1088103 28216 57855 0 115788 762240 10617 460017 148155 11284 18453 113714 6625 10656 58386 38209 10128 1250779 1080582 1070532 29685 1040847 10050 170197
"199202" 1091928 29717 52180 0 122350 758397 12000 435563 166627 11000 19312 113895 7000 12000 59795 39227 11262 1263956 1090174 1080174 26923 1053251 10000 173782
"199203" 1092660 29133 53207 0 122183 759646 13156 429310 172507 10751 20165 113757 7375 13406 60597 39363 7750 1281096 1103719 1093769 38379 1055390 9950 177377
"199204" 1091006 31610 50319 0 123050 752283 14125 418175 174902 10502 20900 113679 7750 14875 62201 38940 9978 1276090 1095095 1085225 33586 1051639 9870 180995
"199301" 1094002 30655 53274 293 125826 756606 15031 433959 161570 10253 22116 113677 8125 16406 61958 38894 1965 1297301 1112632 1102882 34103 1068779 9750 184669
"199302" 1100880 32977 48363 585 124170 767879 16000 441228 166402 10000 23613 110636 8500 18000 62638 39529 -1761 1326601 1138174 1128561 33848 1094713 9613 188427
"199303" 1103578 33732 49002 1170 125838 775721 16966 433979 180476 9746 25104 109450 8879 19649 63516 39468 -13397 1345280 1153067 1143629 37630 1105999 9438 192213
"199304" 1111593 33561 48790 1755 133746 784914 17864 447775 175007 9483 26500 108285 9267 21347 65802 39126 -26715 1349086 1153040 1143882 35378 1108504 9158 196046
"199401" 1108170 34644 52162 2340 128424 775263 18830 443409 168135 9229 27850 107810 9646 23121 65516 37646 -20592 1349907 1149992 1140838 37493 1103345 9154 199915
"199402" 1112752 35404 49715 3511 125790 763926 20000 425212 172648 9000 29200 107866 10000 25000 67321 36999 -4914 1341180 1137325 1128085 30781 1097304 9240 203855
"199403" 1115869 31737 53920 4681 118353 752068 21458 398154 183963 8796 30550 109147 10320 27107 68439 36075 13169 1333243 1125325 1115642 34360 1081282 9683 207918
"199404" 1118412 35349 55319 5851 118640 729914 22288 370011 186600 8608 31900 110507 10598 29100 71244 34029 28368 1319538 1107497 1097943 33200 1064743 9554 212041
"199501" 1117110 34136 60245 6635 109780 734161 24019 350471 205900 8442 33542 111787 10921 31354 71266 31667 26945 1309042 1092793 1083130 36797 1046333 9663 216249
"199502" 1119781 37243 58001 8802 101100 697073 26180 313657 200300 8300 35730 112906 11427 33450 72562 31502 68621 1304611 1084057 1074431 32680 1041751 9626 220554
"199503" 1122167 35652 58492 9277 105767 668922 34914 304289 172200 7192 37293 113034 20033 34385 74635 29859 85145 1283668 1058797 1048582 32618 1015964 10215 224871
"199504" 1121712 38704 61959 10672 115685 638560 39366 289791 151500 5115 38979 113809 26415 35000 77310 27930 89477 1275963 1046732 1037040 34430 1002610 9692 229231
"199601" 1121458 34018 66592 11230 135600 637066 41773 283605 150600 4057 42719 114312 30662 35763 77378 27333 65816 1275737 1042115 1032290 35865 996425 9825 233622
"199602" 1132878 34291 67411 11156 143807 648641 50436 283255 149423 4793 45872 114862 36489 39108 79590 27496 44889 1282001 1043896 1033512 34210 999302 10384 238105
"199603" 1141140 31148 70800 11329 144188 624387 54114 263745 137807 4560 48229 115932 41000 40493 79785 27198 70812 1267556 1024878 1014241 37548 976693 10637 242678
"199604" 1162599 33157 72558 12037 147806 604832 59682 256993 116211 4639 49680 117627 46898 41034 82902 26101 95274 1273594 1026189 1021340 40682 980658 4849 247405
"199701" 1183630 32689 73058 13112 151689 592400 65371 248126 108916 4430 47269 118288 49554 40546 82877 25913 121792 1286627 1034366 1024126 41691 982435 10240 252261
"199702" 1220685 31800 74490 13716 149431 605625 67053 243332 121578 4540 49753 119369 60139 38824 84326 26485 135849 1304020 1046893 1036877 39296 997581 10016 257127
"199703" 1252565 34134 76885 14757 152625 590968 71236 235205 110234 4000 50000 120293 70395 35883 86328 27017 163573 1317642 1055630 1045093 44566 1000527 10537 262012
"199704" 1286937 37542 78361 15629 151373 604961 74000 239318 115436 3900 51000 121307 78426 33636 89245 26873 170891 1343894 1076946 1066957 48996 1017961 9989 266948
"199801" 1344317 32622 84756 16491 160000 605972 79269 238140 110226 3500 52500 122337 87576 30500 90449 27570 208381 1368668 1096757 1086783 49897 1036886 9974 271911
"199802" 1388337 34300 85820 18936 154000 651602 77849 258470 132500 3000 56434 123349 93943 32921 90879 28563 197373 1397993 1120962 1110880 44448 1066432 10082 277031
"199803" 1412784 32171 87833 20680 152079 677543 80743 271846 140508 3040 58302 123104 84353 26420 91882 28795 211028 1407567 1125239 1114893 40797 1074096 10346 282328
"199804" 1474807 33640 93175 46682 155552 714641 86795 280757 154103 3194 62434 127358 98549 34137 96255 28132 174044 1431470 1143753 1133636 42728 1090908 10117 287717
"199901" 1507187 32736 96512 47759 155072 740831 90942 288434 164525 3272 65180 128478 98553 33976 98344 28518 174886 1456018 1162785 1152668 43649 1109019 10117 293233
"199902" 1535842 32451 99354 48597 153653 767589 94720 298601 174399 3333 67653 128883 97972 33606 99936 30256 172428 1474118 1175256 1165057 41503 1123554 10199 298862
"199903" 1554889 32559 102287 49437 152094 785117 98575 299230 184518 3395 70172 129227 97313 33204 101526 32705 168647 1481340 1176730 1166567 42974 1123593 10163 304610
"199904" 1601111 37551 107156 51169 153061 816538 104326 304521 198338 3519 74029 131805 98289 33350 104942 33474 165581 1491548 1181009 1172521 45291 1127230 8488 310539
"200001" 1623045 32531 110425 52088 151373 836755 108539 306266 209390 3587 76783 132190 97579 32914 106684 35537 167159 1501005 1184349 1175824 46952 1128872 8525 316656
"200002" 1635359 32042 112633 52581 148326 854124 111927 309254 218932 3625 78947 131439 96002 32180 107549 39047 160875 1514113 1191301 1182717 45705 1137012 8584 322812
"200003" 1652814 30464 115671 53455 146236 871305 116187 307862 230255 3690 81721 131590 95056 31653 109189 42922 156863 1514562 1185474 1176656 43774 1132882 8818 329088
"200004" 1661903 37700 117766 53860 142753 887283 119484 309989 239741 3723 83811 130535 93214 30821 109867 45559 143080 1533403 1197892 1189025 46648 1142377 8867 335511
"200101" 1680986 35326 120347 54474 139738 910484 123292 316915 250304 3770 86255 129948 91687 30090 110969 49129 138742 1567329 1225220 1216279 52839 1163440 8941 342109
"200102" 1719798 34148 124498 55842 138489 943219 128896 324800 264619 3870 89948 131086 91334 29736 113602 50837 138093 1608360 1259436 1250465 55118 1195347 8971 348924
"200103" 1712744 33269 125659 55839 133722 949487 131395 321165 272631 3875 91469 128952 88674 28624 113441 51362 132667 1620905 1265315 1256423 65514 1190909 8892 355590
"200104" 1748225 41679 129812 57107 131894 981201 136944 328438 287035 3968 95108 129708 87973 28139 115862 50114 124444 1665831 1303401 1294434 70496 1223938 8967 362430
"200201" 1751586 40255 131930 57413 127707 994111 140253 327641 296823 3994 97186 128214 85713 27148 116322 49545 121442 1694846 1325442 1316205 71605 1244600 9237 369404
"200202" 1760734 43970 133631 57678 123382 1013469 143491 333649 306487 4018 99212 126612 83367 26128 116701 51583 110825 1752020 1375576 1366254 76729 1289525 9322 376444
"200203" 1761788 42580 134830 57661 118432 1028455 146037 338576 314684 4022 100758 124378 80600 24974 116507 55971 101778 1782509 1398958 1389463 85135 1304328 9495 383551
"200204" 1799881 46843 138661 58694 115552 1067362 151289 354673 328761 4099 104168 124372 79254 24254 118433 59539 91289 1838680 1447951 1438353 95717 1342636 9598 390729
"200301" 1794255 43833 145801 58656 115478 1062205 151192 349974 328550 4096 104101 124292 79203 24239 118357 63737 82746 1872808 1474818 1465168 97398 1367770 9650 397990
"200302" 1836745 45000 146660 60468 119044 1082084 155861 347857 338697 4223 107316 128130 81649 24987 122012 68970 85871 1934794 1529639 1520016 97180 1422836 9623 405155
"200303" 1860552 45593 150763 61036 120163 1098802 157326 357675 341879 4263 108324 129335 82416 25222 123159 71266 82132 1950979 1538555 1528846 99902 1428944 9709 412424
"200304" 1908204 53815 158973 62705 123450 1125619 161629 364220 351231 4379 111287 132873 84670 25912 126527 73569 72964 1988180 1568486 1558810 106092 1452718 9676 419694
"200401" 1942315 52975 167554 63689 125386 1147454 164164 374113 356740 4448 113033 134956 85998 26318 128512 78885 65544 2033745 1606683 1596938 110266 1486672 9745 427062
"200402" 1959225 49151 162187 64087 126169 1159402 165188 381236 358966 4476 113738 135798 86535 26483 129314 85362 70535 2069155 1634590 1624786 92450 1532336 9804 434565
"200403" 1986095 42647 166847 65161 128283 1172868 167957 381659 364982 4551 115644 138075 87985 26927 131481 92137 71759 2094844 1652693 1642834 98610 1544224 9859 442151
"200404" 2029504 46976 170564 66620 131156 1198064 171719 389133 373157 4653 118235 141167 89956 27530 134426 99637 64575 2132425 1682557 1672563 100171 1572392 9994 449868
"200501" 2084886 56834 169192 67941 133757 1236960 175123 411993 380555 4745 120579 143965 91740 28075 137091 109078 54218 2189525 1731877 1721804 101948 1619856 10073 457648
"200502" 2147295 58099 168955 69177 136190 1283944 178310 443963 387480 4832 122773 146586 93409 28586 139586 120194 49155 2240185 1774619 1764432 91438 1672994 10187 465566
"200503" 2207475 47048 174665 70661 139112 1325598 182136 467593 395795 4936 125408 149730 95413 29200 142581 129899 53298 2286823 1813154 1802726 95720 1707006 10428 473669
"200504" 2246868 56475 183334 71699 141155 1352043 184810 481441 401606 5008 127249 151929 96814 29628 144675 141037 30008 2336538 1854523 1843903 105910 1737993 10620 482015
"200601" 2290049 56287 186375 73264 144237 1375689 188845 486079 410374 5117 130027 155247 98927 30275 147833 152291 24871 2370783 1880407 1869713 106929 1762784 10694 490376
"200602" 2347547 55993 188906 75058 147768 1410799 193468 499410 420421 5243 133210 159047 101350 31017 151453 165198 20005 2421307 1922320 1911398 98949 1812449 10922 498987
"200603" 2392261 55116 197484 76765 151129 1434206 197869 502085 429984 5362 136241 162665 103655 31722 154898 177914 9372 2454550 1946863 1935796 98454 1837342 11067 507687
"200604" 2460718 61888 209559 78536 154615 1470568 202433 516947 439902 5486 139383 166417 106046 32454 158470 189046 -464 2524648 2008211 1996996 102794 1894202 11215 516437
"200701" 2515697 54981 214234 79629 156768 1501896 205252 534997 446027 5562 141324 168734 107522 32906 160677 200797 6287 2591166 2065720 2054293 105588 1948705 11427 525446
"200702" 2679499 48479 215694 84767 166882 1550083 200494 580304 444803 5921 145441 173120 114459 35029 171043 215127 77936 2660395 2125739 2114136 102951 2011185 11603 534656
"200703" 2603673 45410 228285 82246 161919 1527218 201996 538549 460683 5745 145967 174278 111555 33987 165957 227850 19246 2693988 2150030 2138274 105273 2033001 11756 543958
"200704" 2619654 57107 245948 82932 163270 1524635 193765 537632 464527 5793 147185 175733 112982 34270 167341 237530 -6361 2752726 2199254 2187373 120097 2067276 11881 553472
"200801" 2614944 51936 247085 83010 163424 1503950 178966 531000 464964 5798 147324 175898 112087 34303 167499 248014 3636 2788322 2225134 2213143 121443 2091700 11991 563188
"200802" 2603872 51857 242854 83012 163429 1482847 168972 519868 464978 5798 147328 175903 114591 34304 167504 259775 3699 2813209 2240021 2227826 115042 2112784 12195 573188
"200803" 2575024 51599 246539 82517 162454 1445179 152696 503211 462204 5764 146449 174855 108922 34099 166505 268973 8237 2827034 2243689 2231219 122456 2108763 12470 583345
"200804" 2508646 65634 265065 80540 158562 1383474 127600 485511 451131 5626 142941 170665 86253 33282 162516 269827 3493 2843825 2250793 2238077 132637 2105440 12716 593032
"200901" 2504046 60628 278191 80705 158886 1396818 108025 516856 452053 5637 143233 171014 61475 33350 162848 274452 -3307 2882837 2280291 2267425 133278 2134147 12866 602546
"200902" 2534967 85287 267391 82062 161556 1370810 86521 514378 444651 5732 145640 173888 78307 33911 165585 276765 13293 2922074 2309931 2296871 122261 2174610 13060 612143
"200903" 2571318 71279 273008 83945 165264 1358658 81376 504356 440200 5864 148983 177879 100850 34689 169385 285979 28261 2948287 2326512 2313271 135323 2177948 13241 621775
"200904" 2600734 85005 275910 85077 167494 1353941 74295 505889 436543 5943 150993 180278 122379 35157 171670 280938 23163 2993486 2362074 2348538 135450 2213088 13536 631412
"201001" 2645226 81276 281947 86865 171013 1361124 68902 506369 441555 6067 154165 184066 117292 35896 175277 281841 52695 3034238 2393167 2379491 134638 2244853 13676 641071
"201002" 2619605 81707 265116 86112 169530 1342406 56960 511796 432336 6015 152828 182471 108775 30584 173757 286918 74700 3039238 2388445 2374674 119309 2255365 13771 650793
"201003" 2671955 81779 268089 88362 173961 1351663 52762 508724 439943 6172 156823 187239 111814 31514 178299 295520 90954 3062865 2402233 2388335 129269 2259066 13898 660632
