"DATES" "FL894104005.Q" "FL384104005.Q" "FL154104005.Q" "FL104104005.Q" "FL114104005.Q" "FL134104005.Q" "FL214104005.Q" "FL314104005.Q" "FL264104005.Q" "FL794104005.Q" "FL764104005.Q" "FL724104005.Q" "FL753169600.Q" "FL734104005.Q" "FL444104005.Q" "FL473169333.Q" "FL543169333.Q" "FL404104005.Q" "FL413065005.Q" "FL674190005.Q" "FL614104005.Q" "FL644104005.Q" "FL664104005.Q" "FL504104005.Q" "FL894104005.Q" "FL384004005.Q" "FL154004005.Q" "FL104004005.Q" "FL114004005.Q" "FL214004005.Q" "FL314004005.Q" "FL264004005.Q" "FL794004005.Q" "FL714004005.Q" "FL764004005.Q" "FL724004005.Q" "FL754004005.Q" "FL734004005.Q" "FL744004005.Q" "FL444004005.Q" "FL474004005.Q" "FL514004005.Q" "FL544004005.Q" "FL574004005.Q" "FL224004005.Q" "FL344004005.Q" "FL634004005.Q" "FL654004005.Q" "FL554004005.Q" "FL564004005.Q" "FL404004005.Q" "FL413065005.Q" "FL674004005.Q" "FL614004005.Q" "FL644004005.Q" "FL664004005.Q" "FL504004005.Q"
"195201" 452386 428170 82425 79610 14511 11189 25787 214649 14879 9337 463 370 93 0 659 0 0 1941 45 0 6229 0 0 0 452386 154571 99584 24714 2098 10461 17714 4797 293018 22246 132794 130896 1440 0 458 40462 837 8049 62708 6297 5685 0 0 501 453 0 3392 45 0 8599 0 874 76
"195202" 461312 436397 86525 80594 14953 11907 28324 214094 15044 9871 420 336 84 0 724 0 0 2038 47 0 6642 0 0 0 461312 157344 101852 24037 2284 11163 18008 4907 299061 22526 134250 132259 1525 0 466 41644 926 8184 63490 6547 5871 0 0 510 469 0 3440 47 0 9393 0 1699 65
"195203" 471623 446201 89475 82339 15552 11870 29675 217290 15119 10303 459 367 92 0 793 0 0 2128 50 0 6873 0 0 0 471623 160561 103904 24539 2349 11340 18429 5305 305757 23264 136787 135041 1271 0 475 43047 999 8480 64826 6832 6220 0 0 516 485 0 3486 50 0 9871 0 834 60
"195204" 484881 458681 93875 84907 16077 11609 30795 221418 15140 11060 497 398 99 0 953 0 0 2102 53 0 7455 0 0 0 484881 163774 104619 26014 2670 11658 18813 5136 315971 24068 141401 139454 1467 0 480 44099 1055 8733 65938 7176 6428 0 0 539 500 0 3647 53 0 10782 0 1486 66
"195301" 487071 460719 95976 86305 16076 11788 32134 218440 15309 11043 460 368 92 0 679 0 0 1996 55 0 7853 0 0 0 487071 165066 105569 25928 2449 11908 19212 5257 316748 23291 139464 137630 1351 0 483 45483 1122 9031 67190 7534 6713 0 0 542 515 0 3530 55 0 11294 0 914 70
"195302" 494643 467472 100229 87172 16478 12253 33218 218122 15483 11688 432 346 86 0 789 0 0 2010 56 0 8401 0 0 0 494643 168635 109353 24661 2560 12078 19983 5488 320520 24159 137942 136104 1353 0 485 47129 1227 9256 68314 7887 7095 0 0 520 530 0 3577 56 0 11947 0 821 60
"195303" 508018 479573 102867 88098 16893 12372 34637 224706 15892 12553 520 416 104 0 875 0 0 2127 58 0 8973 0 0 0 508018 171874 109987 26419 2552 12281 20635 5787 330357 24638 142824 141079 1260 0 485 48543 1317 9563 69332 8210 7466 0 0 524 545 0 3675 58 0 12464 0 1140 58
"195304" 516899 487975 106083 89057 17102 11509 35786 228438 16268 12656 579 463 116 0 1034 0 0 2099 60 0 8884 0 0 0 516899 173841 109581 28037 2798 12643 20782 5810 337248 25334 145228 143272 1472 0 484 49547 1372 9873 70638 8493 7702 0 0 547 560 0 3708 60 0 12500 0 1608 78
"195401" 515024 486569 105807 89969 17066 12010 37186 224532 16400 12055 586 469 117 0 700 0 0 1871 61 0 8837 0 0 0 515024 172194 110305 25836 2489 12847 20717 6055 336775 24248 142868 140980 1401 0 487 50804 1401 10068 71886 8781 8100 0 0 595 575 0 3766 61 0 12329 0 1219 74
"195402" 520464 491921 109988 89931 17649 12548 38343 223462 16265 12278 595 476 119 0 755 0 0 1967 62 0 8899 0 0 0 520464 169827 110058 23310 2562 13013 20884 5920 344717 24753 145700 143821 1385 0 494 52425 1491 10294 72977 9083 8522 0 0 608 589 0 3884 62 0 12523 0 1738 68
"195403" 528225 499792 112571 90922 18329 12856 39829 225285 16268 12165 615 492 123 0 773 0 0 2092 70 0 8615 0 0 0 528225 170255 109426 24725 2512 13267 20325 6268 351702 24052 149527 147723 1303 0 501 53971 1567 10560 74066 9427 8839 0 0 648 603 0 3966 70 0 12709 0 1626 71
"195404" 542025 513190 117401 92648 18922 12281 41102 230836 16554 12281 882 706 176 0 962 0 0 2064 78 0 8295 0 0 0 542025 173013 109490 26732 2799 13497 20495 6430 362582 25022 154921 152816 1602 0 503 55545 1610 10828 75397 9827 9161 0 0 671 620 0 4024 78 0 13166 0 1635 77
"195501" 544096 515094 120337 93510 19190 12723 42602 226733 16386 12616 815 652 163 0 776 0 0 2045 86 0 8894 0 0 0 544096 175251 112015 26225 2501 13765 20745 6429 362416 23599 152013 150022 1482 0 509 57517 1664 10908 76817 10219 9454 0 0 677 638 0 4125 86 0 13455 0 1150 94
"195502" 554500 524521 127160 95273 20018 13634 43705 224731 16452 13527 662 530 132 0 1115 0 0 2361 95 0 9294 0 0 0 554500 177783 113906 26182 2619 14080 20996 6411 370306 23477 154019 151964 1540 0 515 59588 1792 11055 77910 10600 9742 0 0 728 659 0 4475 95 0 14893 0 1182 91
"195503" 566623 535584 132660 96687 20943 13909 45109 226277 16448 14591 678 542 136 0 1416 0 0 2618 105 0 9774 0 0 0 566623 182462 116214 28161 2613 14386 21088 6611 377550 23435 155616 153662 1433 0 521 61783 1913 11351 79200 10924 10089 0 0 795 680 0 4586 105 0 15902 0 1067 104
"195504" 582326 550481 137951 101175 21455 13723 46148 230029 16579 15266 648 518 130 0 1564 0 0 3071 116 0 9867 0 0 0 582326 188117 117619 31752 2905 14732 21109 6676 387533 24417 159191 157076 1588 0 527 63225 1987 11529 80476 11165 10457 0 0 820 700 0 5000 116 0 16972 0 1387 91
"195601" 585015 552131 139723 103458 21813 14009 47390 225738 16709 16175 667 534 133 0 1236 0 0 3137 127 0 11008 0 0 0 585015 188271 120901 28709 2631 14965 21065 7115 389629 23319 157881 155860 1485 0 536 65021 2047 11575 81800 11437 10930 0 0 916 720 0 5236 127 0 17394 0 1091 135
"195602" 590097 556315 144919 105804 22519 14787 48313 219973 16986 16796 691 553 138 0 1282 0 0 3410 138 0 11275 0 0 0 590097 187890 122481 26033 2732 15333 21311 7200 395007 23476 158877 156837 1493 0 547 66911 2176 11620 83036 11769 11192 0 0 826 739 0 5559 138 0 17575 0 1015 98
"195603" 598853 564247 148293 107478 23228 15084 49533 220631 17091 17515 813 650 163 0 1267 0 0 3657 143 0 11635 0 0 0 598853 190046 124355 25931 2772 15653 21335 7566 401241 23311 160832 158818 1456 0 558 68813 2297 11773 84414 12196 11444 0 0 1025 758 0 5720 143 0 17578 0 817 120
"195604" 611787 576457 152872 110762 23734 14581 50381 224128 17446 17884 977 782 195 0 1350 0 0 3809 149 0 11599 0 0 0 611787 193491 124884 27829 3061 15947 21770 7261 411035 24670 164762 162605 1587 0 570 70189 2394 11943 85615 12722 11681 0 0 1051 780 0 6048 149 0 17958 0 965 108
"195701" 616521 580084 154097 113384 23686 14949 51501 222467 17783 18654 1029 823 206 0 1051 0 0 4056 157 0 12361 0 0 0 616521 194952 127850 26486 2748 16059 21809 7348 414221 22715 165200 163124 1496 0 580 72129 2464 11996 86949 13246 12056 0 0 1094 803 0 6406 157 0 18316 0 570 120
"195702" 620403 583358 158837 116252 24216 15516 52414 216123 17976 19069 989 791 198 0 1183 0 0 4449 166 0 12282 0 0 0 620403 194415 128643 25167 2869 16123 21613 7262 418726 22659 164913 162827 1498 0 588 73794 2620 12088 88032 13714 12434 0 0 1191 828 0 6848 166 0 18654 0 659 126
"195703" 632314 594086 161992 117697 24855 15633 53836 220073 18091 20137 1209 967 242 0 1230 0 0 4753 170 0 12775 0 0 0 632314 197647 131128 25785 2843 16040 21851 7142 427525 22776 168582 166607 1379 0 596 75672 2772 12321 89305 14126 12879 0 0 1166 853 0 7020 170 0 18945 0 819 119
"195704" 643033 603504 165307 120450 25176 15638 55039 221894 18763 20766 1320 1056 264 0 1381 0 0 4929 173 0 12963 0 0 0 643033 200736 131939 27372 3102 15912 22411 7475 434822 23767 170053 167985 1466 0 602 77002 2859 12599 90461 14494 13258 0 0 1180 880 0 7347 173 0 19272 0 1354 123
"195801" 645315 604978 164246 122016 25336 15926 56550 220903 19169 21168 1544 1235 309 0 789 0 0 4735 175 0 13925 0 0 0 645315 199265 133195 24963 2702 15662 22743 6980 439070 23154 170775 168749 1406 0 620 78675 2851 12593 91762 14874 13781 0 0 1298 908 0 7575 175 0 19276 0 1220 153
"195802" 654369 613676 167313 122836 25900 16784 57730 223113 19728 20965 1366 1093 273 0 1036 0 0 4625 177 0 13761 0 0 0 654369 196884 132145 23288 2774 15796 22881 6346 451139 25173 176135 174037 1453 0 645 80696 2960 12716 92853 15270 14070 0 0 1478 937 0 7576 177 0 18975 0 1940 183
"195803" 661800 621234 170567 123881 26775 17011 59330 223670 20183 20383 1294 1035 259 0 1136 0 0 4859 183 0 12911 0 0 0 661800 197536 131175 24360 2808 15914 23279 7141 457123 24679 179152 177192 1291 0 669 83345 3052 13019 94182 15695 14499 0 0 1477 967 0 7583 183 0 18344 0 775 171
"195804" 681959 640225 176137 127642 27681 17002 60669 231094 20765 20969 1206 965 241 0 1445 0 0 4985 190 0 13143 0 0 0 681959 203845 132663 28093 3103 16096 23890 7523 470591 26313 184962 182770 1512 0 680 85490 3141 13382 95533 16151 14963 0 0 1453 996 0 7684 190 0 18975 0 1242 116
"195901" 688658 645875 178367 128412 28547 17632 62272 230645 20835 21948 1065 852 213 0 1205 0 0 5126 195 0 14357 0 0 0 688658 208446 135720 28977 2836 16351 24562 7946 472266 25454 182029 180019 1453 0 557 87852 3210 13518 96785 16465 15426 0 0 1528 1075 0 8012 195 0 19743 0 825 149
"195902" 705203 659822 185237 131474 29902 18713 63593 230904 21142 24239 993 794 199 0 1676 0 0 5952 201 0 15417 0 0 0 705203 212650 136932 30714 2969 16748 25287 9867 482686 26017 184940 183053 1444 0 443 90459 3420 13761 98104 16918 15800 0 0 1562 1102 0 8772 201 0 20761 0 719 150
"195903" 721878 674489 191315 132485 31133 19104 65575 234877 21370 26019 964 771 193 0 1974 0 0 6757 202 0 16122 0 0 0 721878 218641 139987 33007 2944 17020 25683 11068 492169 26514 186642 185066 1341 0 235 93432 3649 14159 99262 17340 16370 0 0 1699 1131 0 9335 202 0 21366 0 882 186
"195904" 739030 689904 198076 136251 31931 18934 66696 238016 21436 27690 1163 930 233 0 2387 0 0 7259 203 0 16678 0 0 0 739030 225318 142784 35903 3425 17492 25714 11706 502006 26655 189696 187872 1603 0 221 95137 3815 14606 100501 17885 16837 0 0 1799 1165 0 9898 203 0 22425 0 1232 152
"196001" 743537 692232 199365 138190 32750 19329 68321 234277 21783 29522 1380 1104 276 0 1690 0 0 7188 204 0 19060 0 0 0 743537 229617 149636 33290 2864 17866 25961 12092 501828 25193 185029 183386 1418 0 225 97286 3932 14909 101839 18291 17429 0 0 1848 1265 0 9975 204 0 23811 0 637 180
"196002" 755365 702268 205908 140949 33773 20117 69524 231997 22190 30907 1396 1117 279 0 1941 0 0 7610 206 0 19754 0 0 0 755365 230662 151011 32113 3025 18292 26221 11990 512713 26328 188161 186459 1468 0 234 99242 4193 15140 102965 18652 17926 0 0 1919 1322 0 10543 206 0 25031 0 896 189
"196003" 765214 711443 210343 141447 34864 20214 71174 233401 22556 31215 1685 1348 337 0 1888 0 0 7782 204 0 19656 0 0 0 765214 229368 151097 30114 2927 18785 26445 12336 523510 26507 192430 190715 1470 0 245 101986 4376 15331 104240 19087 18331 0 0 2006 1373 0 10799 204 0 25227 0 1405 208
"196004" 780495 724735 215580 145235 35762 19965 72211 235982 23215 32545 2047 1638 409 0 2199 0 0 7897 201 0 20201 0 0 0 780495 230144 150918 30161 3202 19118 26745 12610 537741 27046 199695 197581 1866 0 248 104154 4500 15501 105557 19682 18887 0 0 2043 1400 0 11092 201 0 25915 0 1891 177
"196101" 781683 726425 216018 145070 37100 20527 73710 234000 23853 31405 2253 1802 451 0 1628 0 0 7391 201 0 19932 0 0 0 781683 228666 151286 28104 2594 19317 27365 12654 540363 26431 198843 195987 2599 0 257 106921 4496 15703 106929 19880 19556 0 0 2091 1468 0 10941 201 0 25456 0 1207 240
"196102" 792944 737031 221416 147399 38141 21317 74653 234105 23854 32059 2294 1835 459 0 2029 0 0 7715 200 0 19821 0 0 0 792944 230087 152162 28373 2763 19598 27191 12291 550566 27030 202649 199833 2552 0 264 109403 4683 15933 108226 20339 20115 0 0 2036 1449 0 11253 200 0 25665 0 1383 202
"196103" 808152 750714 225576 148007 39645 21754 76459 239273 24548 32890 2446 1957 489 0 2289 0 0 8222 244 0 19689 0 0 0 808152 231432 153621 27208 2798 19854 27951 12987 563733 26906 209677 206782 2623 0 272 112496 4810 16203 109505 20672 20646 0 0 2160 1421 0 11631 244 0 25581 0 1525 256
"196104" 828772 768436 232266 152668 40959 21558 77815 243170 25456 34880 2710 2168 542 0 2858 0 0 8578 290 0 20444 0 0 0 828772 235677 154854 29154 3130 20134 28405 13064 580031 28785 215909 213198 2433 0 278 115330 4930 16516 110868 21156 21082 0 0 2449 1399 0 12128 290 0 26972 0 2043 174
"196201" 835937 775063 233808 153438 42063 22288 79588 243878 26358 34516 2523 2018 505 0 2298 0 0 8895 312 0 20488 0 0 0 835937 237203 156507 28678 2777 20136 29105 13277 585457 28665 214758 212006 2457 0 295 118510 4933 16858 112406 21504 21820 0 0 2420 1434 0 12517 312 0 27152 0 1852 316
"196202" 852433 789552 241229 156844 43421 23414 80915 243729 26832 36049 2365 1892 473 0 2887 0 0 9188 336 0 21273 0 0 0 852433 238395 156886 28336 3020 20495 29658 13719 600319 29486 221907 218774 2817 0 316 121270 5213 17263 113730 22035 22322 0 0 2358 1392 0 12890 336 0 27895 0 1968 254
"196203" 864455 800468 246978 158338 44888 23728 82316 244220 26716 37271 2304 1843 461 0 3163 0 0 9774 373 0 21657 0 0 0 864455 239940 158864 27287 3019 20973 29797 14379 610136 28827 224891 221908 2645 0 338 125070 5412 17658 115195 22316 22826 0 0 2600 1363 0 13223 373 0 28096 0 2014 272
"196204" 888365 821388 254251 163052 46414 23856 83770 250045 27544 39433 2676 2141 535 0 3633 0 0 10077 413 0 22634 0 0 0 888365 242364 158200 28799 3315 21697 30353 14797 631204 30531 235230 232306 2567 0 357 128303 5570 17971 116858 22901 23211 0 0 2643 1377 0 13745 413 0 29198 0 2964 289
"196301" 895534 829002 256795 164290 47504 24684 85007 250722 28298 38234 2615 2092 523 0 2609 0 0 9186 453 0 23371 0 0 0 895534 244378 156021 32021 2966 22324 31046 14941 636215 30396 233953 230894 2676 0 383 132395 5604 18218 118446 23362 23717 0 0 2646 1499 0 13166 453 0 30122 0 1923 315
"196302" 915366 844772 265487 167119 49045 26023 86776 250323 29582 41012 2724 2179 545 0 3442 0 0 10028 495 0 24323 0 0 0 915366 246359 157001 32316 3178 22659 31205 15692 653315 31850 240703 237616 2672 0 415 136240 5935 18403 119834 23872 24437 0 0 2487 1614 0 13959 495 0 31226 0 1972 288
"196303" 928827 855880 272586 168083 50602 26518 88053 250038 29889 43058 2771 2224 547 0 4219 0 0 10700 509 0 24859 0 0 0 928827 247870 158004 32232 3224 23051 31359 16030 664927 32053 242868 240031 2393 0 444 140844 6147 18568 121477 24403 25004 0 0 2719 1737 0 14281 509 0 31829 0 2202 286
"196304" 954452 877027 281156 173742 52632 26406 89243 253848 30795 46630 3152 2568 584 0 5028 0 0 11524 525 0 26401 0 0 0 954452 252486 159802 33877 3553 23347 31907 15893 686073 33684 252759 249922 2371 0 466 144546 6313 18746 123282 24829 25556 0 0 2823 1823 0 15288 525 0 33672 0 1921 306
"196401" 963659 885612 285171 175095 53563 27417 90376 253990 31549 46498 3553 2926 627 0 4336 0 0 10953 551 0 27105 0 0 0 963659 255618 162153 34174 3266 23420 32605 15514 692527 33223 252101 249062 2559 0 480 148432 6375 18937 125010 25413 26376 0 0 2894 1957 0 14674 551 0 34815 0 1479 290
"196402" 985025 902452 294495 179194 55004 28909 92222 252628 32462 50111 3713 3077 636 0 4998 0 0 11689 581 0 29130 0 0 0 985025 257956 163627 34007 3404 23678 33240 15619 711450 34517 258841 255810 2542 0 489 152208 6728 19124 126590 25933 27209 0 0 3092 2003 0 15619 581 0 36414 0 2257 334
"196403" 1002111 918197 301450 181254 56694 29318 94132 255348 33199 50715 3884 3243 641 0 5081 0 0 11929 602 0 29219 0 0 0 1002111 259846 164853 33282 3437 24237 34037 16292 725973 35011 264247 260981 2768 0 498 156731 7005 19317 128312 26358 27818 0 0 3175 2034 0 15609 602 0 36928 0 2564 262
"196404" 1028822 940874 310302 187535 58504 29009 95624 259900 34997 52951 4192 3508 684 0 5610 0 0 12068 624 0 30457 0 0 0 1028822 263830 166179 34123 3779 25012 34737 16908 748084 36595 276102 272996 2601 0 505 160161 7197 19532 130255 27176 28325 0 0 3197 2051 0 16007 624 0 37907 0 2674 281
"196501" 1041896 952184 313866 191659 59563 30138 97184 259774 36416 53296 4251 3579 672 0 4953 0 0 12083 676 0 31333 0 0 0 1041896 266715 168815 33580 3495 25390 35435 16492 758689 37199 277153 273643 2986 0 524 163936 7309 19754 132304 27857 29275 0 0 3545 2131 0 16065 676 0 38995 0 2104 386
"196502" 1063594 969125 323235 197157 61340 31601 99513 256280 36633 57836 4879 4201 678 0 5901 0 0 13234 730 0 33092 0 0 0 1063594 267697 169363 32660 3662 25894 36118 16197 779700 38714 286073 282725 2801 0 547 167072 7770 19966 133910 28372 30078 0 0 3449 2112 0 17253 730 0 40665 0 3132 404
"196503" 1078514 982544 330159 200334 63013 32129 101624 255285 36732 59238 4864 4195 669 0 6185 0 0 13854 797 0 33538 0 0 0 1078514 269712 170535 32228 3670 26655 36624 16568 792234 39287 291223 287761 2890 0 572 170649 8027 20219 135888 28632 30663 0 0 3822 2084 0 17634 797 0 41151 0 1721 437
"196504" 1107340 1008014 338731 207560 64710 32311 103174 261528 37454 61872 5016 4331 685 0 6456 0 0 14182 869 0 35349 0 0 0 1107340 273106 170030 33916 4040 27504 37616 17385 816849 40594 305066 301645 2825 0 596 173532 8241 20561 137843 29081 31261 0 0 3861 2061 0 18265 869 0 42669 0 2449 496
"196601" 1123517 1021715 341823 212691 66859 33620 104665 262057 38074 63728 5055 4371 684 0 6079 0 0 15048 949 0 36597 0 0 0 1123517 281796 177474 33962 3701 27832 38827 16822 824899 40246 303050 299503 2920 0 627 177360 8341 20831 140513 30192 32293 0 0 4308 2113 0 19182 949 0 43423 0 1605 493
"196602" 1148620 1041025 350844 221673 68759 34978 107051 257720 38615 68980 5148 4457 691 0 7350 0 0 17380 1033 0 38069 0 0 0 1148620 284659 180030 33153 3830 28133 39513 17057 846904 41912 314098 310600 2836 0 662 178622 8783 21227 142227 30605 33084 0 0 4578 2082 0 21574 1033 0 44193 0 2303 583
"196603" 1162449 1053841 355023 225732 69796 35564 108731 258995 38716 69892 5098 4417 681 0 7705 0 0 18512 1167 0 37410 0 0 0 1162449 291431 186680 31781 3725 27815 41430 17181 853837 41600 315163 311315 3150 0 698 180537 9115 21636 144105 31121 34181 0 0 4950 2056 0 22444 1167 0 43374 0 1595 793
"196604" 1187819 1075508 361248 232141 71454 35504 110037 265124 39457 72854 5333 4605 728 0 7467 0 0 19007 1314 0 39733 0 0 0 1187819 297116 190039 32884 3988 27471 42734 17261 873442 43724 323110 319089 3293 0 728 181699 9354 22025 145941 31892 34948 0 0 5119 2044 0 23333 1314 0 44937 0 3235 767
"196701" 1197275 1085684 360273 237600 72238 36637 111288 267649 40883 70708 5638 4890 748 0 5442 0 0 18314 1480 0 39834 0 0 0 1197275 297261 190167 31379 3654 27244 44817 17879 882135 44039 326085 321716 3604 0 765 183814 9355 22422 148019 32218 35601 0 0 4835 2117 0 23256 1480 0 44783 0 3379 732
"196702" 1209215 1097624 367159 244818 74354 38066 113659 259568 41645 69946 6092 5258 834 0 4562 0 0 17613 1660 0 40019 0 0 0 1209215 291727 186057 29117 3730 27213 45610 18260 899228 46370 335984 331533 3648 0 803 186925 9757 22752 149735 32171 36442 0 0 4363 2123 0 23015 1660 0 44791 0 2340 800
"196703" 1231841 1118803 372159 248078 76233 38510 115889 267934 42545 70493 6142 5305 837 0 4384 0 0 17907 1821 0 40239 0 0 0 1231841 296539 190188 28565 3677 27441 46668 18991 916311 46462 344621 339875 3905 0 841 191914 10013 23094 151709 32612 37253 0 0 4145 2143 0 22630 1821 0 44487 0 2632 775
"196704" 1268372 1151459 380428 258089 78685 38815 117372 278070 43340 73573 6323 5451 872 0 4778 0 0 18386 1988 0 42098 0 0 0 1268372 305463 195166 31380 3972 27621 47324 20037 942872 49055 359838 354977 3985 0 876 194954 10219 23483 153341 32762 38280 0 0 4309 2189 0 23289 1988 0 45455 0 2888 822
"196801" 1285918 1167104 383628 261234 79670 39908 118914 283750 44239 74575 6342 5466 876 0 4558 0 0 19524 2169 0 41837 145 0 0 1285918 312797 199297 32614 3742 28291 48853 19877 953244 49610 358423 353341 4188 0 894 199218 10295 23932 155500 33394 38966 0 0 4918 2271 0 24458 2169 0 46055 150 2509 1376
"196802" 1311478 1187892 394023 269091 82150 41405 121158 280065 44615 78971 6468 5602 866 0 5248 0 0 20912 2359 0 43697 287 0 0 1311478 316696 201592 32071 3877 29015 50141 19346 975436 52377 368464 363275 4281 0 908 202177 10847 24438 156972 33367 39868 0 0 4326 2399 0 26059 2359 0 47982 383 2305 1113
"196803" 1336944 1212330 401100 274359 84225 41637 123197 287812 45310 79304 6592 5718 874 0 5368 0 0 21305 2444 0 43100 495 0 0 1336944 319900 203627 30783 3782 30200 51508 20723 996321 52454 379342 373999 4422 0 921 205672 11296 24950 158695 33576 40633 0 0 4654 2522 0 26021 2444 0 48142 538 4211 1171
"196804" 1373395 1243347 412835 285124 87090 41583 126125 290591 46066 83982 6693 5799 894 0 5718 0 0 21862 2526 0 46417 766 0 0 1373395 325088 203481 33739 4152 31449 52267 22606 1025701 52995 398738 393416 4361 0 961 208919 11718 25413 160687 33823 41640 0 0 4128 2588 0 26518 2526 0 50622 830 3534 1022
"196901" 1390498 1257510 413395 291743 89002 42811 129933 290626 46872 86116 6806 5704 902 200 5679 0 0 22728 2616 0 47305 982 0 0 1390498 337926 213446 34421 3880 33076 53103 21976 1030596 52089 394376 388338 4681 350 1007 213519 12002 25832 162836 33808 42500 0 0 5161 2702 0 27388 2616 0 51572 992 1823 1380
"196902" 1417926 1275720 424615 302416 92621 44412 133548 278108 47931 94275 8183 5952 986 1245 6797 0 0 25059 2701 0 50437 1098 0 0 1417926 338034 212951 33394 4067 34118 53504 22253 1057639 54136 405891 398165 4998 1662 1066 216585 12815 26124 164117 33640 43497 0 0 4760 2699 0 29621 2701 0 55438 1275 2851 1489
"196903" 1449593 1300154 431985 308334 96004 44882 136325 282625 48494 100945 9894 6242 1057 2595 8354 0 0 27756 2949 0 50754 1238 0 0 1449593 355108 230297 31149 4135 35045 54482 24933 1069552 54028 405846 395330 5528 3858 1130 220160 13390 26578 166079 34294 44672 0 0 5334 2660 0 31764 2949 0 56522 1498 2087 1691
"196904" 1491168 1330376 442680 317774 99612 44617 138257 287436 49248 111544 11837 6442 1101 4294 9816 0 0 30645 3204 0 54562 1480 0 0 1491168 369937 241379 32237 4512 36403 55406 23164 1098067 57218 418349 407207 6005 3946 1191 221493 13786 27032 167625 34620 45468 0 0 5145 2576 0 35107 3204 0 59182 2007 3670 1585
"197001" 1507652 1339842 435952 336701 91505 45976 140356 289353 49865 117945 14881 6385 1081 7415 10097 0 0 34278 3499 0 53664 1526 0 0 1507652 380376 251631 30761 4364 37304 56316 25506 1101770 55737 412024 397292 6663 6837 1232 223361 13819 27812 169881 34887 46503 0 0 5589 2423 0 38999 3499 0 59660 2355 3436 1785
"197002" 1536063 1361209 442878 349017 95127 47420 143570 283198 50300 124554 16707 6919 1207 8581 10577 0 0 35822 3713 0 55990 1745 0 0 1536063 378905 247300 32530 4578 37480 57017 28189 1128969 57836 426029 409836 6850 8083 1260 226966 14453 28586 171364 34988 47491 0 0 6938 2173 0 40616 3713 0 61806 2743 2351 916
"197003" 1561774 1387689 449003 354504 99568 47720 146348 290546 50854 123231 13688 6835 1181 5672 10822 0 0 37415 4132 0 55360 1814 0 0 1561774 375552 243874 32375 4830 36675 57798 31204 1155018 60142 436087 421360 8210 5228 1289 231843 14966 29642 173491 35890 48805 0 0 6207 1941 0 42009 4132 0 60976 3152 3850 1885
"197004" 1600014 1420197 457086 362101 103606 47588 150317 299499 52054 127763 12713 7838 1426 3449 11038 0 0 38879 4755 0 58199 2179 0 0 1600014 374847 242426 33932 5229 35069 58191 34960 1190207 62199 455336 441557 9499 2954 1326 236778 15156 30870 174605 36642 49602 0 0 5729 1842 0 43912 4755 0 61475 3904 6003 1399
"197101" 1619033 1439043 459528 368037 106716 48741 154655 301366 52962 127028 13606 8346 1449 3811 9937 0 0 37848 5957 0 57095 2585 0 0 1619033 369249 237097 35050 5181 33281 58640 40441 1209343 64133 457777 444701 8780 2858 1438 245516 15242 31821 176999 35851 50627 0 0 5468 1936 0 44705 5957 0 63251 4322 4520 1218
"197102" 1657295 1475315 472820 377343 112321 50987 158807 303037 53954 128026 14210 8815 1544 3851 7901 0 0 36924 7572 0 58408 3011 0 0 1657295 368416 233836 36904 5616 32553 59507 47676 1241203 64930 475420 462322 8510 3058 1530 255364 15980 32769 178611 34863 51536 0 0 5311 2097 0 42250 7572 0 65035 4975 3394 1096
"197103" 1698278 1511863 484509 383772 117193 51498 162965 311926 55415 131000 15046 9358 1646 4042 8402 0 0 38635 8369 0 57093 3455 0 0 1698278 374126 238348 37181 5942 32641 60014 58158 1265994 66802 483295 469664 9069 2960 1602 264060 16655 33714 180887 34293 52183 0 0 4937 2287 0 43008 8369 0 65383 5515 3579 1027
"197104" 1750655 1555228 499394 390563 122586 51564 166747 324374 56576 138851 15169 9364 1594 4211 9021 0 0 40021 9516 0 61013 4111 0 0 1750655 375360 233202 41971 6487 33371 60329 62847 1312448 69561 506505 492505 9523 2840 1637 271710 17203 34647 182759 35003 52876 0 0 5523 2410 0 44991 9516 0 67597 6203 4642 1302
"197201" 1781202 1582653 504838 399233 126139 52897 171129 328417 58007 140542 16394 9938 1613 4843 6741 0 0 40451 10542 0 61117 5297 0 0 1781202 376852 234590 40127 6496 34501 61138 66068 1338282 69748 511807 497035 10345 2772 1655 282457 17484 35592 185579 35529 53957 0 0 5834 2562 0 45994 10542 0 69400 7135 3316 1346
"197202" 1822303 1618428 522722 409795 134163 55162 174210 322377 57958 145917 15942 9335 1428 5179 7239 0 0 41885 11748 0 62740 6363 0 0 1822303 375937 232225 39706 6857 35891 61258 67100 1379266 71845 528828 514818 10085 2296 1629 293007 18767 36557 187159 36961 54965 0 0 5750 2601 0 46438 11748 0 71896 8219 3303 1222
"197203" 1863993 1654697 537598 415686 140509 55860 177747 327296 59116 150180 16534 9094 1334 6106 8029 0 0 42553 12815 0 63113 7136 0 0 1863993 378583 231196 40469 7146 37645 62127 71577 1413833 69708 541893 526748 11038 2264 1843 304124 19421 37490 190390 39160 56125 0 0 6171 2636 0 47313 12815 0 72756 8921 3569 1341
"197204" 1935097 1711184 555405 429866 149004 56813 180710 339386 61123 162790 17883 9701 1393 6789 9501 0 0 43542 14404 0 68710 8750 0 0 1935097 384509 229977 44551 7730 40089 62162 73178 1477410 71189 575730 558585 12623 2598 1924 314506 20071 38331 192463 40546 57428 0 0 6025 2704 0 48950 14404 0 77536 10396 5958 1173
"197301" 1990433 1758673 567949 442967 157050 59097 184043 347568 63001 168759 18903 9601 1386 7916 9918 0 0 45546 15160 0 69303 9929 0 0 1990433 388899 233636 42017 7594 42486 63166 81503 1520031 75247 590341 571626 13711 3161 1843 325192 20693 39196 196391 42500 58817 0 0 6466 2897 0 50931 15160 0 79365 11269 3920 1646
"197302" 2053672 1804323 588505 459845 165952 62261 186850 340910 65142 184207 20224 9806 1462 8956 12807 0 0 50584 16615 0 72733 11244 0 0 2053672 395569 237488 42781 7834 44907 62559 79160 1578943 76437 617020 596990 14749 3520 1761 336741 22005 40003 198647 43663 60292 0 0 6590 3053 0 55224 16615 0 83310 12955 4587 1801
"197303" 2110503 1847620 607155 476608 169308 64041 190725 339783 64931 197952 22280 10542 1650 10088 16191 0 0 56671 17057 0 73193 12560 0 0 2110503 408466 248452 40284 7774 47311 64645 78665 1623372 76916 635712 613219 15960 4637 1896 343120 23077 40838 202034 45695 61833 0 0 6823 3192 0 60906 17057 0 84384 14909 4897 1979
"197304" 2172701 1895501 624890 495610 168482 65410 194779 346330 67419 209781 23075 11320 1796 9959 17068 0 0 59837 18040 0 78066 13695 0 0 2172701 420193 254696 42911 7905 49820 64861 74698 1677810 80463 662361 638563 17465 4300 2033 348036 23658 41777 204767 46759 63111 0 0 6643 3252 0 64360 18040 0 89430 15956 7526 1671
"197401" 2212410 1928492 629187 507951 175756 67176 198757 349666 69068 214850 25843 12414 2054 11375 16582 0 0 59877 19709 0 78454 14385 0 0 2212410 429747 264253 42611 7674 51927 63282 74359 1708304 79906 674332 648916 18457 4904 2055 354454 23679 42835 209185 48002 64512 0 187 7132 3331 0 66317 19709 0 90979 16700 5287 1757
"197402" 2283599 1978581 649843 527545 184288 70642 202564 343699 75411 229607 30177 14955 2661 12561 19505 0 0 65391 20132 0 80615 13787 0 0 2283599 437887 268053 43591 7786 53743 64714 77864 1767848 83216 707358 677592 22216 5372 2178 360718 24657 44000 211618 49519 66238 0 358 7068 3228 0 72408 20132 0 92729 16638 6092 1871
"197403" 2348243 2024122 667468 537087 192514 72562 206553 347938 77207 246914 35002 17256 3239 14507 22984 0 0 73158 20537 0 81340 13893 0 0 2348243 466490 289057 46922 7684 55300 67527 77721 1804032 84377 718116 687430 23315 4914 2457 365377 25919 45200 214526 52529 68181 0 598 7212 3111 0 79730 20537 0 93763 16342 6822 1692
"197404" 2409478 2069945 680286 551556 198352 73319 208213 358219 81237 258296 37351 19225 3734 14392 23276 0 0 77134 21458 0 85108 13969 0 0 2409478 483520 299524 47762 7714 56358 72162 79798 1846160 85339 737528 703535 26594 4901 2498 369719 26380 46371 217713 55648 69386 0 757 7398 3044 0 85308 21458 0 94810 16145 7750 1406
"197501" 2436351 2099328 679289 555004 201744 75608 209744 377939 83546 253477 38286 19454 3783 15049 19067 0 0 77025 24420 0 81439 13240 0 0 2436351 491412 300752 51144 7151 57634 74731 86407 1858532 87706 725471 692608 25612 4677 2574 377595 26764 48057 222307 60147 71197 0 1294 7453 3107 0 86678 24420 0 93275 13894 7625 1542
"197502" 2485632 2146134 693044 560965 205149 79606 212670 394700 87409 252089 36938 18681 3583 14674 17864 0 0 77269 25603 0 82816 11599 0 0 2485632 498002 297855 54759 7081 59014 79293 86728 1900902 89077 741153 707580 26267 4667 2639 393734 28129 49564 225392 63945 73682 0 1079 7619 3106 0 86796 25603 0 91340 11643 7695 1345
"197503" 2536829 2196637 711518 563070 208258 81127 214487 418177 91083 249109 36019 17996 3392 14631 18778 0 0 78364 26785 0 79293 9870 0 0 2536829 516678 309865 54992 6965 61388 83468 85634 1934517 92563 745761 712207 26305 4496 2753 404643 30399 51336 230123 67818 75623 0 1334 8030 3119 0 87483 26785 0 92561 9000 6863 1076
"197504" 2619091 2261759 734343 571327 210729 82136 219359 443865 96888 260444 42047 19610 3783 18654 19080 0 0 80340 28511 0 81727 8739 0 0 2619091 540418 320691 61654 7194 63770 87109 88317 1990356 93530 768797 733186 27848 4900 2863 415193 31746 53708 234649 71222 78256 0 1455 8029 3133 0 89824 28511 0 95047 7140 8775 1341
"197601" 2671859 2309878 742450 574053 217243 83952 224015 468166 101108 260873 42667 19922 3818 18927 16707 0 0 80563 31152 0 81826 7958 0 0 2671859 553030 320742 65925 6914 68882 90567 91099 2027730 94440 765914 729673 28134 5100 3007 433632 32772 57490 240611 74283 80599 0 1915 7672 3258 0 90536 31152 0 96784 6510 9284 878
"197602" 2744472 2372868 767172 587620 221537 87667 231469 477403 105591 266013 43890 20886 3996 19008 16139 0 0 81090 34026 0 83267 7601 0 0 2744472 561854 326412 67357 7098 72027 88960 93566 2089052 97741 787378 749581 29388 5300 3109 448235 35012 59738 245547 77282 84310 0 1669 7624 3333 0 91583 34026 0 99892 5880 8972 830
"197603" 2814864 2435138 791770 595491 225980 90777 235612 495509 108519 271207 44689 20836 3959 19894 16902 0 0 82361 36984 0 82850 7421 0 0 2814864 573692 329766 67005 7349 76236 93336 98426 2142746 101262 796248 757781 29689 5500 3278 465213 37150 63033 252064 77432 86593 0 1746 7795 3385 0 93909 36984 0 101260 5250 12754 668
"197604" 2904877 2505286 818922 612073 231227 92180 237830 513055 115656 283935 48607 23359 4550 20698 16819 0 0 82413 40693 0 88528 6875 0 0 2904877 588128 331258 73021 8147 82006 93696 99394 2217355 100258 833225 791002 32895 5836 3492 477492 38394 66217 258315 77760 87691 0 2093 8405 3355 0 94528 40693 0 106597 4620 16584 1128
"197701" 2971564 2567085 834870 628081 238411 95853 239122 530748 115502 288977 49596 23547 4584 21465 15702 0 0 82528 45418 0 89477 6256 0 0 2971564 605575 341273 72148 8168 88877 95109 106574 2259415 102391 839513 798326 31648 6000 3539 495739 39501 70579 265271 78637 89143 0 1866 9243 3230 0 94549 45418 0 110055 4310 8715 1255
"197702" 3065724 2642753 871947 647005 245675 101842 246590 529694 118646 304325 51797 24332 4735 22730 17862 0 0 85101 47980 0 95983 5602 0 0 3065724 610722 342652 68122 8493 95546 95909 112561 2342441 105629 867486 824924 32547 6400 3615 513373 42000 74826 272028 82642 92404 0 1725 10838 2998 0 96748 47980 0 116145 4000 10183 1436
"197703" 3168104 2729510 909973 660636 252367 105298 252133 549103 124238 314356 52815 24390 4710 23715 19098 0 0 86532 52412 0 98289 5210 0 0 3168104 630343 348140 68819 8928 103922 100534 122493 2415268 109779 890848 845252 35086 6800 3710 532528 44199 79439 279067 84052 95417 0 1671 11807 2770 0 98153 52412 0 120006 3690 7849 1581
"197704" 3292975 2826570 946713 687089 261290 105939 256165 569374 128630 337775 56140 26444 5182 24514 22720 0 0 88712 56803 0 108373 5027 0 0 3292975 653451 358421 70931 9918 110601 103580 135436 2504088 108922 924639 875249 38426 7159 3805 548116 45588 83708 285849 88172 99216 0 1947 12290 2654 0 101382 56803 0 128569 3380 11274 1579
"197801" 3385603 2905281 967150 705984 270382 107773 264139 589853 133605 346717 55889 25258 4885 25746 23923 0 0 93211 59512 0 109695 4487 0 0 3385603 675344 367423 68997 10221 120922 107781 149938 2560321 107819 938167 885948 41403 7000 3816 563963 46769 88034 294998 89213 102546 0 2625 13090 2720 0 104689 59512 0 131784 3298 9026 2068
"197802" 3512937 3006021 1013666 729863 280317 114988 274834 592353 137344 369572 58175 25442 4906 27827 28447 0 0 99969 62611 0 116017 4353 0 0 3512937 699772 378057 69346 10911 130745 110713 146417 2666748 116027 978518 922964 44835 6900 3819 580676 49826 91225 302496 94054 107196 0 3569 13025 2811 0 113105 62611 0 138050 3215 8350 1994
"197803" 3629437 3104540 1059927 740445 292198 119998 284847 607125 141694 383203 57034 23595 4434 29005 33821 0 0 106013 65755 0 116170 4410 0 0 3629437 725262 387898 68869 11619 139702 117174 150331 2753844 120977 1007580 948314 48534 6800 3932 599421 51208 95804 311934 96700 110812 0 4043 12593 2923 0 120382 65755 0 142180 3100 6745 1687
"197804" 3779409 3211224 1105353 761395 304822 122194 295601 621859 155669 412516 63161 26182 4930 32049 37756 0 0 112181 70407 0 124632 4379 0 0 3779409 761545 406651 74003 12756 147526 120609 161291 2856573 117374 1052600 984122 57739 6693 4046 614360 52036 100222 318909 98730 115995 0 5138 12508 2974 0 128067 70407 0 154249 3050 7564 2390
"197901" 3872851 3291509 1134020 783761 313185 126806 301844 631894 154239 427103 64000 26475 4990 32535 35261 0 0 118384 75627 0 129448 4383 0 0 3872851 793454 425627 73100 13114 157178 124435 156172 2923225 116724 1066706 996234 59594 7000 3878 626802 52382 104092 328913 102047 118168 0 9899 13179 3061 0 132832 75627 0 159809 3018 7847 2119
"197902" 4003971 3390789 1179411 808159 329920 136381 309535 627383 159374 453808 69154 28648 5550 34956 39341 0 0 123699 80506 0 136704 4404 0 0 4003971 825849 441903 77283 13781 161791 131091 145133 3032989 114193 1106789 1030814 64824 7400 3751 640943 53264 106125 337260 108191 122770 0 14505 14194 3035 0 142031 80506 0 170056 2985 13996 2146
"197903" 4146931 3499228 1228001 826823 345449 142065 317129 639761 172121 475582 74945 32190 6440 36315 43806 0 0 128251 87309 0 137196 4075 0 0 4146931 845428 454804 72690 14182 168003 135749 154078 3147425 122820 1154247 1067472 75081 7800 3894 658891 54407 109982 346029 115146 124047 0 17780 14585 3001 0 148148 87309 0 175643 2953 10125 2312
"197904" 4276379 3602957 1276063 843773 357532 145723 322216 657650 168516 504906 76351 33459 6750 36142 47907 0 0 137027 94778 0 144701 4142 0 0 4276379 893808 486129 76417 14689 175178 141395 149673 3232898 124507 1181845 1095567 74291 7952 4035 671877 53772 113656 351956 120780 126559 0 24939 14545 2985 0 158073 94778 0 183380 2920 3946 2380
"198001" 4389297 3693492 1304575 866655 369898 151103 326092 675170 169671 526134 81984 36032 7450 38502 50101 0 0 146080 99954 0 144009 4006 0 0 4389297 924316 505773 79977 13823 176401 148342 151759 3313222 123945 1194321 1105676 76603 7900 4142 680086 52923 116352 362605 127916 132451 0 37719 14211 2989 0 168212 99954 0 186265 2870 8109 2294
"198002" 4464454 3747966 1323979 872195 379764 157960 332508 681560 177467 539021 86310 39283 8103 38924 47898 0 0 151056 104016 0 133099 3943 0 12699 4464454 919281 494166 78353 13501 178285 154976 159408 3385765 132933 1200250 1109279 78715 7800 4456 687395 51339 117878 370217 136333 140167 0 49323 16506 3013 0 171221 104016 0 188098 2820 12163 2093
"198003" 4581134 3843321 1357686 883460 392654 160795 339435 709291 184631 553182 88043 39487 8894 39662 50694 0 0 153089 109691 0 134484 3763 0 13418 4581134 945501 501617 84089 13921 185738 160136 165991 3469642 128200 1238744 1139996 86174 7800 4774 703497 52242 120597 379040 144082 144238 0 47961 17136 3029 0 175962 109691 0 188717 2770 10689 3047
"198004" 4725056 3953526 1395999 910212 406403 161477 344434 735001 193448 578082 91350 39855 8649 42846 55375 0 0 162646 113959 0 138474 3755 0 12523 4725056 986044 521019 91191 14931 193404 165499 169693 3569319 128038 1289880 1183171 94136 7607 4966 722711 52966 123524 385110 151389 147174 0 42048 17057 3010 0 184493 113959 0 195824 2720 6554 2862
"198101" 4828364 4040405 1408749 926296 420224 166550 349480 769106 196625 591334 95138 43380 9291 42467 55375 0 0 166778 117260 0 138898 3797 0 14088 4828364 1000487 524031 85907 16709 200641 173199 184721 3643156 126388 1292851 1187123 94212 6400 5116 729950 53323 126284 396087 157390 150643 0 70044 17830 3182 0 186885 117260 0 197379 2700 19065 -4105
"198102" 4970389 4139520 1445222 965610 431322 175280 355332 766754 204781 626088 101338 44491 10248 46599 62191 0 0 176798 120851 0 146813 3730 0 14367 4970389 1028044 525243 92888 18681 210676 180556 186310 3756035 128711 1328960 1221603 95368 6810 5179 738766 54552 127931 404907 163944 157861 0 75683 18888 3064 0 199778 120851 0 207682 2680 16750 5027
"198103" 5125707 4249350 1477254 1001746 441963 178969 364627 784791 210696 665661 108236 46294 10633 51309 71347 0 0 191019 124370 0 149662 3758 0 17269 5125707 1064854 539659 99151 21039 219653 185352 187702 3873151 132991 1364568 1248790 103158 7350 5270 745652 55131 130490 414041 169786 162146 0 96446 19102 2952 0 213800 124370 0 211588 2660 14043 13385
"198104" 5258005 4361689 1507184 1027333 456848 177791 372054 820479 213961 682355 112980 48272 11865 52843 71377 0 0 195031 128986 0 153439 3729 0 16813 5258005 1095168 546591 109464 23662 225580 189871 196956 3965881 136863 1398222 1278136 106634 7952 5500 748725 55010 132048 419761 178648 168968 0 107489 20184 2898 0 217705 128986 0 218578 2640 20949 8207
"198201" 5335748 4450433 1512839 1057711 467909 179013 380108 852854 186342 698973 116920 49663 12423 54834 72587 0 0 197214 137628 0 153015 3681 0 17928 5335748 1122335 571012 101113 24973 232219 193018 201149 4012264 133005 1385289 1293203 79719 6400 5967 753652 54823 133607 431612 192379 175425 0 116826 20866 3187 0 220871 137628 0 219011 2680 21481 9922
"198202" 5470078 4544943 1536994 1087368 480683 185364 392635 861900 189863 735272 124081 52104 13356 58621 75698 0 0 206009 146951 0 158771 3704 0 20058 5470078 1158458 596058 97554 26192 240543 198111 207868 4103752 136007 1410987 1320266 79254 4832 6635 755721 55570 135194 440814 204557 181800 0 122838 21916 3254 0 229469 146951 0 224761 2720 18862 12331
"198203" 5606817 4659767 1546456 1107213 495458 188171 403231 919238 196845 750205 121991 52645 12661 56685 74217 0 0 212102 160231 0 155585 3724 0 22355 5606817 1191458 615257 100486 27266 244919 203530 219063 4196296 139540 1437277 1342547 82094 5300 7336 750341 56237 137076 450509 214314 187950 0 140457 23773 3332 0 236188 160231 0 224882 2760 17758 13671
"198204" 5769638 4783435 1576437 1117416 509531 184493 413774 981784 208127 778076 131932 58388 13415 60129 72488 0 0 210373 178519 0 158294 3714 0 22756 5769638 1209836 612208 113492 28205 250110 205821 239950 4319852 144544 1482863 1386123 83087 5753 7900 756696 57301 139627 463238 225379 190692 0 137553 25360 3370 0 233710 178519 0 228850 2800 36187 13163
"198301" 5886466 4888279 1569816 1146506 528891 183787 421714 1037565 213093 785094 128187 54214 12492 61481 66642 0 0 207193 196517 0 160939 3709 46 21861 5886466 1237024 624467 117323 29496 258324 207414 249021 4400421 145566 1493975 1397374 82887 5350 8364 783143 57533 141767 477014 235481 194049 0 133936 28234 3082 0 229628 196517 0 231654 2770 19159 26913
"198302" 6067441 5038878 1616742 1169155 542103 188138 438394 1084346 216881 811682 132948 56732 12432 63784 65753 0 0 207669 213061 220 165489 3614 74 22854 6067441 1287399 650821 125932 30985 268569 211092 257530 4522512 149401 1529962 1434599 81592 5013 8758 813059 63597 142683 488488 243156 198629 0 122464 31653 3100 0 231514 213061 0 238458 2740 19032 31515
"198303" 6257370 5193514 1672335 1192131 558674 189329 449996 1131049 219376 844480 142308 59097 14553 68658 65268 0 0 208580 231538 2229 168227 3544 122 22664 6257370 1330699 688379 122885 32960 272847 213628 259306 4667365 154908 1567034 1466626 85235 6050 9123 846812 68209 144718 501423 258618 196966 0 119983 32722 3142 0 233311 231538 1789 241887 2710 25032 36563
"198304" 6466054 5359243 1731996 1230430 580326 188389 461109 1166993 224139 882672 152092 62970 15652 73470 66786 0 0 211780 244807 3655 173769 3457 377 25949 6466054 1376995 703808 140193 35328 282399 215267 263331 4825728 159203 1626148 1522670 86760 7218 9500 879479 69446 147558 513800 267536 198821 0 119697 34910 3149 0 236438 244807 2995 254008 2680 25539 39514
"198401" 6651987 5516851 1758139 1276014 607656 187504 471540 1215998 227575 907561 149019 60277 16358 72384 69348 0 0 217323 255930 5630 179434 4121 128 26628 6651987 1406418 706331 152806 37911 291969 217401 274779 4970790 159372 1658895 1555206 87425 6400 9864 913254 73793 150256 527441 273264 205455 0 131615 42620 3126 0 240271 255930 4750 272960 3592 19493 34703
"198402" 6915188 5716496 1818609 1333802 638665 190784 488008 1246628 241404 957288 169267 68126 18510 82631 78506 0 0 226368 263344 7600 186328 4860 337 20678 6915188 1488077 770181 155123 40407 302273 220093 291251 5135860 161360 1707995 1602615 89356 5844 10180 957422 79190 154165 541104 266837 216287 0 133699 45953 3133 0 252480 263344 6500 282697 4503 14695 44496
"198403" 7146164 5912368 1876931 1371055 666999 192434 504998 1299951 232548 1001248 167974 62109 21840 84025 86104 0 0 238824 275538 9570 189310 5587 515 27826 7146164 1540086 809200 152867 42685 311825 223509 304487 5301591 163511 1741119 1630037 93552 7000 10530 995460 83020 158387 555750 284388 224130 0 139779 51208 2815 0 265687 275538 8250 287048 5411 27278 32812
"198404" 7431452 6146190 1943280 1438310 698825 187947 513634 1364195 232823 1052439 175914 63467 22921 89526 90348 0 0 242210 288987 21339 199169 6289 1071 27112 7431452 1568953 808705 163835 44792 318981 232640 340379 5522120 167612 1800112 1681356 99624 8142 10990 1018642 85032 161975 570101 305913 233167 0 164147 53852 2672 0 265935 288987 19799 302548 6080 54122 21424
"198501" 7653642 6338220 2015759 1465732 727033 185745 537245 1406706 231206 1084216 177962 61819 22505 93638 90545 0 0 246132 304033 25928 202500 6568 382 30166 7653642 1670208 891749 151142 46477 342064 238776 345963 5637471 169355 1816543 1697280 98965 8700 11598 1041642 87912 166558 587390 306304 232553 0 174572 66289 2943 0 272567 304033 24168 306455 6187 26648 45352
"198502" 7914004 6552007 2086959 1506210 755520 187147 563616 1452554 230114 1131883 178959 58974 23159 96826 96490 0 0 254936 321090 29733 212772 6909 548 30446 7914004 1738381 911441 173986 47981 362879 242094 364974 5810649 177413 1857603 1734061 101726 9443 12373 1045221 92094 172675 605393 314095 238139 0 187972 80736 3071 0 282239 321090 27753 320496 6341 34157 44161
"198503" 8189442 6758557 2177553 1536358 772840 183205 589238 1499362 233493 1197392 182037 58468 23012 100557 106088 0 0 258832 343332 33294 230170 7292 622 35725 8189442 1781394 940601 164595 49035 375500 251663 383545 6024503 177929 1906730 1773697 109302 10600 13131 1080516 96141 182304 624492 315297 246633 0 182606 96890 3557 0 293319 343332 31094 336180 6504 39456 61523
"198504" 8622899 7123092 2277781 1617784 798035 161678 677931 1589884 242493 1257314 188338 57766 24416 106156 111351 0 0 263880 367864 37174 241024 7636 1342 38705 8622899 1904575 967372 180687 49737 455565 251214 419942 6298382 186025 1989488 1846916 117052 11837 13683 1097646 98420 191821 646612 328993 252363 0 178191 129935 4070 0 290993 367864 34754 353208 8690 58195 81114
"198601" 8798364 7246090 2299276 1660490 822611 156213 680083 1627417 243418 1308856 181677 55007 24309 102361 110135 0 0 262753 394587 45700 253962 8076 990 50976 8798364 1879344 944035 165321 53243 463389 253356 442006 6477014 184807 1989547 1847314 117365 10800 14068 1110590 99575 201880 667751 344426 258496 0 199678 164323 4542 0 289104 394587 43060 363291 10166 72666 78525
"198602" 9123749 7476084 2367988 1716285 846898 155085 711122 1678707 246202 1401463 190335 54117 24954 111264 119815 0 0 267790 429072 53248 275039 8892 1696 55576 9123749 1934482 959300 176025 55099 489208 254850 481176 6708091 191986 2033476 1883438 125666 10057 14315 1141450 103518 211826 687109 342323 265727 0 203013 193638 5337 0 297980 429072 50388 384181 11715 71529 83823
"198603" 9434242 7695540 2453026 1760610 867260 151369 727112 1736163 248927 1489775 194342 53761 27909 112672 127376 0 0 273279 475896 59601 290290 9733 1322 57936 9434242 1953144 968127 172629 56789 498421 257178 511937 6969161 192484 2090527 1928583 136504 10960 14480 1168805 109048 222991 710005 350169 278682 0 218314 229503 6132 0 299762 475896 56521 399919 13060 70014 77329
"198604" 9811696 7966260 2537309 1840006 886036 144914 752130 1805865 251862 1593574 195918 51865 27240 116813 135659 0 0 278730 531591 74723 301542 13329 3397 58685 9811696 2015286 1000956 175080 55447 525810 257993 536351 7260059 205454 2187581 2009448 152009 11508 14616 1191031 113885 234585 734480 333632 297085 0 213096 259858 6986 0 307558 531591 71423 409943 13660 66254 81957
"198701" 10008921 8089884 2542728 1885581 908028 139192 780422 1833933 251602 1667435 206528 52725 27218 126585 136330 0 0 273376 575435 93201 303341 14118 2952 62154 10008921 2054078 1029884 170584 53670 547992 251948 551444 7403399 204128 2171592 1983350 160808 12735 14699 1210729 115724 244851 755446 337054 308431 0 215426 297863 7587 0 303617 575435 89525 411437 15516 51374 87664
"198702" 10300995 8288435 2633315 1931956 922373 138867 795998 1865927 250790 1761770 216475 52266 32669 131540 144229 0 0 280741 615142 104156 310998 16628 3340 70061 10300995 2105753 1082676 166953 50803 556655 248666 572386 7622856 217931 2222595 2024109 170525 13275 14686 1248431 122065 255377 775209 337287 314410 390 210051 307962 7933 0 306101 615142 100060 424173 17106 36325 104308
"198703" 10545505 8461707 2706700 1969144 940324 136457 820948 1888134 252768 1831030 216397 50304 32394 133699 150371 0 0 288695 647084 116076 319401 18925 4022 70059 10545505 2169426 1140010 170133 48323 568156 242804 580988 7795091 219564 2261777 2058123 176193 12798 14663 1283566 128032 265372 801923 343606 318881 727 210729 306077 8956 0 314829 647084 111512 425300 19055 30299 97802
"198704" 10824585 8670067 2755136 2033849 956302 132440 842576 1949764 259005 1895513 217414 52505 33830 131079 164357 0 0 308184 669394 118309 313552 21312 3248 79743 10824585 2224885 1176378 174323 47708 583643 242833 586522 8013178 226459 2322961 2108621 186174 13464 14702 1310297 131347 274641 823111 347234 328766 1086 214956 291133 10967 0 330912 669394 113225 448327 21160 39779 107423
"198801" 11021558 8833721 2795128 2090603 978154 127865 851013 1990959 260901 1926936 212686 48123 32744 131819 161410 0 0 318489 677841 130381 304862 22009 3498 95760 11021558 2229542 1173927 172961 49981 591317 241356 636513 8155503 224895 2338333 2121077 188396 14040 14820 1327900 132997 283170 850149 342083 332938 1434 235347 304385 14134 0 334936 677841 124914 460152 22095 42765 105035
"198802" 11296047 9031377 2879203 2148724 1002208 129451 861342 2010450 262952 2001718 218148 47883 33269 136996 168064 0 0 322852 695315 138970 323365 22854 5327 106823 11296047 2293549 1228505 177092 53613 594042 240297 654859 8347639 229718 2393074 2163521 200886 13698 14969 1360022 138353 290904 874941 344989 341240 1844 222752 301383 19708 0 339806 695315 133091 481401 22768 34283 122047
"198803" 11539898 9219838 2956638 2179299 1028367 128621 876662 2050252 263655 2056405 217153 48338 32532 136283 174485 0 0 333457 721137 145774 319849 22941 5511 116098 11539898 2369483 1300153 180193 57157 600816 231164 671833 8498582 230764 2432209 2202667 200476 13899 15167 1379906 144755 298348 899657 363519 346439 2268 215818 304124 24682 0 347992 721137 139453 477437 23943 33693 112438
"198804" 11866214 9450688 3043603 2233392 1054199 121620 892989 2104885 269776 2145750 219378 48777 34360 136241 185992 0 0 353067 745287 154382 337507 24840 7517 117780 11866214 2469813 1382396 193299 58164 618591 217363 689055 8707346 240628 2479454 2234984 215594 13400 15476 1409258 148849 306009 927193 369218 350537 2730 225452 304468 28834 0 364169 745287 147585 493292 25410 23518 115455
"198901" 12123474 9606477 3082819 2292995 1065080 121047 901944 2142592 270312 2246685 217685 47157 30500 140028 196104 0 0 369286 770459 194139 335309 26353 9649 127701 12123474 2528377 1433963 199858 57286 624413 212857 729105 8865992 235422 2492380 2248696 212986 14881 15817 1408699 149729 313438 951408 372993 360635 3217 244755 304977 31464 0 375943 770459 187042 487258 25361 37374 113438
"198902" 12340483 9776884 3159888 2353461 1079045 122515 909380 2152595 269476 2294123 221011 46678 33087 141246 193900 0 0 373956 794482 195145 348936 26646 10865 129182 12340483 2546211 1435670 204700 54193 639286 212362 733650 9060622 238421 2539795 2292452 217222 14069 16052 1396898 152847 320920 979433 386261 371308 3752 257278 312350 31645 0 357281 794482 187748 507699 25512 67678 129314
"198903" 12547615 9938549 3238781 2369972 1091183 122145 926145 2190324 275578 2333488 225282 47063 34250 143969 181617 0 0 375399 827012 196950 362301 27003 10128 127796 12547615 2585518 1466579 207291 50695 651386 209567 760450 9201647 227606 2590255 2328988 229139 15722 16406 1361988 155743 328320 1000027 401792 376726 4276 274848 319637 34512 0 359222 827012 189253 524379 25577 69531 130943
"198904" 12839227 10152083 3319003 2409388 1109431 122663 940363 2251235 287876 2399268 224564 46709 35386 142469 171039 0 0 378297 869549 209825 374996 26942 13783 130273 12839227 2625614 1479640 225472 47092 664056 209353 815774 9397839 233300 2647426 2371855 242325 16193 17053 1316026 155998 335641 1028257 420827 381466 4870 293719 327167 35390 0 359906 869549 201103 537296 25960 103686 120252
"199001" 13072987 10345928 3378984 2464342 1111965 121932 958689 2310016 287947 2439113 220269 45130 33173 141966 161490 0 0 383040 905165 220130 381116 26602 12289 129012 13072987 2668146 1515776 199892 45703 687430 219345 832284 9572558 224423 2672333 2394865 241180 17431 18857 1322584 157305 342826 1060434 425084 397823 5440 336353 333620 37898 0 361633 905165 209760 538592 25608 72870 142807
"199002" 13293153 10506639 3451357 2503876 1111173 122901 969980 2347353 299016 2487497 211560 44262 32955 134343 152004 0 0 385944 944198 236537 388974 27222 10825 130233 13293153 2724996 1556481 200627 45001 693383 229504 850765 9717392 237829 2714531 2430281 249842 14876 19532 1267663 160140 349802 1093542 443832 405120 6061 325519 344612 36563 0 360783 944198 222905 556840 25302 68025 154125
"199003" 13505351 10671837 3520377 2527999 1107440 125229 980361 2410431 305496 2528018 199901 44857 32129 122915 142140 0 0 389380 978533 250037 384982 26693 14312 142040 13505351 2802819 1625361 190577 44456 697753 244672 879098 9823434 240750 2745583 2456268 255121 13297 20897 1223895 164136 356829 1117919 455308 407610 6749 351923 348916 36398 0 372483 978533 233988 563992 25004 50423 142996
"199004" 13766802 10834912 3580889 2542511 1101818 124145 987420 2498129 318246 2613644 197737 48453 34501 114783 140106 0 0 398544 1019861 269186 398118 27698 15289 147105 13766802 2930592 1741222 199354 43564 703355 243096 881742 9954469 241432 2772497 2466745 270756 13424 21572 1176494 166577 364159 1134528 464335 401989 7394 371251 360096 36692 0 373880 1019861 250274 564828 24200 106479 117503
"199101" 13870089 10894936 3597650 2532310 1094700 120477 1001003 2548796 332140 2643013 189265 46738 28106 114421 128290 0 0 401822 1050307 279989 397932 28274 16421 150713 13870089 2927113 1731166 190187 42078 713316 250366 877896 10065080 247307 2783090 2473699 275578 12255 21558 1124906 165877 372174 1168779 475826 407077 8158 410941 375121 38766 0 378709 1050307 260033 562669 23922 91624 119794
"199102" 14017424 11029888 3663770 2538159 1093801 123324 1018907 2591928 318486 2669051 186464 45110 28010 113344 115261 0 0 394451 1085984 293867 401322 28158 18154 145390 14017424 2978393 1768080 194234 40629 717699 257751 887116 10151915 253697 2796592 2480009 284424 11302 20857 1080720 169890 380239 1205750 474483 410771 8633 389832 394495 42557 0 373014 1085984 272571 571402 23917 100863 116506
"199103" 14185497 11158685 3701636 2522932 1074403 124713 1047760 2687242 323140 2703672 182777 46042 26181 110554 101822 0 0 399591 1123313 310950 394798 27909 18212 144300 14185497 3026302 1781640 211183 39188 737433 256859 890844 10268351 264708 2817830 2488653 297496 11641 20040 1032556 174724 387760 1224989 487145 408203 9342 389122 426246 46088 0 380229 1123313 288425 557316 23790 124282 102283
"199104" 14421326 11301351 3769686 2487183 1066428 123096 1078595 2776364 350371 2769603 184574 47370 24906 112298 95369 0 0 407723 1156489 322950 411740 28639 19000 143119 14421326 3094773 1824932 230011 38273 750582 250975 909610 10416943 272530 2853307 2502484 319238 11910 19675 1013220 179363 394125 1218878 489713 404616 10043 403927 440215 49482 0 388869 1156489 299478 572549 23579 123988 122571
"199201" 14582841 11415943 3788432 2504663 1061525 120996 1080582 2859746 340488 2826410 185867 47708 23137 115022 90740 0 1 410556 1179728 339008 410221 30404 19686 160199 14582841 3097446 1829962 212327 37715 762240 255202 938376 10547020 271756 2861297 2513967 313348 13591 20391 985397 181950 400541 1243514 495963 413591 10675 424773 461672 55306 0 410913 1179728 314822 572315 23495 108325 130987
"199202" 14781579 11530662 3828016 2511676 1053185 124294 1090174 2923317 356022 2894895 186015 51257 22045 112713 88531 0 4 423109 1218988 351769 404536 29420 23104 169419 14781579 3108512 1825776 236712 37329 758397 250298 968484 10704582 282593 2884702 2521932 328177 13121 21472 961419 188182 405688 1265450 496862 419702 11433 414413 498527 60007 0 420495 1218988 327521 560600 24225 135236 128539
"199203" 15004336 11671678 3893844 2506669 1043509 125087 1103719 2998850 363034 2969623 190177 55665 20142 114370 89775 11 49 440034 1243647 367558 413419 29843 22706 172404 15004336 3112137 1838267 233107 37898 759646 243218 985764 10906435 285246 2925645 2556743 328926 17468 22508 947109 193463 406918 1287050 510243 435342 12272 411993 535291 64628 0 437761 1243647 342735 567019 24198 145374 130501
"199204" 15212974 11816454 3970428 2511751 1035400 123435 1095095 3080345 372435 3024085 194551 58823 21155 114573 88366 46 7 448399 1272047 385538 416647 28215 21694 168575 15212974 3173784 1886536 257808 38145 752283 239012 983090 11056100 300424 2948644 2571936 335775 17515 23418 937415 197051 410584 1304370 515668 441755 13091 408579 566375 69666 0 458139 1272047 357903 574973 24971 122695 131750
"199301" 15339230 11889012 3970135 2520216 1025216 120627 1112632 3140186 384046 3066172 199083 59924 19304 119855 90830 45 39 456467 1299796 401032 400916 28308 19323 170333 15339230 3174125 1907521 239939 36797 756606 233262 993491 11171614 303584 2956577 2589355 326655 16387 24180 922639 202251 417575 1340384 529904 439711 13828 410913 606684 74662 0 461395 1299796 373249 545685 24985 140812 106980
"199302" 15573957 12060244 4040624 2534754 1021631 123821 1138174 3201239 401067 3112646 202643 64281 18173 120189 93963 124 184 473631 1301300 416750 398691 27333 22754 175273 15573957 3157098 1880511 245351 36376 767879 226981 1017301 11399558 318175 2998769 2628549 327080 18369 24771 921552 208526 426257 1372567 530988 450304 14644 410579 646958 79658 0 493981 1301300 388460 556318 25148 154700 100674
"199303" 15856039 12202977 4123129 2538755 1014864 125878 1153067 3247284 430552 3222510 203927 67130 16490 120307 97043 208 149 515554 1330555 437572 406819 28366 26419 175898 15856039 3121810 1823373 263995 36082 775721 222639 1052983 11681245 324161 3036406 2670164 322260 18667 25315 923249 213339 435279 1402449 554418 467926 15514 410636 691061 84654 0 529766 1330555 410879 556661 24460 154734 115098
"199304" 16180610 12391374 4210321 2553584 1012657 125304 1153040 3336469 468239 3320997 207951 68556 16027 123368 99630 234 246 528961 1356766 468034 415299 29883 33734 180259 16180610 3208270 1887355 271529 36934 784914 227538 1095001 11877339 336653 3090819 2721531 325979 17475 25834 914128 218715 443281 1415450 551863 468612 16173 428952 725915 89650 0 546664 1356766 437804 563098 25380 137533 109884
"199401" 16408466 12516101 4239149 2602867 1012536 123858 1149992 3387698 444801 3447564 207912 69298 14372 124242 98252 258 255 564165 1399296 492100 420788 32575 31258 200705 16408466 3249596 1951833 273514 33469 775263 215518 1139994 12018875 341487 3119837 2743810 331772 18239 26016 909746 224471 447981 1438003 551213 474054 16915 434138 733780 88725 0 569075 1399296 461540 559913 25666 115219 107816
"199402" 16623245 12634473 4323013 2634746 1015244 128719 1137325 3395425 440710 3548062 213481 72557 14163 126761 99696 299 261 600793 1432417 504222 428151 35490 31324 201928 16623245 3298909 2009089 273459 39691 763926 212744 1153281 12171054 351564 3155914 2780262 330812 18297 26543 912429 233666 452935 1447070 571748 473864 17797 433472 747779 87800 0 594022 1432417 474687 563598 25952 100804 93536
"199403" 16878166 12779870 4415183 2656832 1019882 130357 1125325 3432291 445855 3652442 222257 77970 14652 129635 103392 416 269 638791 1454933 521247 432744 39300 29419 209674 16878166 3338393 2059719 273615 40598 752068 212393 1187373 12352400 356816 3203919 2822326 335532 18962 27099 919432 240914 458636 1470304 589643 474601 18885 437868 741827 86875 0 624654 1454933 488291 569413 25956 95331 94102
"199404" 17207809 12973597 4531818 2688524 1024593 128847 1107497 3492319 443088 3791124 228096 81032 13439 133625 112423 457 592 701044 1472405 538291 452484 40037 34255 211040 17207809 3487183 2202269 289201 43744 729914 222054 1162773 12557854 368156 3254251 2869592 337130 18354 29175 920842 246769 465569 1487495 591542 478704 19860 459001 718790 85950 0 667913 1472405 500965 595056 24640 93329 106617
"199501" 17457651 13141695 4563128 2764854 1036171 126825 1092793 3557924 458448 3857508 232716 81976 13041 137699 107690 379 585 716783 1480246 552219 465675 40561 26870 233784 17457651 3451977 2188527 264381 45123 734161 219785 1226943 12778731 367115 3327813 2906511 373557 17977 29768 925300 248113 472291 1523579 599568 499314 21124 480644 719315 88078 0 674164 1480246 512053 609194 24819 101106 104894
"199502" 17779757 13340268 4652353 2844075 1046045 130239 1084057 3583499 471868 3967621 242761 86974 12876 142911 105897 346 622 748564 1499398 578437 479552 41784 26844 243416 17779757 3401906 2154178 290649 45826 697073 214181 1298494 13079357 375737 3410071 2963746 395966 19294 31065 922368 254995 479029 1557537 603699 500852 21883 507952 724845 90206 0 699868 1499398 534778 632876 24998 137410 100855
"199503" 18071826 13484578 4753177 2879053 1057348 132790 1058797 3603413 497865 4089384 252370 90393 11643 150334 107171 369 609 774093 1527030 619031 484773 42487 27368 254083 18071826 3408595 2222554 258525 46867 668922 211727 1382160 13281071 370564 3473239 3023730 401101 16892 31516 930377 258468 486030 1575304 603421 503265 22662 505712 739190 92334 0 714538 1527030 574148 639511 25175 136112 103991
"199504" 18468612 13667471 4841180 2941550 1069885 131377 1046732 3636747 567627 4233514 250579 92221 10356 148002 115047 374 512 807007 1570731 666360 500431 44573 29300 248600 18468612 3393638 2229482 280430 47585 638560 197581 1464789 13610185 380831 3520120 3056141 412563 18042 33374 913277 263007 493125 1587493 608441 509802 23269 545507 771251 94462 0 762794 1570731 611952 654563 25998 183429 90133
"199601" 18766646 13873799 4890684 3009201 1084975 129610 1042115 3717215 580438 4312409 241818 90431 10033 141354 117790 352 1143 814908 1600095 692959 514075 46660 21360 261249 18766646 3382047 2232756 257372 48721 637066 206132 1545111 13839489 379582 3541597 3068791 422150 16758 33898 921791 267008 498791 1601774 616716 525166 23840 595564 795919 95197 0 772232 1600095 636744 673204 26821 156180 111268
"199602" 19110013 14033881 4985306 3074236 1101899 134786 1043896 3693757 592296 4483836 253026 95824 8780 148422 128316 296 1213 846568 1643705 728583 525921 49582 24649 281977 19110013 3493155 2320707 266513 50300 648641 206994 1599265 14017593 386302 3590841 3101260 437134 18114 34333 932730 276863 502681 1601258 622551 539559 24204 594702 809026 95932 0 777733 1643705 668665 677538 27644 138187 107472
"199603" 19427547 14207957 5082003 3110170 1121621 136262 1024878 3733024 626133 4593457 256825 98791 8898 149136 134768 370 1112 866605 1679364 748336 536168 53068 26068 290773 19427547 3496743 2356537 258928 50898 624387 205993 1710982 14219822 386219 3643308 3135309 454173 19326 34500 945153 282579 508167 1631219 611028 528183 25035 606561 818343 96667 0 798727 1679364 686002 681114 28636 147063 116454
"199604" 19804543 14399827 5176984 3140278 1139157 135528 1026189 3781691 657242 4747474 263558 103912 9643 150003 140514 442 1600 897443 1711708 781007 555093 56465 27281 312363 19804543 3539110 2410890 270221 51563 604832 201604 1795616 14469818 393132 3707660 3175772 475836 21960 34092 933189 288497 514216 1657047 602307 538355 25640 634346 820169 97402 0 833841 1711708 712170 697114 30361 167730 104934
"199701" 20061769 14576195 5204042 3212515 1161349 134209 1034366 3829714 664211 4821363 266926 105601 9738 151587 136315 399 1788 895813 1740359 786673 555734 62756 26567 348033 20061769 3478313 2365446 261451 52566 592400 206450 1873618 14709839 397070 3775717 3218122 499478 22508 35609 931869 291192 515917 1680570 614216 558098 26064 658961 838544 97119 0 845112 1740359 717237 705111 32134 164501 120048
"199702" 20377866 14710320 5288705 3290218 1183552 140435 1046893 3760517 682223 4985323 286218 115383 10347 160488 144279 448 1822 945532 1762521 803898 584773 71300 35301 349231 20377866 3453159 2338508 249160 53040 605625 206826 1936624 14988083 412410 3856810 3295193 501774 23781 36062 937827 299905 521897 1723723 623901 574829 26571 656536 861255 96836 0 877825 1762521 735427 706823 36794 160152 116041
"199703" 20726365 14931082 5392222 3360881 1207932 143282 1055630 3771135 708164 5087119 294008 120800 9249 163959 149842 490 1867 957099 1791088 845044 572009 79618 33583 362471 20726365 3438569 2331649 249339 53650 590968 212963 2022226 15265570 412747 3912879 3351864 500959 22537 37519 928999 303890 530613 1746701 634650 590438 26869 678689 890426 96553 0 894058 1791088 763609 732657 40834 164662 125208
"199704" 21235907 15210825 5477566 3471581 1237138 142795 1076946 3804799 723639 5301443 309223 133400 7215 168608 160262 574 1783 996511 1826294 918344 584385 96107 35340 372620 21235907 3523285 2388092 262996 54154 604961 213082 2035613 15677010 431421 4031931 3450699 516051 27399 37782 928509 305250 538204 1751134 646762 598274 27474 721854 901089 96270 0 934180 1826294 826525 720786 50556 182594 157903
"199801" 21700371 15452635 5523366 3580951 1277648 143219 1096757 3830694 747037 5500699 329944 143227 5511 181206 162910 696 1785 1032256 1847555 963307 604966 111883 35082 410315 21700371 3510669 2383978 245880 57890 605972 216949 2083143 16106559 433807 4093661 3505099 518189 31218 39155 931524 306753 544676 1777262 645456 614623 27918 775012 939956 97503 0 993502 1847555 869400 734886 56965 242690 173410
"199802" 22219292 15689013 5654773 3692018 1324341 148027 1120962 3748892 772499 5757780 350160 155647 3996 190517 170708 757 1632 1073954 1909389 1039059 634989 127986 40084 409062 22219292 3632932 2468167 232265 61376 651602 219522 2137444 16448916 440299 4137424 3543594 526602 26808 40420 930941 315096 544908 1793154 638051 634219 28245 815893 979083 98736 0 1035879 1909389 945123 753799 58492 209379 180806
"199803" 22679264 15896063 5765173 3767557 1366479 151516 1125239 3720099 768425 6014776 365694 166013 3541 196140 186629 1019 2037 1147570 1976247 1101201 630872 147799 39435 416273 22679264 3666710 2471755 231909 64363 677543 221140 2135087 16877468 446450 4196031 3616276 510295 28314 41146 939237 320440 546244 1810579 637289 649230 28960 869141 1005879 99969 0 1120034 1976247 1003298 760739 55677 245878 166145
"199804" 23327732 16216365 5903385 3853443 1412700 150908 1143753 3752175 783172 6328195 382105 186213 2406 193486 212437 1127 2475 1275425 2018969 1176428 645308 158800 42533 412588 23327732 3685196 2438619 246015 67098 714641 218823 2201999 17440536 452479 4336127 3761370 504458 26473 43826 965460 324192 548877 1828037 639707 661474 30151 970453 1028381 101202 0 1251489 2018969 1078802 812759 45467 189354 157157
"199901" 23902361 16508354 5979386 3997367 1460507 148678 1162785 3759631 789403 6604604 390016 185328 2132 202556 226942 1509 3288 1323758 2113010 1224068 664939 165210 34756 457108 23902361 3755888 2491511 235655 65931 740831 221960 2249029 17897444 465997 4339927 3783239 488969 24983 42736 991141 330181 544449 1853538 658265 679916 30398 1034334 1053863 103157 0 1298208 2113010 1132039 842684 45895 211300 169142
"199902" 24301549 16668125 6109165 4081854 1497415 152809 1175256 3651626 781604 6851820 408148 200566 2100 205482 241583 1848 4033 1400457 2183642 1280012 694131 160274 30182 447510 24301549 3794460 2507736 230134 64859 767589 224142 2244770 18262319 485125 4383742 3848030 465579 25085 45048 1011679 341031 544767 1869586 688042 684857 31318 1002536 1087301 106907 0 1371213 2183642 1193642 871725 45333 158821 201052
"199903" 24904027 16987639 6269864 4204773 1547682 155294 1176730 3633296 799982 7116406 435982 222340 1821 211821 255390 2542 4307 1502334 2247217 1325417 686760 162243 34623 459591 24904027 3856437 2512813 232331 64287 785117 261889 2325421 18722168 489275 4491303 3945476 477128 21997 46702 1029905 348479 542693 1880385 709615 694559 32139 1051140 1086026 110221 0 1470254 2247217 1243856 890263 44654 166763 193421
"199904" 25388849 17291217 6395987 4270468 1608620 154166 1181009 3680967 748228 7349404 449270 227977 2003 219290 260445 3366 3200 1594210 2293531 1330268 720854 164770 25309 504181 25388849 3928268 2569690 221789 63964 816538 256287 2196131 19264450 478144 4648301 4079959 487415 32656 48271 1032612 351712 536539 1886006 746905 706990 33064 1155318 1076779 110815 0 1538823 2293531 1253349 946607 43964 154669 270322
"200001" 25787020 17514439 6463823 4405476 1656488 150849 1184349 3653454 778259 7494322 463593 240270 1959 221364 279189 2632 3016 1620483 2323499 1356150 734442 167407 36416 507495 25787020 3867659 2482016 224994 64234 836755 259660 2266786 19652575 501858 4739336 4184666 482958 22103 49609 1043667 358971 537978 1902241 735974 719300 32854 1239924 1058437 112182 0 1577421 2323499 1276792 985148 39931 194816 272246
"200002" 26156700 17682746 6629771 4525495 1717345 154933 1191301 3463902 770906 7703048 494675 263363 2029 229283 292148 2859 2746 1682743 2356632 1380892 769958 168140 36247 516008 26156700 3882408 2463319 240087 64253 854124 260625 2308155 19966137 505090 4860900 4308000 478981 22968 50951 1060437 370125 533755 1914148 703039 723414 33414 1195820 1073616 111115 0 1642657 2356632 1303323 1029716 38782 188155 321999
"200003" 26573922 17886177 6809431 4570075 1755387 155691 1185474 3410119 797226 7890519 502037 263244 1940 236853 286760 3136 2659 1752603 2415896 1418206 792327 166046 42588 508261 26573922 3882037 2437570 245499 65023 871305 262640 2352170 20339715 511543 4941227 4379865 486053 21285 54024 1080034 374760 535619 1935094 669964 726328 34068 1237104 1090051 109440 0 1702791 2415896 1336858 1066591 37961 243331 291055
"200004" 27137549 18165271 6987253 4632838 1806049 156149 1197892 3385090 814504 8157774 509257 264779 1962 242516 301250 3393 2481 1826417 2493244 1503516 807111 167573 40944 502588 27137549 3922799 2458108 248256 66042 887283 263110 2451069 20763681 511833 5019797 4433041 511304 20483 54969 1088802 379697 534318 1943882 621876 743241 35145 1317546 1103083 105253 0 1794446 2493244 1413642 1101883 38787 223617 293589
"200101" 27764075 18409264 7081157 4694972 1844093 155065 1225220 3408756 870174 8484637 540297 271935 1819 266543 308103 3241 1884 1892900 2535825 1555355 788746 167839 35007 655440 27764075 3941368 2466125 231433 68316 910484 265010 2533214 21289493 523872 5029114 4436167 516593 22296 54058 1100300 386979 525938 1969558 640888 719753 37817 1437289 1120733 103517 0 1868289 2535825 1470327 1116162 38887 317728 346517
"200102" 28107349 18613645 7279441 4774554 1888433 160468 1259436 3251314 871987 8621717 543739 273371 1353 269015 305298 3453 1908 1964609 2637391 1604212 805114 167593 43913 544487 28107349 3978722 2470442 229029 70337 943219 265695 2586939 21541688 535120 5056695 4478671 501316 21605 55103 1116014 392363 524940 2004799 621286 729268 39606 1450582 1165696 103488 0 1946225 2637391 1518791 1155778 39574 288404 215668
"200103" 28676079 18945662 7469984 4805891 1923213 161311 1265315 3319948 852199 8878218 554099 280338 1030 272731 310946 3832 2773 2046278 2760457 1669674 808971 165940 47064 508184 28676079 3962103 2440710 231621 71608 949487 268677 2663153 22050823 534146 5117377 4530278 509324 21259 56516 1118556 408397 530395 2054803 603927 700082 42228 1544483 1191799 103364 0 2030214 2760457 1578858 1154567 42605 366367 168198
"200104" 29318753 19297445 7659276 4824979 1967758 162564 1303401 3379467 865383 9155925 562122 294937 1089 266096 301211 4932 3119 2130565 2831784 1758570 817992 171371 42343 531916 29318753 3916790 2351902 243581 73131 981201 266975 2850152 22551811 551685 5226004 4625622 510740 24653 64989 1133536 421214 536564 2071506 587037 689395 44830 1584880 1229705 108468 0 2099115 2831784 1662622 1170745 47904 316043 238774
"200201" 29816213 19569782 7793064 4855249 2004551 161239 1325442 3430236 896010 9350421 564785 294846 966 268973 289452 5530 3716 2175623 2956420 1803009 804084 173503 38425 535874 29816213 3980765 2404289 239152 72941 994111 270272 2928193 22907255 575366 5246725 4644786 507651 27658 66630 1137600 434316 543519 2132025 598896 696708 46297 1555409 1280692 112122 0 2163115 2956420 1707847 1165210 54169 299565 201254
"200202" 30361963 19895311 8002829 4856573 2042126 166884 1375576 3451323 913114 9553538 574366 309249 939 264178 280110 6030 4025 2210400 3042612 1856461 834654 184732 42805 517343 30361963 4005710 2404443 244093 72752 1013469 270953 3095812 23260441 590693 5344013 4735417 512603 28140 67853 1131145 453655 552642 2183097 613772 675122 48076 1479665 1295914 112712 0 2203307 3042612 1763473 1202233 62520 352644 153146
"200203" 30914651 20244766 8221071 4835304 2080115 168499 1398958 3540819 918757 9751128 590555 317650 1066 271839 283184 6815 4518 2282789 3085197 1897011 861320 191362 46614 501763 30914651 3934902 2301151 258340 72564 1028455 274392 3215821 23763928 604201 5492801 4875005 521219 27732 68845 1154119 452898 564094 2249256 605835 657290 52637 1466384 1336480 112668 3747 2259192 3085197 1806647 1250844 69715 335245 204678
"200204" 31831442 20716089 8484261 4858572 2118606 169670 1447951 3637029 1072842 10042511 611842 324807 655 286380 278138 6906 5142 2350398 3158604 1987081 884204 198361 40624 521211 31831442 4169010 2484877 269407 72373 1067362 274991 3303009 24359423 629416 5630786 5019785 516928 27772 66301 1166904 465382 584680 2300315 581680 638697 57550 1567149 1368445 117110 3730 2323182 3158604 1897840 1292508 70122 344431 160892
"200301" 32437266 21027228 8659284 4888077 2141532 162948 1474818 3700569 1079641 10330397 627923 324592 538 302793 307054 7599 6250 2406836 3230475 2063073 883053 201586 50232 546316 32437266 4084642 2405252 269144 72746 1062205 275295 3450502 24902122 641474 5728832 5106123 523617 32962 66130 1214412 479136 597231 2359848 601715 620620 64381 1532200 1416005 123647 3443 2389839 3230475 1973246 1298216 68919 390925 167558
"200302" 33205128 21553425 8958489 4933190 2162810 162398 1529639 3806899 1122959 10528744 640138 337029 458 302651 306965 7997 6619 2454945 3292961 2117014 942260 205030 46175 508640 33205128 4137888 2436251 272641 73121 1082084 273791 3629471 25437769 652128 5886800 5252629 521291 42882 69998 1238782 494778 614843 2419179 615003 596790 64990 1541321 1481432 138069 3547 2419418 3292961 2027493 1364531 77217 341147 167340
"200303" 33844507 21973578 9239819 4933688 2186803 160229 1538555 3914483 1090773 10780156 638699 333394 470 304835 306420 8828 7405 2569913 3375161 2158850 956506 215895 48640 493839 33844507 4207552 2475387 286450 73495 1098802 273418 3733604 25903351 656126 5874183 5271584 491389 36355 74855 1261278 506394 634550 2454040 629468 628479 64759 1506960 1478749 148656 3940 2549745 3375161 2070655 1426617 84213 374974 174404
"200304" 34646277 22443642 9504962 4969885 2210156 157083 1568486 4033069 1253295 10949340 660355 337972 592 321791 313415 9073 8030 2601271 3343251 2222916 995291 230695 46991 518052 34646277 4460930 2722243 266797 73868 1125619 272403 3836123 26349224 666665 6010905 5407279 490317 36417 76892 1294249 516601 660487 2478757 653474 657518 63576 1471258 1506428 152575 4451 2564173 3343251 2125049 1468694 96440 424065 190608
"200401" 35311421 22886365 9673408 5007374 2273608 156370 1606683 4168922 1290444 11134612 678491 330454 550 347487 344396 8405 7939 2602671 3346388 2294109 1012010 246587 59978 533638 35311421 4359442 2586141 270468 76746 1147454 278633 4048484 26903495 674084 6192144 5577693 497873 36713 79865 1350039 524218 686874 2531933 654346 688769 63784 1416921 1559077 154994 5733 2581496 3346388 2197503 1512163 117920 405029 240080
"200402" 36039135 23348044 9973593 5032671 2334087 163490 1634590 4209612 1293089 11398002 710121 358036 576 351509 372840 9624 8615 2656374 3366532 2408374 1029952 264527 60596 510447 36039135 4471746 2686020 272026 79625 1159402 274673 4300167 27267221 687391 6338637 5729368 488646 36134 84489 1392376 541271 702154 2571285 656574 709454 65496 1353611 1559077 160448 6619 2620858 3366532 2303590 1565206 131287 325464 209891
"200403" 36790112 23832765 10250588 5073689 2393467 169410 1652693 4292917 1324704 11632643 728339 361073 651 366615 371801 9855 8639 2685944 3380765 2529191 1063194 287536 68897 498482 36790112 4526338 2718103 276853 82502 1172868 276012 4468125 27795648 700341 6410804 5801981 484822 36887 87114 1428100 546660 726908 2615043 655677 697474 68215 1321591 1586935 160516 7181 2636388 3380765 2420537 1604754 154215 453514 220030
"200404" 37816167 24441810 10569558 5166524 2455336 172851 1682557 4394983 1438797 11935560 738731 356712 736 381283 404789 11374 11063 2676270 3384018 2662226 1129623 340112 62237 515117 37816167 4852497 2996347 297997 85380 1198064 274709 4634684 28328986 717819 6621244 5980742 513318 36378 90806 1417733 556374 746457 2643930 654617 675292 68243 1346311 1623014 163620 8230 2613038 3384018 2554822 1675884 198747 394898 264695
"200501" 38617117 24987352 10774072 5217877 2532929 170947 1731877 4559650 1456170 12173595 776462 372554 641 403267 398306 11758 10662 2640891 3407181 2813436 1143914 359195 65026 546764 38617117 4880030 2970641 311573 88235 1236960 272621 4809110 28927977 717326 6827135 6128279 571027 34018 93811 1496823 565804 770888 2690096 663228 674388 70378 1294305 1669320 165927 11156 2577757 3407181 2710317 1671237 208318 440012 296381
"200502" 39451018 25490665 11096010 5307025 2618260 177902 1774619 4516849 1482898 12477455 792442 383060 759 408623 414478 12544 11231 2624974 3442350 2988991 1143863 383139 63720 599723 39451018 5012664 3051598 314333 91091 1283944 271698 4965125 29473229 724722 6988243 6248857 600612 41375 97399 1551216 578970 782320 2713570 672290 682596 73218 1245052 1697345 166847 12021 2576392 3442350 2886332 1694294 226251 457328 301872
"200503" 40179267 26091110 11431775 5371846 2699804 184912 1813154 4589619 1518603 12569554 810546 388273 780 421493 418023 12619 11335 2557661 3484951 3172341 1038618 397228 70720 595512 40179267 5044346 3028120 321959 93948 1325598 274721 5150467 29984454 736360 7166166 6399548 637984 29864 98770 1589821 585867 812325 2743752 685032 679642 75241 1241829 1719573 166644 13787 2551788 3484951 3068147 1669440 239905 431988 322196
"200504" 41276385 26766554 11742895 5490215 2786933 190120 1854523 4701868 1513871 12995960 823857 393574 770 429513 427307 14656 11476 2592229 3548483 3391672 1108578 395483 62361 619858 41276385 5386609 3323550 340409 96803 1352043 273804 5191311 30698465 744215 7278378 6487362 657846 32210 100960 1617085 592570 819269 2753923 699882 693396 75985 1340815 1747072 165816 14988 2543933 3548483 3287745 1740616 239742 477193 317359
"200601" 42357554 27453009 12033532 5602711 2888643 189720 1880407 4857996 1567363 13337182 837020 397610 756 438654 425333 14597 12186 2589715 3627218 3605658 1099322 411656 71136 643341 42357554 5530835 3452999 328481 96786 1375689 276880 5378767 31447952 758542 7452186 6640123 676154 33914 101995 1664259 604070 830649 2793634 699951 718198 77337 1353521 1805406 168226 15740 2552489 3627218 3486184 1743393 251205 497249 348495
"200602" 43361512 28012669 12387821 5730759 2992616 195931 1922320 4783222 1611236 13737607 889579 421866 717 466996 427809 16308 12509 2638504 3691812 3791024 1122244 419490 72769 655559 43361512 5592053 3479018 327046 96769 1410799 278421 5622038 32147421 766364 7666183 6823073 711248 31921 99941 1701452 615614 837399 2813979 713666 755128 81798 1375862 1839469 172351 18023 2591248 3691812 3680626 1764221 264804 469989 327433
"200603" 44277850 28541057 12691009 5783436 3093328 199840 1946863 4826581 1761033 13975760 900339 423421 700 476218 433540 16796 13107 2617630 3768725 3966859 1119521 425882 74011 639350 44277850 5583316 3452057 320412 96750 1434206 279891 5869910 32824624 768924 7718124 6849191 736247 33560 99126 1760958 618934 846103 2825644 741597 786272 83709 1461155 1874014 170439 18731 2578957 3768725 3861287 1791729 273601 537319 338402
"200604" 45351370 29178067 12929505 5955229 3195578 204287 2008211 4885256 1882640 14290663 997963 497762 491 499710 319138 18885 14177 2627811 3841119 4199427 1144173 410987 68788 648195 45351370 5646434 3470384 328820 96731 1470568 279931 6199729 33505207 778915 8040494 7144102 761583 35559 99250 1533169 622652 864060 2786422 758304 807973 84344 1560822 1931997 171822 20718 2590542 3841119 4087545 1811602 265825 583372 363510
"200701" 46523391 29814075 13108403 6087706 3309463 205339 2065720 5037444 1923416 14785900 1015586 494942 336 520308 311309 16249 15412 2644481 3956458 4360893 1234196 429156 83652 718508 46523391 5828705 3642286 300746 99223 1501896 284554 6532296 34162390 780901 8048804 7113965 805855 31364 97620 1588290 629200 868386 2813310 789352 814347 88071 1623870 2005424 171602 22423 2558400 3956458 4245886 1806378 288659 677153 385476
"200702" 47542086 30361505 13361286 6312816 3424525 209968 2125739 4927171 2003501 15177080 1062488 510604 411 551473 311040 18897 18566 2684834 4077824 4516645 1240306 427135 93615 725730 47542086 5832398 3599981 295269 101712 1550083 285353 6819837 34889851 790522 8238969 7256226 855301 30051 97391 1605525 641030 866843 2836741 817949 819281 88918 1686082 2093454 175085 26327 2596681 4077824 4404540 1807048 280700 583755 452577
"200703" 48879947 31059583 13610288 6517439 3535043 213869 2150030 5032913 2011051 15809313 1184292 597160 290 586842 401192 28373 25282 2823986 4252616 4564642 1280367 423033 86273 739257 48879947 6104534 3920214 265437 104204 1527218 287461 6928577 35846836 779632 8490347 7442933 914779 35412 97223 1639533 652564 870049 2865602 835507 806166 93307 1789536 2141606 170596 29088 2758893 4252616 4456820 1831875 248058 718223 416818
"200704" 50041559 31707710 13802872 6714036 3650344 218865 2199254 5122338 2126310 16207539 1261160 629592 511 631057 423274 32300 28700 2910192 4464418 4535415 1279631 421212 64803 786434 50041559 6233351 4065756 249718 106694 1524635 286548 7272566 36535642 740611 8781634 7666843 963286 58661 92844 1596136 657903 869328 2871182 860835 820274 96092 1936406 2203139 170937 34036 2829541 4464418 4420641 1828220 244658 803101 306550
"200801" 50802468 32201255 13866071 6838597 3739128 209759 2225134 5322565 2175950 16425263 1312922 647152 369 665401 436300 28500 31100 2938117 4602238 4473170 1301438 403763 120112 777603 50802468 6103341 3993458 204751 109334 1503950 291848 7398654 37300473 630977 8904808 7750582 1001833 59675 92718 1610807 665011 872136 2897487 875663 826814 106121 2237525 2256723 165539 38920 2913958 4602238 4351796 1846894 224037 864267 408752
"200802" 51249696 32389443 13878275 6985405 3790225 221372 2240021 5274145 2175714 16684539 1394175 655912 332 737931 431320 35400 33400 3102075 4760244 4364664 1299264 397530 85936 780531 51249696 6112864 4011980 210176 111059 1482847 296802 7575735 37561097 509124 8972238 7816047 977626 84101 94464 1618118 684744 867014 2916335 896255 835498 108103 2232818 2356558 159680 44545 3014502 4760244 4256513 1835053 223330 691840 578585
"200803" 52066107 33075630 13911167 7059919 3841748 218472 2243689 5800635 2019301 16971176 1460529 785885 0 674644 377950 43500 42900 3152680 4892653 4270430 1264678 389908 276660 799288 52066107 6197947 4127033 206858 112987 1445179 305890 7592837 38275323 780932 9394853 8245557 980218 75026 94052 1336533 697025 854311 2904502 914439 834599 115096 2232010 2340871 149045 51452 3048235 4892653 4172977 1816934 209837 820777 708242
"200804" 52435410 33613890 13843729 7073268 3861702 222868 2250793 6361530 1708780 17112740 1421959 708648 0 713311 356136 40600 54900 3181923 4961428 4127522 1200265 372601 142551 1252855 52435410 6043867 3956138 217547 113623 1383474 373085 7503109 38888434 986040 9425111 8197945 1063669 72591 90906 1320003 697855 853408 2882818 951442 833526 120297 2674968 2276447 131204 56987 3033594 4961428 4029286 1755896 180804 717424 999896
"200901" 52744456 34015742 13760479 7109247 3818522 220258 2280291 6826945 1736229 16992485 1724863 626106 0 1098757 321761 30300 52500 3118309 5041969 3922561 1148039 364037 102448 1165698 52744456 6559513 4404908 188365 111987 1396818 457435 7582749 38602194 1168115 9297292 8143434 993187 71474 89197 1311504 698649 855821 2924228 987948 827020 124490 2575187 2319887 131481 69018 2980060 5041969 3833812 1703446 176856 594013 981398
"200902" 52496645 34271842 13712027 7116178 3747234 221138 2309931 7165334 1787432 16437371 1720828 617832 0 1102996 253244 28500 50500 2948078 5170747 3742083 1102233 352483 102207 966468 52496645 6333750 4098545 201708 109454 1370810 553233 7609447 38553448 1469451 9278344 8223258 890164 75470 89452 1212229 716977 861779 2954345 1005143 823812 124743 2412145 2435950 135852 80492 2909020 5170747 3661913 1651115 181102 599166 869123
"200903" 52320831 34503236 13671917 7084558 3656411 219849 2326512 7543988 1856674 15960921 1685123 562433 0 1122690 192344 28300 47500 2800509 5297548 3547897 1074944 347752 104052 834952 52320831 6483815 4186111 194352 106403 1358658 638291 7628654 38208362 1776621 9025750 8003915 854479 76460 90896 1188165 725855 870745 2985265 1037722 819173 125770 2163802 2539984 139260 91491 2812689 5297548 3477714 1610449 178077 533430 808852
"200904" 52253027 34646644 13603722 7083546 3571027 220851 2362074 7805424 2012024 15594359 1645261 576092 0 1069169 152329 26500 48300 2706589 5376395 3344357 1044063 338896 92851 818818 52253027 6453811 4089152 208814 103564 1353941 698340 7784951 38014265 1987670 9001433 8055495 782670 75140 88128 1079249 730956 886722 3022624 1062997 818099 127735 2031247 2657175 141529 102948 2699652 5376395 3280954 1532615 168255 525315 780695
"201001" 51935115 35069328 13512730 7171666 3492306 216293 2393167 8283165 2032994 14832793 1975122 906812 0 1068310 143334 25400 45600 6602726 1006866 2759674 1048106 343355 92252 790358 51935115 6595289 4196876 211748 100891 1361124 724650 7945559 37394267 2151816 9217293 8281968 772842 78705 83778 1080931 737250 882848 3052186 1090041 818552 129363 1832650 2784855 143939 113241 6577402 1006866 2702982 1556937 168739 544929 801447
"201002" 51955387 35334379 13456177 7220555 3425152 216396 2388445 8627654 2028283 14592725 1920432 881708 0 1038724 136150 25000 45600 6535594 1071640 2642644 1017651 345004 100907 752103 51955387 6696364 4296047 212252 98399 1342406 747260 8094146 37164876 2187329 9091046 8191186 764961 62673 72226 1069016 750197 879668 3071314 1114300 819208 133603 1706764 2834294 141952 124595 6494058 1071640 2586444 1526108 169563 529086 864691
"201003" 52280475 35777939 13430322 7323123 3383972 220525 2402233 9017764 2067225 14435311 1925510 836650 0 1088860 133812 25200 45300 6448835 1120724 2544936 979294 348097 106012 757591 52280475 6659941 4190930 216633 96654 1351663 804061 8319686 37300848 2150311 9300200 8235055 887999 107855 69291 1073271 751840 887695 3118641 1131033 813866 138301 1603083 2967742 144255 133392 6385052 1120724 2488707 1503510 170929 578282 840014
