"DATES" "FL893065005.Q" "FL893065105.Q" "FL893065405.Q" "FL893065505.Q" "FL893065603.Q" "FL893065005.Q" "FL153165005.Q" "FL143165005.Q" "FL103165005.Q" "FL113165003.Q" "FL893065603.Q" "FL313165403.Q" "FL643165005.Q" "FL893065005.Q" "FL153065005.Q" "FL103065003.Q" "FL113065005.Q" "FL213065005.Q" "FL313065005.Q" "FL763065005.Q" "FL443065005.Q" "FL473065105.Q" "FL513065503.Q" "FL543065000.Q" "FL573065005.Q" "FL223065003.Q" "FL403065005.Q" "FL413065005.Q" "FL673065005.Q" "FL613065000.Q" "FL643065005.Q"
"195201" 84449 53102 10820 13713 6814 84449 54643 29806 13320 9672 6814 0 0 84449 18605 27 0 334 2649 14860 25820 357 120 19889 126 113 1028 45 0 476 0
"195202" 86817 54832 11037 13927 7021 86817 56446 30372 13190 10161 7021 0 0 86817 18865 28 0 359 2685 15177 26969 404 121 20349 133 122 1046 47 0 512 0
"195203" 89241 56671 11275 14161 7134 89241 58372 30869 13165 10570 7134 0 0 89241 19076 29 0 385 2751 15590 28156 360 122 20812 141 131 1068 50 0 570 0
"195204" 91547 58433 11481 14397 7236 91547 60214 31333 13365 10732 7236 0 0 91547 19236 30 0 409 2933 15867 29276 390 123 21251 149 141 1091 53 0 598 0
"195301" 93666 60023 11587 14660 7396 93666 61873 31793 13654 10743 7396 0 0 93666 19569 31 0 430 3118 16080 30216 395 125 21741 159 152 1114 55 0 481 0
"195302" 96535 62243 11766 14939 7587 96535 64135 32400 13620 11193 7587 0 0 96535 19836 32 0 451 3267 16387 31681 428 129 22253 170 163 1136 56 0 546 0
"195303" 99035 64222 11934 15212 7667 99035 66236 32799 13626 11506 7667 0 0 99035 19970 32 0 471 3355 16640 33076 386 134 22736 181 175 1158 58 0 663 0
"195304" 101372 65950 12121 15564 7737 101372 68023 33349 14030 11582 7737 0 0 101372 20232 32 0 492 3323 16850 34355 383 139 23322 192 188 1180 60 0 624 0
"195401" 103333 67363 12174 15880 7916 103333 69512 33822 14315 11591 7916 0 0 103333 20439 32 0 514 3255 16970 35472 361 143 23817 203 202 1211 61 0 653 0
"195402" 106931 70179 12312 16324 8116 106931 72432 34499 14167 12216 8116 0 0 106931 20762 32 0 538 3799 17382 36966 456 145 24432 213 217 1242 62 0 685 0
"195403" 109702 72281 12452 16782 8187 109702 74622 35080 14081 12812 8187 0 0 109702 21052 32 0 561 3316 17920 38610 416 145 25083 224 233 1262 70 0 778 0
"195404" 113524 75300 12665 17313 8246 113524 77619 35905 14536 13123 8246 0 0 113524 21367 33 0 582 3425 18574 40326 407 143 25976 238 249 1281 78 0 845 0
"195501" 117199 78180 12782 17765 8472 117199 80520 36679 14829 13378 8472 0 0 117199 21739 36 0 599 3457 19125 41930 505 144 26768 255 266 1344 86 0 945 0
"195502" 121597 81638 12989 18263 8707 121597 83700 37897 15140 14050 8707 0 0 121597 22030 40 0 613 3551 19940 44033 543 146 27518 274 283 1417 95 0 1114 0
"195503" 125837 84973 13179 18819 8866 125837 87064 38774 15299 14609 8866 0 0 125837 22256 44 0 626 3572 20540 46303 526 149 28277 296 301 1483 105 0 1359 0
"195504" 129765 87878 13490 19375 9022 129765 89745 40020 16270 14728 9022 0 0 129765 22667 47 0 641 3622 21004 47953 524 152 29445 321 318 1583 116 0 1372 0
"195601" 133196 90294 13657 19954 9291 133196 92508 40688 16407 14990 9291 0 0 133196 23137 49 0 657 3625 21390 49441 522 156 30396 349 336 1724 127 0 1287 0
"195602" 137257 93259 13827 20582 9589 137257 95609 41648 16492 15567 9589 0 0 137257 23606 50 0 671 3634 21990 51183 649 159 31292 381 352 1872 138 0 1280 0
"195603" 141041 96111 13972 21199 9759 141041 98773 42268 16478 16031 9759 0 0 141041 23913 51 0 690 3631 22500 53061 596 161 32112 415 371 2041 143 0 1356 0
"195604" 144388 98686 14064 21803 9835 144388 101360 43028 17053 16140 9835 0 0 144388 24268 54 0 721 3644 22719 54588 593 161 32989 449 395 2390 149 0 1268 0
"195701" 147230 100791 14085 22321 10033 147230 103440 43790 17595 16162 10033 0 0 147230 24811 58 0 762 3695 22670 55760 678 161 33679 482 425 2835 157 0 1057 0
"195702" 150188 102981 14182 22794 10231 150188 105594 44594 17746 16617 10231 0 0 150188 25275 63 0 814 3737 22760 57285 686 161 34181 514 460 3117 166 0 969 0
"195703" 153545 105340 14379 23478 10348 153545 108187 45310 17815 17147 10348 48 0 153545 25786 68 0 871 3813 23105 58870 651 161 34695 547 499 3338 170 0 971 0
"195704" 156584 107317 14611 24259 10397 156584 110319 46169 18401 17371 10397 96 0 156584 26226 72 0 923 3925 23337 60320 592 161 35236 583 540 3553 173 0 943 0
"195801" 159279 108918 15025 24812 10524 159279 112416 46641 18513 17604 10524 222 0 159279 26693 76 0 975 3993 23400 61517 666 161 35693 619 584 3670 175 0 1057 0
"195802" 162852 111085 15517 25496 10754 162852 114930 47575 18661 18160 10754 347 0 162852 27482 80 0 1026 4050 23960 63418 631 161 36029 655 631 3381 177 0 1171 0
"195803" 167161 113980 16020 26204 10957 167161 117832 48890 18984 18949 10957 439 0 167161 28113 84 0 1079 4103 24700 65604 665 161 36438 695 681 3370 183 0 1285 0
"195804" 172020 117124 16565 27222 11109 172020 120818 50670 20035 19526 11109 532 0 172020 28834 87 0 1135 4335 25523 67729 619 160 37062 742 736 3468 190 0 1400 0
"195901" 176132 119882 17132 27761 11357 176132 123904 51647 19958 20332 11357 581 0 176132 29277 74 0 1196 4759 26130 69418 723 160 37461 796 792 3637 195 0 1514 0
"195902" 181268 123292 17679 28553 11744 181268 127435 53201 20005 21452 11744 632 0 181268 29885 62 0 1263 5183 27060 71883 730 158 37849 856 847 3834 201 0 1457 0
"195903" 186396 126953 18212 29283 11948 186396 131126 54531 20034 22549 11948 739 0 186396 30260 21 0 1329 5481 27635 74638 780 155 38413 921 911 4087 202 0 1563 0
"195904" 191073 130044 18700 30228 12101 191073 134195 56031 20846 23084 12101 847 0 191073 30746 21 0 1390 5605 28145 76840 752 146 39197 989 992 4400 203 0 1647 0
"196001" 194895 132526 19199 30899 12271 194895 137235 56713 20668 23774 12271 947 0 194895 31288 22 0 1442 5529 28228 78574 930 145 39905 1063 1091 4794 204 0 1680 0
"196002" 199242 135313 19702 31668 12559 199242 140025 58168 20892 24717 12559 1049 0 199242 32057 23 0 1485 5573 28464 80835 906 145 40518 1145 1209 5087 206 0 1589 0
"196003" 204050 138529 20293 32531 12697 204050 143382 59518 21108 25713 12697 1150 0 204050 32767 24 0 1529 5671 28693 83499 875 147 41076 1227 1333 5332 204 0 1673 0
"196004" 208355 141324 20786 33407 12838 208355 146190 60913 21732 26343 12838 1252 0 208355 33521 24 0 1582 5800 28806 85819 853 149 41771 1301 1450 5467 201 0 1611 0
"196101" 212203 143595 21424 34121 13063 212203 148664 62233 21561 27609 13063 1306 0 212203 34375 26 0 1643 5885 28864 87785 993 153 42321 1369 1564 5416 201 0 1608 0
"196102" 217105 146552 21943 35173 13437 217105 151551 64194 22025 28732 13437 1360 0 217105 35202 28 0 1712 5977 29383 90535 926 156 42941 1430 1680 5250 200 0 1685 0
"196103" 222740 150128 22790 36085 13737 222740 155305 66018 22208 30073 13737 1417 0 222740 35959 30 0 1783 6108 29920 93522 1015 157 43381 1491 1793 5384 244 0 1953 0
"196104" 228918 153976 23622 37403 13917 228918 159243 68201 23221 31063 13917 1474 0 228918 36783 33 0 1849 6249 30442 96429 1083 155 44203 1560 1896 5700 290 0 2246 0
"196201" 233251 156437 24218 38374 14222 233251 161816 69881 23574 32085 14222 1554 0 233251 37326 38 0 1914 6300 30844 98908 1134 154 44606 1634 1990 5921 312 0 2170 0
"196202" 239381 160186 24937 39584 14674 239381 165734 72012 23972 33366 14674 1635 0 239381 37924 44 0 1979 6295 32194 102195 1095 150 45119 1713 2074 5839 336 0 2424 0
"196203" 245739 164293 25769 40733 14944 245739 169976 74080 24477 34659 14944 1683 0 245739 38354 50 0 2042 6294 33430 105731 1158 144 45670 1794 2155 5858 373 0 2686 0
"196204" 252387 168256 26732 42206 15193 252387 174044 76609 25544 35872 15193 1734 0 252387 38955 54 0 2100 6321 34476 109091 1227 134 46902 1876 2242 5899 413 0 2697 0
"196301" 257392 171301 27382 43148 15561 257392 177304 78329 25907 36861 15561 1759 0 257392 39273 56 0 2154 6272 35243 112325 1327 131 47527 1957 2331 5654 453 0 2689 0
"196302" 264596 175751 28202 44492 16151 264596 181781 81029 26528 38350 16151 1786 0 264596 40043 56 0 2202 5929 36939 116401 1321 128 48313 2035 2420 5337 495 0 2977 0
"196303" 272013 180611 28994 45835 16573 272013 186862 83361 27035 39753 16573 1790 0 272013 40268 56 0 2249 5867 38360 120669 1395 126 49206 2119 2512 5334 509 0 3343 0
"196304" 279204 185054 30024 47304 16822 279204 191370 86038 28192 41024 16822 1796 0 279204 40476 60 0 2297 5922 39414 124640 1482 121 50544 2220 2612 5361 525 0 3530 0
"196401" 284825 188724 30936 47831 17334 284825 195243 87790 28682 41774 17334 1793 0 284825 40828 65 0 2353 5934 40200 127882 1486 120 51455 2357 2716 5447 551 0 3431 0
"196402" 292150 193315 32095 48672 18068 292150 199826 90537 29327 43142 18068 1787 0 292150 41105 72 0 2413 5877 41648 131816 1428 120 52489 2506 2822 5537 581 0 3736 0
"196403" 299720 198023 33313 49848 18536 299720 204798 93117 30018 44563 18536 1805 0 299720 41560 79 0 2471 5874 42948 135987 1485 120 53524 2640 2937 5600 602 0 3893 0
"196404" 306981 202282 34578 51179 18942 306981 208970 96185 31516 45727 18942 1826 0 306981 42045 84 0 2524 5873 43976 139650 1450 120 55152 2778 3070 5715 624 0 3920 0
"196501" 312679 205839 35384 51982 19474 312679 212849 97980 32074 46432 19474 1850 0 312679 42123 86 0 2574 5839 44799 142514 1589 124 56317 2919 3221 5918 676 0 3980 0
"196502" 319959 210278 36300 53197 20184 319959 217470 100613 32464 47965 20184 1876 0 319959 42429 86 0 2622 5726 46548 145906 1586 130 57347 3175 3389 6118 730 0 4167 0
"196503" 327343 214990 37243 54413 20697 327343 222447 103035 32880 49458 20697 1861 0 327343 42339 86 0 2667 5757 48353 149564 1505 137 58413 3298 3567 6335 797 0 4525 0
"196504" 334458 219397 38213 55661 21187 334458 226865 105748 33986 50575 21187 1845 0 334458 42559 88 0 2713 5854 49675 152725 1426 142 60013 3385 3746 6801 869 0 4462 0
"196601" 341206 223305 39187 57017 21697 341206 231175 108201 34315 52189 21697 1830 0 341206 42547 93 0 2758 6069 50650 155487 1672 140 61232 3508 3936 7774 949 0 4391 0
"196602" 348371 227179 40075 58796 22321 348371 234892 111664 35757 53586 22321 1815 0 348371 43374 100 0 2805 6281 52306 157716 1623 140 62509 3591 4143 8434 1033 0 4316 0
"196603" 354019 230219 40708 60317 22775 354019 238242 113977 36570 54632 22775 1800 0 354019 43937 108 0 2848 6574 53606 159343 1502 140 63565 3710 4344 8919 1167 0 4256 0
"196604" 358484 232689 41275 61468 23052 358484 240752 115949 37561 55336 23052 1783 0 358484 44564 114 0 2888 6891 54355 160493 1434 143 64609 3911 4516 9354 1314 0 3898 0
"196701" 361810 234169 41968 62233 23440 361810 242611 117429 37939 56050 23440 1770 0 361810 44907 115 0 2922 7053 54481 161518 1435 171 65469 3991 4681 9732 1480 0 3855 0
"196702" 367396 237025 42801 63577 23993 367396 245539 120102 38236 57873 23993 1755 0 367396 45293 113 0 2948 7152 55656 163878 1428 176 66126 3976 4847 9895 1660 0 4248 0
"196703" 374653 241435 43748 64924 24546 374653 250398 122517 38237 59734 24546 1738 0 374653 45765 111 0 2975 7465 57382 167078 1425 181 66647 4059 4925 10448 1821 0 4371 0
"196704" 381938 245857 44815 66249 25017 381938 253075 127143 40818 61308 25017 1720 0 381938 46490 112 0 3003 7817 58894 170038 1384 185 67516 4083 5003 11131 1988 0 4294 0
"196801" 387904 249262 45477 67542 25623 387904 258270 127892 40242 62027 25623 1702 40 387904 47196 106 0 3044 8218 59969 172254 1319 188 67973 4091 5148 11958 2169 0 4121 150
"196802" 395303 253560 46242 69114 26387 395303 262479 131060 40662 64011 26387 1684 80 395303 47642 104 0 3090 8569 61792 175104 1311 190 68421 4050 5269 12596 2359 0 4423 383
"196803" 402970 258066 47141 70927 26836 402970 267343 133797 40992 65969 26836 1670 160 402970 48619 103 0 3141 8935 63579 178384 1279 192 68907 4071 5275 12908 2444 0 4595 538
"196804" 411264 262817 48251 73019 27177 411264 271983 137427 42242 68008 27177 1654 200 411264 48965 100 0 3195 9261 65476 181810 1276 193 69975 4067 5362 13293 2526 0 4935 830
"196901" 415950 264740 49196 74367 27647 415950 274484 139474 42638 69189 27647 1635 357 415950 47204 123 0 3243 9507 66914 184549 1259 195 70382 4079 5426 14006 2616 0 5455 992
"196902" 424107 269621 50352 75792 28342 424107 279375 142754 42356 72056 28342 1610 368 424107 46921 160 100 3302 9782 68865 188100 1182 196 70858 4069 5475 14732 2701 0 6389 1275
"196903" 431930 274395 51512 77271 28752 431930 284513 145442 41942 74748 28752 1598 378 431930 47312 201 200 3432 9980 70168 191861 1087 197 71368 4134 5550 16002 2949 0 5991 1498
"196904" 439797 278575 53176 79051 28995 439797 288376 149418 43085 77338 28995 1573 430 439797 49123 236 300 3652 10231 70517 194048 1055 200 72027 4216 5575 17664 3204 0 5742 2007
"197001" 442873 280864 53467 78950 29592 442873 286156 154729 55897 69240 29592 1556 433 442873 47002 194 400 4078 10318 70962 195005 745 208 72673 4230 5650 19332 3499 0 6222 2355
"197002" 450493 284264 55054 81253 29922 450493 289098 159416 56824 72670 29922 1532 448 450493 47868 202 500 4187 10448 71399 197512 764 220 73227 4213 5808 20653 3713 0 7036 2743
"197003" 460212 288246 57668 84057 30241 460212 292998 165188 57973 76974 30241 1506 520 460212 49727 208 600 4353 10496 72501 201094 784 233 73582 4193 5789 22230 4132 0 7138 3152
"197004" 469246 292122 60129 86503 30492 469246 296450 170752 59574 80686 30492 1498 546 469246 49990 214 700 4569 10533 73275 205201 800 245 74375 4171 5920 23046 4755 0 7548 3904
"197101" 477073 296238 62312 87700 30823 477073 300675 174333 60324 83186 30823 1484 582 477073 49249 219 975 4875 10444 74424 209350 813 245 74533 4080 6019 23087 5957 0 8481 4322
"197102" 490027 303099 65052 90090 31786 490027 306297 181652 61462 88404 31786 1463 616 490027 49684 199 1275 5031 10404 76639 216055 824 240 74509 3914 6170 23427 7572 0 9109 4975
"197103" 504141 311300 67399 93327 32115 504141 314144 187919 62235 93569 32115 1445 633 504141 48555 220 1575 5358 10335 80008 223810 835 233 74751 3768 6178 25299 8369 0 9332 5515
"197104" 517819 318361 70094 96983 32381 517819 320571 195142 64586 98175 32381 1426 680 517819 47291 239 1875 5648 10153 82515 231199 847 223 75496 3658 6288 26672 9516 0 9996 6203
"197201" 531510 325700 72680 100034 33096 531510 327659 201721 67335 101290 33096 1401 729 531510 47607 237 2175 5983 10239 85614 237933 881 215 75398 3332 6309 27469 10542 0 10441 7135
"197202" 550127 335666 76046 104306 34109 550127 335913 211900 69067 108724 34109 1383 931 550127 48116 199 2450 6386 10194 90113 247314 927 204 75404 3133 6257 28473 11748 0 10990 8219
"197203" 569306 347287 78834 108330 34855 569306 346315 220586 70661 115070 34855 1362 1043 569306 48324 271 2725 6673 10083 95048 257517 972 193 75588 2865 6340 29589 12815 0 11382 8921
"197204" 589724 357319 82876 114168 35361 589724 355421 231813 73635 122817 35361 1340 1150 589724 48198 226 3000 7035 9460 99314 267529 1000 181 76948 2728 6470 30677 14404 0 12158 10396
"197301" 605232 365896 84593 118253 36490 605232 363278 239362 76238 126634 36490 1318 1274 605232 47772 264 3170 7313 9299 103548 275548 1155 176 77166 2514 6632 31880 15160 0 12366 11269
"197302" 627891 377965 87957 124008 37961 627891 373634 251545 82644 130940 37961 1300 1412 627891 48156 300 3299 7556 8269 109114 286222 1264 173 77982 2439 6821 33559 16615 0 13167 12955
"197303" 648947 389833 91127 129035 38952 648947 383849 262397 93806 129639 38952 1284 1417 648947 47546 312 3330 8002 9229 114788 294832 1369 171 79187 2361 6888 35846 17057 0 13120 14909
"197304" 666479 399776 93191 133706 39806 666479 394093 269667 104616 125245 39806 1269 1450 666479 47167 324 3285 8735 8871 119068 300296 1441 166 81369 2376 7141 37750 18040 0 14494 15956
"197401" 681354 407850 95355 137455 40694 681354 402233 276354 106329 129331 40694 1249 1518 681354 48112 397 3354 9188 8797 121882 305576 1476 164 82180 2393 7277 38879 19709 0 15270 16700
"197402" 700703 418787 97221 142377 42318 700703 412492 285457 107199 135940 42318 1227 1527 700703 48899 471 3406 9652 9672 127320 312575 1471 162 83225 2377 7330 42150 20132 0 15223 16638
"197403" 716518 428803 98933 145045 43737 716518 423373 290394 104606 142051 43737 1196 1555 716518 49882 617 3418 10095 11089 130582 318176 1470 161 84427 2368 7423 45539 20537 0 14392 16342
"197404" 728364 435114 100049 148279 44922 728364 430839 294782 104102 145758 44922 1163 1580 728364 50532 746 3393 11205 12634 132105 320977 1513 157 86234 2372 7702 48094 21458 0 13097 16145
"197501" 737673 439891 100586 150411 46785 737673 436205 298731 103985 147961 46785 1159 1578 737673 44642 9247 3278 11754 12902 131903 324330 1605 151 87246 2409 7705 49531 24420 0 12656 13894
"197502" 753470 450774 100735 153431 48530 753470 446157 304646 105274 150842 48530 1117 1550 753470 47055 9397 3196 12202 15023 133012 332682 1744 172 87967 2378 7810 50962 25603 0 12624 11643
"197503" 769684 462722 100820 157058 49084 769684 457864 309212 107152 152976 49084 1100 1508 769684 49421 9547 3190 12500 17031 134514 341936 1887 191 88331 2366 7875 52211 26785 0 12899 9000
"197504" 785509 473944 100693 161019 49853 785509 470100 312826 108860 154113 49853 1073 1510 785509 50422 9697 3252 12812 19143 136186 350711 1993 221 89168 2383 7542 53460 28511 0 12868 7140
"197601" 802337 486150 102169 163221 50797 802337 481525 318191 108204 159190 50797 1051 1571 802337 51301 9864 3326 12752 19834 139629 358810 2119 221 89427 2383 7543 54121 31152 0 13345 6510
"197602" 823259 500987 103607 166355 52310 823259 495253 325284 110864 162110 52310 1029 1693 823259 52041 10030 3462 13221 18697 143698 371676 2251 245 89706 2383 7623 54620 34026 0 13700 5880
"197603" 847704 518728 104909 170146 53921 847704 512818 332091 113125 165045 53921 997 1798 847704 52872 10199 3741 13607 19491 147806 385311 2381 244 90202 2373 7625 55906 36984 0 13712 5250
"197604" 870458 534962 105895 174189 55412 870458 528520 338956 115443 168101 55412 982 2000 870458 52779 10367 4151 14062 19563 151326 397804 2500 273 91555 2414 7732 56423 40693 0 14196 4620
"197701" 892199 550224 107142 177453 57380 892199 542821 346449 116541 172528 57380 949 1980 892199 53570 11160 4320 14217 19780 155163 408487 2590 327 91844 2420 7684 56459 45418 0 14450 4310
"197702" 926218 575786 109746 180348 60338 926218 565773 357638 119291 178009 60338 919 1888 926218 54401 11961 4557 13996 20982 163007 425546 2656 368 92934 2539 7864 58253 47980 0 15174 4000
"197703" 963141 603145 111835 185795 62366 963141 591895 368521 123277 182878 62366 894 1831 963141 55243 12772 4959 14283 22265 171166 443156 2721 395 94170 2486 7622 59194 52412 0 16607 3690
"197704" 999169 627680 114279 193261 63949 999169 615085 381405 129234 188222 63949 869 1810 999169 55334 13582 5509 14617 23745 178978 459446 2800 384 96849 2497 8041 59944 56803 0 17260 3380
"197801" 1026768 646034 116827 197958 65949 1026768 633529 390890 132281 192660 65949 845 1504 1026768 56376 14065 6006 15174 24254 184596 471811 2915 375 97922 2559 8082 62320 59512 0 17503 3298
"197802" 1066851 674494 120272 203343 68742 1066851 660557 403827 136760 198325 68742 818 1649 1066851 58972 14552 6563 15758 25111 194467 487874 3052 365 99862 2647 8246 65014 62611 0 18542 3215
"197803" 1109924 707322 122681 208876 71045 1109924 691851 415474 139330 205099 71045 792 1807 1109924 61584 15046 7273 16288 27093 205163 503127 2702 366 102169 2706 8407 68632 65755 0 20513 3100
"197804" 1150626 738206 125152 214511 72757 1150626 721597 426297 141049 212491 72757 772 1960 1150626 62397 15539 8114 17116 27966 214046 517244 2512 391 106167 2721 8586 72192 70407 0 22178 3050
"197901" 1186069 762825 127635 219175 76434 1186069 747095 436211 143645 216132 76434 746 2017 1186069 64760 16344 8970 18216 29924 219655 527126 2641 448 108327 2798 8797 76850 75627 0 22568 3018
"197902" 1231369 794820 129903 225711 80935 1231369 777348 451312 143226 227151 80935 705 2004 1231369 68017 17158 9771 19575 31634 228820 541952 2632 428 110970 2750 9017 80171 80506 0 24983 2985
"197903" 1278893 828811 132396 233353 84333 1278893 810186 466061 143615 238113 84333 680 1966 1278893 71139 17980 10437 21269 33210 238796 555237 2499 458 114109 2968 9322 82904 87309 0 28303 2953
"197904" 1316981 855730 135048 239448 86755 1316981 841047 473329 141206 245368 86755 654 1951 1316981 71562 18803 11001 23575 34567 245187 565014 3102 650 118422 3139 9604 86630 94778 0 28027 2920
"198001" 1357574 886053 137027 243912 90582 1357574 870928 484072 138210 255280 90582 633 1942 1357574 80956 20939 10779 25601 37063 249236 569986 4477 774 122395 3191 10054 91736 99954 0 27563 2870
"198002" 1383656 902249 138408 248864 94135 1383656 888420 492705 133344 265226 94135 601 1930 1383656 82902 23075 10767 28113 39152 252016 573244 4732 821 125564 3263 10295 95193 104016 0 27683 2820
"198003" 1421397 931500 140218 253808 95871 1421397 916287 502619 130408 276340 95871 572 1919 1421397 86807 25235 11278 30873 40406 256695 583204 4432 865 128062 3471 10597 97244 109691 0 29767 2770
"198004" 1457788 957872 142526 259903 97487 1457788 941322 514006 130824 285695 97487 550 1910 1457788 87215 27394 12217 33357 42073 262661 594290 4645 994 131081 3564 10890 100782 113959 0 29946 2720
"198101" 1484645 973089 143948 267511 100097 1484645 955977 526238 130908 295233 100097 520 1910 1484645 89339 29493 13906 35554 43448 265822 599597 4505 1055 132917 3748 11166 103049 117260 0 31086 2700
"198102" 1523516 996887 144952 278496 103181 1523516 979498 541613 136849 301583 103181 493 1912 1523516 95586 31615 15731 37793 44986 272694 607422 4136 1147 134659 3871 11602 105852 120851 0 32891 2680
"198103" 1555111 1014541 146039 288922 105609 1555111 997614 555114 141903 307602 105609 465 1918 1555111 99608 33761 17898 39547 45719 278859 611878 3828 1249 136036 3878 12200 110097 124370 0 33523 2660
"198104" 1579463 1030173 142377 299684 107229 1579463 1013758 563334 137084 319021 107229 441 1930 1579463 101367 35906 20339 41039 47012 284216 612159 3686 1341 137747 3913 12519 113411 128986 0 33182 2640
"198201" 1600766 1041556 143640 306619 108951 1600766 1024253 574147 135406 329790 108951 415 1952 1600766 105847 36483 21868 42173 47585 288774 607496 3125 1406 138830 3913 12990 116158 137628 0 33810 2680
"198202" 1625638 1055015 144694 315647 110282 1625638 1035777 587492 131944 345266 110282 383 1986 1625638 108713 37066 23247 43194 48618 294234 602905 3082 1448 139672 5386 13226 119961 146951 0 35215 2720
"198203" 1635378 1055286 144215 324780 111097 1635378 1034712 598293 124775 362421 111097 353 2020 1635378 104500 37656 24252 44602 48564 298194 589300 3099 1501 140477 6361 13667 124500 160231 0 35714 2760
"198204" 1661262 1070159 146112 333680 111311 1661262 1048213 610685 122872 376502 111311 322 2043 1661262 110860 38246 24961 46278 49376 301272 576324 2686 1600 141989 7770 13773 127500 178519 0 37308 2800
"198301" 1692001 1087111 147020 346330 111540 1692001 1045929 643707 137987 394180 111540 307 2058 1692001 109696 38689 25509 47885 48947 303947 579000 2765 1749 143329 9056 13983 129691 196517 0 38468 2770
"198302" 1739617 1116269 150761 360215 112372 1739617 1075463 661812 141828 407612 112372 275 2067 1739617 111330 39136 26274 49755 49736 311121 589904 3535 1954 144725 9709 14099 132551 213061 0 39987 2740
"198303" 1796261 1153394 155784 373975 113108 1796261 1111397 682532 146781 422643 113108 261 2071 1796261 110582 39589 27574 51647 50098 321244 608933 4051 2160 147356 10569 14149 133975 231538 0 40086 2710
"198304" 1850488 1186114 161229 389424 113721 1850488 1141734 706445 152799 439925 113721 241 2068 1850488 111156 40041 29305 54164 50596 330521 626858 4381 2311 150999 10124 14651 137898 244807 0 39996 2680
"198401" 1904629 1215847 167158 408654 112970 1904629 1171713 730562 156609 460983 112970 204 2150 1904629 110774 42877 31772 56580 50276 343888 642809 5538 2414 151301 9892 14726 141926 255930 0 41024 2902
"198402" 1972127 1254143 174957 429688 113339 1972127 1206848 762812 163598 485875 113339 180 2287 1972127 112100 45712 34252 59363 50519 356489 671835 6398 2490 153531 9369 14935 144588 263344 0 44078 3124
"198403" 2034339 1288719 180374 451779 113467 2034339 1242185 789585 167434 508684 113467 152 2417 2034339 114279 48579 36765 61772 49885 367853 696560 7020 2580 155372 9041 14961 146406 275538 0 44383 3345
"198404" 2091527 1321062 186145 471898 112422 2091527 1273719 815189 169429 533338 112422 141 2479 2091527 102545 51446 39311 64399 51463 381379 710128 7534 2664 156699 9735 15255 150123 288987 11000 45351 3508
"198501" 2167708 1385120 182816 487050 112722 2167708 1336149 828954 158993 557239 112722 116 2489 2167708 123186 52819 41009 66455 51664 390072 720804 7788 2869 158470 11041 15319 155376 304033 19153 44043 3607
"198502" 2234260 1427438 189290 505953 111579 2234260 1374179 857484 162000 583905 111579 96 2501 2234260 125127 54207 42493 68591 52161 402706 735626 8821 3047 162114 11804 15345 158216 321090 21054 48108 3750
"198503" 2302259 1476432 194964 522126 108737 2302259 1434355 865305 157445 599123 108737 83 2516 2302259 121334 55610 43447 71191 52741 417224 753329 10041 3197 164760 11361 15321 158983 343332 21644 54843 3901
"198504" 2367854 1526188 205915 541661 94090 2367854 1482627 882621 167824 620707 94090 72 2534 2367854 115486 57013 43983 74207 53304 431234 765654 11086 3339 171797 14016 15309 159734 367864 24580 53321 5927
"198601" 2415750 1556921 212974 554231 91624 2415750 1511061 901960 168960 641376 91624 61 2668 2415750 114370 55321 43818 78819 53305 443166 767469 13622 3623 174996 13862 15400 157415 394587 26020 53796 6161
"198602" 2491505 1615690 220862 565823 89130 2491505 1564427 924132 171657 663345 89130 52 2895 2491505 114697 53610 45091 81696 53083 458258 773072 15128 3843 180496 12992 15197 154448 429072 28721 65633 6468
"198603" 2577495 1682917 228838 579131 86609 2577495 1629785 944789 175556 682624 86609 40 2881 2577495 112332 51880 46259 83742 53135 476780 779106 17255 4075 185980 12609 15364 152140 475896 31177 73194 6571
"198604" 2654895 1729444 239394 601969 84088 2654895 1686618 965452 183954 697410 84088 36 2790 2654895 111917 50150 44676 86005 54357 504687 784809 19325 4348 193842 11255 15550 147775 531591 17898 70781 5929
"198701" 2736830 1769685 245492 639606 82047 2736830 1721178 1012744 214736 715961 82047 27 2881 2736830 117479 50490 42950 89436 54067 522903 796767 22046 4444 195743 10096 15333 144011 575435 20275 69185 6170
"198702" 2829075 1843183 250241 655668 79983 2829075 1794479 1031686 224620 727083 79983 25 2885 2829075 117600 50833 40438 92299 54020 547675 813126 24928 4750 200382 9308 15228 140414 615142 24032 72755 6145
"198703" 2898715 1897901 254693 668225 77896 2898715 1843347 1052424 235178 739350 77896 22 2922 2898715 117496 51180 38352 93273 48766 570016 829251 27623 4868 204263 8725 15408 140290 647084 30074 65567 6479
"198704" 2955928 1927700 258355 694063 75810 2955928 1872248 1080550 252053 752687 75810 21 3110 2955928 119488 51527 37909 94697 49068 594796 824325 29872 4994 212375 8205 15331 139459 669394 31454 66065 6969
"198801" 3024940 1974163 268334 707871 74572 3024940 1920894 1100928 255260 771096 74572 21 3097 3024940 119453 55681 40185 96036 49170 611363 847732 31520 5139 216083 9614 15448 142285 677841 33194 66925 7271
"198802" 3113328 2044276 265969 729750 73333 3113328 1988850 1121341 256065 791943 73333 22 3115 3113328 119828 59836 43716 96714 48482 635952 860599 34063 5269 220402 11269 15637 144704 695315 34999 79232 7311
"198803" 3186804 2105234 269277 740212 72081 3186804 2047722 1135971 251352 812538 72081 20 3091 3186804 120401 63990 47078 96968 47566 657575 871602 36377 5406 225051 13983 15586 143781 721137 37510 74940 7853
"198804" 3273413 2162113 274544 765927 70829 3273413 2113156 1156858 253303 832726 70829 16 3383 3273413 121825 68145 47846 98647 48017 676905 888023 38060 5574 232863 16666 15603 144457 745287 40455 76353 8687
"198901" 3328783 2196252 279826 782385 70320 3328783 2150886 1174452 263692 840440 70320 15 3431 3328783 122522 64756 46631 100224 48003 696826 896039 40753 5779 236777 17630 15132 143720 770459 42058 73054 8420
"198902" 3398758 2254708 284991 789255 69804 3398758 2211233 1184060 265092 849164 69804 14 3451 3398758 125044 61328 43064 102096 47159 722776 900148 42912 6027 241761 19272 15118 145345 794482 43671 80201 8354
"198903" 3475018 2320949 285815 798971 69283 3475018 2280777 1190648 262409 858956 69283 13 3580 3475018 127604 57864 39090 103383 47164 749832 893246 44352 6270 247035 21079 15295 147965 827012 41645 97981 8201
"198904" 3525955 2368907 287001 801286 68761 3525955 2332273 1189960 255062 866137 68761 13 3710 3525955 130716 54399 35146 104961 47285 770704 872521 26964 6460 254214 23294 15299 150491 869549 52647 102938 8367
"199001" 3619827 2449529 290563 811252 68483 3619827 2412773 1203200 266367 868350 68483 14 3840 3619827 133777 53998 33520 106189 54645 791978 891921 27613 6615 260282 23310 15181 152793 905165 48490 106060 8290
"199002" 3684164 2516583 284579 814801 68202 3684164 2475246 1204938 269224 867512 68202 11 3970 3684164 136166 53592 32654 107423 65388 820141 860903 29117 6752 264866 24179 15243 150461 944198 53076 111746 8259
"199003" 3739779 2566695 286904 818264 67917 3739779 2525310 1210260 275647 866696 67917 10 4200 3739779 138724 53182 32004 108599 79028 836875 836047 31183 6849 266063 24614 15311 152202 978533 57664 114666 8236
"199004" 3781130 2606304 287424 819769 67633 3781130 2571288 1205503 275267 862603 67633 10 4330 3781130 140912 52772 31052 110215 82859 849346 801628 32747 6885 267861 24901 16061 156143 1019861 66046 114134 7707
"199101" 3824865 2641093 288957 827227 67588 3824865 2619845 1200609 274611 858410 67588 11 4400 3824865 142021 54301 29581 111575 92520 862157 776492 32733 6859 268999 23391 16562 159163 1050307 71048 119752 7405
"199102" 3889283 2700090 290203 831448 67542 3889283 2681677 1203114 276779 858793 67542 10 4482 3889283 143841 55847 28256 112113 101190 877260 755403 34456 6766 271674 21380 16322 161994 1085984 85021 124401 7376
"199103" 3892023 2722396 282656 819475 67496 3892023 2703432 1184003 273820 842687 67496 10 4578 3892023 144483 57409 26934 112955 103706 876093 719679 36624 6640 270094 19993 16675 162324 1123313 98380 109497 7225
"199104" 3932273 2774317 284108 806399 67450 3932273 2762429 1165042 261950 835642 67450 10 4793 3932273 142721 58972 26024 113723 98288 881291 705368 36914 6511 259509 18226 16886 167673 1156489 113098 123590 6990
"199201" 3962878 2813985 283928 797409 67557 3962878 2807205 1150655 253849 829249 67557 10 5008 3962878 141495 59237 25359 113714 102487 886396 682338 35619 6388 258465 17243 16173 175727 1179728 125358 130328 6824
"199202" 3985108 2845446 280081 791919 67663 3985108 2839022 1141049 251598 821788 67663 8 5029 3985108 140153 59501 24769 113895 97755 890833 659625 38762 6267 254450 16074 17066 180157 1218988 138529 120811 7473
"199203" 4023518 2898760 276591 780395 67771 4023518 2897604 1120767 240207 812789 67771 8 5139 4023518 138775 59769 24858 113757 90565 897224 648178 38344 6113 249117 15422 16306 186746 1243647 157480 129822 7394
"199204" 4043280 2941747 270935 762720 67879 4043280 2940894 1097023 223827 805317 67879 8 5355 4043280 136802 60036 25169 113679 86350 900521 627972 39838 5889 241997 14546 16453 199742 1272047 167916 126267 8056
"199301" 4044458 2951835 268831 755776 68016 4044458 2957771 1080979 214256 798707 68016 8 5700 4044458 134991 58124 23509 113677 81932 898903 617222 40555 5588 239683 14654 15645 204935 1299796 173846 113292 8106
"199302" 4087130 3006096 265988 746891 68154 4087130 3014002 1067082 205916 793012 68154 8 6038 4087130 133137 56191 22990 110636 76409 918256 612533 41038 5192 237545 14330 14506 222373 1301300 184610 127779 8305
"199303" 4132762 3058474 264685 741309 68293 4132762 3063524 1061650 205721 787636 68293 7 7580 4132762 131238 54237 22629 109450 73189 929671 609772 41277 4792 232930 14824 15055 232709 1330555 195409 126473 8551
"199304" 4174551 3100671 267689 737758 68433 4174551 3107257 1058344 207030 782881 68433 6 8944 4174551 129361 52283 21850 108285 85019 947828 598435 41782 4472 223872 12984 14529 241020 1356766 204327 123130 8610
"199401" 4197781 3132193 267548 729243 68797 4197781 3136461 1049914 202359 778758 68797 6 11400 4197781 127358 53287 20829 107810 79509 945649 584526 43112 4303 220819 12547 14637 246877 1399296 215990 110974 10258
"199402" 4246431 3179662 268641 728961 69166 4246431 3180139 1051785 204158 778461 69166 6 14500 4246431 125215 54301 22635 107866 77866 964863 585660 44088 4134 218815 12563 14941 247264 1432417 219028 102867 11907
"199403" 4297383 3230338 268475 729031 69539 4297383 3224511 1055366 206681 779146 69539 6 17500 4297383 123056 55327 22891 109147 76693 989704 587536 45502 3964 216753 12561 15024 246636 1454933 222823 101560 13273
"199404" 4338967 3277919 268212 722924 69912 4338967 3266764 1053471 206297 777262 69912 6 18726 4338967 120517 56353 23800 110507 71000 1012711 596191 47025 3795 215773 7795 15199 244580 1472405 224653 103343 13320
"199501" 4371918 3306006 267138 728416 70358 4371918 3291510 1060835 208821 781656 70358 6 19567 4371918 118663 56739 23022 111787 68824 1033937 601823 48591 3550 215663 7991 15397 243207 1480246 227335 101375 13767
"199502" 4426637 3355735 269246 730846 70810 4426637 3335600 1069501 210330 788361 70810 6 21529 4426637 116783 57130 22669 112906 64517 1062399 599706 48830 3306 215811 8188 15558 243507 1499398 230908 110807 14214
"199503" 4487636 3412469 270358 733543 71266 4487636 3385379 1079601 211348 796987 71266 6 22650 4487636 114883 57525 22104 113034 61300 1082184 604585 50146 3050 217684 8384 15746 247915 1527030 232641 114765 14660
"199504" 4524943 3445383 273850 733987 71723 4524943 3410826 1090060 213305 805032 71723 6 24051 4524943 113288 57921 21747 113809 57489 1090189 596763 50986 2816 213138 8581 15938 250443 1570731 241502 105491 14111
"199601" 4583407 3494882 274711 741420 72394 4583407 3459789 1098159 213514 812251 72394 6 25453 4583407 111498 57033 21349 114312 55589 1097597 602594 52367 2571 212958 8776 16126 245489 1600095 251233 120257 13563
"199602" 4656348 3554388 277944 750951 73065 4656348 3510722 1118206 220967 824174 73065 5 27415 4656348 109609 56145 20789 114862 54617 1109930 611502 55575 2567 212776 8971 16324 245397 1643705 260904 119661 13014
"199603" 4724785 3619197 280374 751470 73744 4724785 3568980 1126046 218813 833489 73744 4 29756 4724785 107684 55247 20600 115932 52230 1123239 627810 57147 2539 208360 9169 16526 244274 1679364 268182 123847 12635
"199604" 4792546 3668416 286110 763598 74422 4792546 3620393 1140243 222601 843220 74422 2 31908 4792546 105763 54350 20386 117627 50274 1145389 628336 59885 2394 208162 9297 16734 244083 1711708 277597 126724 13837
"199701" 4846545 3713620 286350 771144 75431 4846545 3659711 1150777 226231 849115 75431 0 36057 4846545 103895 60735 19688 118288 48038 1160137 626381 60876 2480 206919 9560 16946 240344 1740359 288314 128558 15027
"199702" 4922720 3767909 290383 787977 76451 4922720 3707671 1174939 236069 862419 76451 0 40110 4922720 102209 67191 19416 119369 47423 1196460 629061 63673 2370 207693 9835 17160 238410 1762521 297285 125282 17362
"199703" 5035228 3860493 292563 804690 77482 5035228 3804208 1189239 237707 874050 77482 0 41781 5035228 100618 73718 19037 120293 46268 1227131 631445 67460 2366 205767 10140 17382 237933 1791088 316476 149090 19016
"199704" 5104562 3902568 297848 825632 78514 5104562 3834401 1223345 253952 890879 78514 0 46816 5104562 98660 80245 18743 121307 45738 1245314 631821 69350 2230 206840 10094 17607 239416 1826294 339370 128629 22904
"199801" 5193288 3969751 304306 839586 79645 5193288 3889460 1254738 248165 926928 79645 0 49091 5193288 96612 77043 20632 122337 45450 1270826 637148 69811 2203 206479 10125 18673 240297 1847555 369202 133161 25734
"199802" 5312309 4061457 311350 858714 80788 5312309 3970826 1287429 243664 962977 80788 0 54054 5312309 94498 73806 22521 123349 45114 1281723 632363 74978 2160 207732 10170 20681 240847 1909389 406870 137098 29010
"199803" 5434527 4152221 319732 880630 81944 5434527 4052753 1317815 236844 999027 81944 0 63959 5434527 92515 70534 24411 123104 44800 1295424 634250 76722 1903 207359 10312 21499 241288 1976247 434560 149901 29698
"199804" 5589870 4259017 331472 916281 83100 5589870 4146236 1372029 253853 1035076 83100 0 71605 5589870 94323 67261 26299 127358 44894 1336996 643956 79974 1954 213640 9887 22410 246992 2018969 467789 160890 26278
"199901" 5714861 4348396 341576 940776 84113 5714861 4228412 1409814 258928 1066773 84113 0 76636 5714861 96290 60842 25863 128478 44549 1337118 646509 81127 1908 218975 10340 22793 242665 2113010 492437 166579 25378
"199902" 5854515 4457254 348059 964066 85136 5854515 4324935 1456009 274407 1096466 85136 0 73571 5854515 97917 54351 25271 128883 44453 1361328 656518 86422 1937 224548 10794 23968 242425 2183642 511518 175630 24910
"199903" 6056333 4589842 358647 1021673 86171 6056333 4447082 1533338 315017 1132150 86171 0 75913 6056333 99850 47789 24679 129227 77763 1419148 675773 91673 1989 226190 11247 23855 242639 2247217 524704 187786 24804
"199904" 6195651 4682964 372481 1053000 87206 6195651 4529980 1586846 329512 1170128 87206 0 78825 6195651 101572 41227 24087 131805 77741 1495420 668064 92607 1921 230787 11700 25687 242035 2293531 538734 195304 23429
"200001" 6299399 4753908 379196 1079706 86589 6299399 4594166 1624266 335280 1202397 86589 0 80967 6299399 102080 41804 23924 132190 76798 1547344 680358 95165 2549 229370 11913 24300 243696 2323499 544708 200092 19609
"200002" 6460585 4877182 387997 1109434 85972 6460585 4710451 1667535 342116 1239447 85972 0 82600 6460585 102545 42381 23760 131439 76821 1614400 701372 99185 1848 232615 12002 24741 252740 2356632 553562 215452 19090
"200003" 6612277 5002178 393288 1131463 85348 6612277 4830154 1700126 343686 1271092 85348 0 81998 6612277 102972 42958 23597 131590 75266 1648507 720996 102302 1676 234735 12046 21781 257009 2415896 574504 228449 17993
"200004" 6752918 5106537 402055 1159602 84724 6752918 4925810 1743558 351218 1307616 84724 0 83550 6752918 103423 43535 23434 130535 75654 1660054 722973 104357 1634 235941 11934 22122 264253 2493244 604486 237899 17440
"200101" 6879229 5203764 410164 1179636 85665 6879229 5020516 1774826 356397 1332764 85665 0 83888 6879229 104846 44300 24276 129948 75064 1687713 740479 107534 1642 235050 10245 21862 267937 2535825 626693 248467 17348
"200102" 7087837 5375157 420527 1205536 86617 7087837 5186498 1815124 366324 1362183 86617 0 86216 7087837 106154 45073 25115 131086 74928 1722375 751643 110441 1674 237246 10082 20503 277238 2637391 655334 265087 16467
"200103" 7294495 5537868 431239 1237809 87579 7294495 5336045 1874495 392149 1394767 87579 0 83955 7294495 107540 45855 25956 128952 74082 1736630 758342 120897 1706 239243 9949 20944 283950 2760457 687524 275416 17052
"200104" 7460554 5658501 444110 1269402 88541 7460554 5454556 1920239 402880 1428818 88541 0 85759 7460554 108704 46637 26797 129708 74538 1789819 758037 120259 1877 243021 9750 20984 297476 2831784 725136 258189 17838
"200201" 7633073 5805850 450259 1286726 90238 7633073 5596584 1948755 400571 1457946 90238 0 87734 7633073 111111 47358 26639 128214 74509 1800341 745836 124777 1879 243393 10346 20925 305120 2956420 759846 258857 17502
"200202" 7859083 5993665 459624 1313840 91954 7859083 5779453 1986137 405621 1488562 91954 0 93493 7859083 112625 48087 26482 126612 74246 1873064 742470 129622 1896 245118 10320 20766 316662 3042612 793615 275051 19835
"200203" 8099327 6201544 466658 1337437 93688 8099327 5987715 2016715 403848 1519179 93688 0 94897 8099327 114608 48824 26326 124378 73796 1961965 773395 131420 1899 245939 10386 20927 333009 3085197 822916 301005 23337
"200204" 8361284 6413185 483081 1369595 95423 8361284 6185882 2078442 433224 1549795 95423 0 96960 8361284 116600 49561 26167 124372 75056 2058307 780987 136391 1979 250019 10337 21098 357278 3158604 836042 330480 28006
"200301" 8564013 6585682 494603 1391322 92406 8564013 6360915 2107300 446212 1568682 92406 0 95798 8564013 117829 50103 26196 124292 72710 2099219 815362 139212 1984 251198 10267 21297 382396 3230475 867365 327715 26393
"200302" 8855670 6827860 512961 1425494 89355 8855670 6619694 2138334 461410 1587569 89355 0 97642 8855670 119086 50650 26226 128130 72765 2192844 833117 144013 1925 254350 10097 22796 416408 3292961 897713 359118 33471
"200303" 9132627 7055862 529286 1461208 86271 9132627 6867923 2163758 471031 1606456 86271 0 100946 9132627 119589 51204 26256 129335 72384 2263752 851475 152788 1917 257272 10132 21453 451559 3375161 940661 367209 40480
"200304" 9377148 7239892 557279 1496790 83187 9377148 7055880 2215413 506883 1625343 83187 0 105855 9377148 120917 51758 26284 132873 72583 2255798 870557 159644 2081 260944 10249 20399 621521 3343251 1009456 370157 48676
"200401" 9626420 7441335 565688 1533111 86286 9626420 7230074 2284890 527282 1671322 86286 0 111456 9626420 123349 55448 27422 134956 74589 2329524 926446 162665 2140 262236 10182 19055 625062 3346388 1088829 382525 55604
"200402" 9976146 7734282 580263 1572215 89386 9976146 7507040 2351499 535682 1726431 89386 0 117607 9976146 125882 59137 28561 135798 73091 2435840 965538 172620 2218 264148 10137 17755 626560 3366532 1199040 426711 66578
"200403" 10295799 7997931 591720 1613629 92519 10295799 7753351 2420884 546825 1781540 92519 0 121564 10295799 128269 62868 29698 138075 73275 2517315 1008250 181449 2350 267885 10204 17278 627631 3380765 1326853 443319 80315
"200404" 10636632 8268227 604514 1668238 95653 10636632 8014557 2490718 558416 1836649 95653 0 131357 10636632 131349 66598 30836 141167 74186 2595605 1057395 188337 2430 273324 10030 15075 629026 3384018 1443223 475953 118080
"200501" 10921035 8498011 615163 1709960 97901 10921035 8239742 2544862 567588 1879373 97901 0 136431 10921035 134465 67005 32172 143965 74450 2690522 1068408 193288 2473 274993 9943 13807 621773 3407181 1579134 481756 125700
"200502" 11300566 8800527 631531 1768335 100173 11300566 8517803 2640191 617920 1922098 100173 0 142572 11300566 137212 67417 33509 146586 74602 2791831 1113292 202721 2534 278391 9922 11653 611723 3442350 1748064 491055 137704
"200503" 11691948 9107733 647124 1834620 102471 11691948 8809079 2736521 669227 1964823 102471 0 146348 11691948 138996 67834 34846 149730 75563 2896832 1141289 210286 2660 280866 9894 17866 599805 3484951 1927491 505792 147247
"200504" 12070449 9382405 666800 1916476 104768 12070449 9061690 2863292 750977 2007547 104768 0 145467 12070449 139417 68250 36182 151929 76571 2958042 1152738 219673 2730 285463 9813 16396 588803 3548483 2128458 541364 146137
"200601" 12475875 9705201 679566 1985531 105577 12475875 9365784 2960480 777030 2077873 105577 0 149611 12475875 136986 66171 35797 155247 77012 3033208 1196614 223602 2746 288546 9758 14748 593579 3627218 2298255 560591 155797
"200602" 12877538 10033705 686290 2051148 106395 12877538 9677303 3046706 792111 2148200 106395 0 153529 12877538 132440 64068 35411 159047 78735 3140433 1222590 235899 2855 295692 9671 13297 598052 3691812 2467355 572036 158145
"200603" 13211546 10289198 694083 2121044 107221 13211546 9919276 3137393 811646 2218526 107221 0 154877 13211546 126132 61942 35024 162665 79637 3181295 1251834 243943 2912 300408 9590 14063 601509 3768725 2621671 591633 158563
"200604" 13462458 10455561 707507 2191342 108048 13462458 10079317 3231091 834191 2288852 108048 0 152050 13462458 122097 59817 34638 166417 80277 3403052 1076762 249735 3454 303800 9510 14445 607177 3841119 2759984 594372 135802
"200701" 13734864 10670378 721264 2234031 109191 13734864 10282385 3304455 830340 2364924 109191 0 148024 13734864 118368 55269 36499 168734 81092 3386400 1116307 252768 3558 306448 9325 13005 611523 3956458 2891182 579815 148113
"200702" 14049686 10885055 740862 2313423 110346 14049686 10493897 3404565 853222 2440997 110346 0 151224 14049686 114294 50671 38359 173120 81898 3472132 1111781 263051 4056 312337 9458 13061 619103 4077824 3006463 563172 138906
"200703" 14313452 11043598 761347 2396993 111514 14313452 10653477 3505556 876973 2517069 111514 0 154419 14313452 111518 46022 40220 174278 81879 3525100 1145809 271113 4299 317320 9720 10353 629608 4252616 3002419 560390 130788
"200704" 14524581 11166834 789275 2455790 112682 14524581 10779649 3588204 882380 2593142 112682 0 156728 14524581 109072 41374 42081 175733 82360 3644402 1094009 281521 4770 326173 10166 9696 643096 4464418 2942535 531857 121318
"200801" 14661650 11239191 804114 2500467 117878 14661650 10857375 3642441 901651 2622912 117878 0 161834 14661650 107252 39453 43123 175898 82875 3684522 1112364 289985 4865 330902 10427 9682 659012 4602238 2874936 525830 108286
"200802" 14702071 11220205 820205 2538586 123075 14702071 10856200 3684688 914207 2647406 123075 0 161183 14702071 114623 37533 43802 175903 85855 3660742 1116111 301021 5011 336391 10710 9588 671622 4760244 2778899 491585 102431
"200803" 14683714 11168826 834220 2552340 128328 14683714 10822945 3698113 904053 2665732 128328 0 162656 14683714 112413 35591 44562 174855 88869 3853357 884057 309006 4660 340882 10921 9436 669039 4892653 2688200 468617 96596
"200804" 14618474 11071550 840643 2572699 133582 14618474 10749478 3705489 903949 2667958 133582 0 163507 14618474 110691 33649 44813 170665 95829 3841395 860586 314694 4954 342428 11088 9432 701438 4961428 2591630 447886 75868
"200901" 14614996 11065823 848247 2567114 133812 14614996 10753424 3696675 899449 2663414 133812 0 164897 14614996 108738 31718 44167 171014 96733 3853327 849773 316250 4992 338553 11596 9356 725942 5041969 2499169 440237 71462
"200902" 14558059 11013811 855377 2554827 134044 14558059 10713885 3676914 895263 2647607 134044 0 167260 14558059 106538 29786 43168 173888 102177 3897642 752220 319025 5032 334961 12071 9392 713150 5170747 2392510 426841 68911
"200903" 14447045 10926272 858191 2528303 134279 14447045 10644344 3635795 881922 2619594 134279 0 166906 14447045 103910 27855 41964 177879 109950 3795413 725762 317689 4790 332435 12790 9354 710460 5297548 2300151 415611 63484
"200904" 14325968 10861005 851175 2479274 134514 14325968 10579212 3579879 867437 2577928 134514 0 166877 14325968 101287 25924 40845 180278 108387 3818667 633327 317908 4446 326101 13645 9309 707684 5376395 2205173 397357 59235
"201001" 14178310 10747915 850371 2446066 133958 14178310 10479193 3532030 849561 2548511 133958 0 167087 14178310 99764 23993 39791 184066 107077 3761281 629293 320114 4267 321394 14614 9333 5104412 1006866 2107770 386863 57412
"201002" 14062445 10684813 844641 2399594 133397 14062445 10430560 3464319 823439 2507483 133397 0 167565 14062445 96532 22061 38808 182471 108374 3706795 619322 322643 4248 317893 15734 9322 5084409 1071640 2035477 371051 55665
"201003" 13947310 10611955 846987 2355539 132829 13947310 10361341 3417793 807183 2477781 132829 0 168176 13947310 93510 20130 38120 187239 106564 3674354 617910 326440 4229 318030 15221 9444 5035802 1120724 1965342 361178 53073
