"DATES" "FL893161705.Q" "FL313161705.Q" "FL403161705.Q" "FL413065005.Q" "FL893061705.Q" "FL153061705.Q" "FL103061703.Q" "FL213061703.Q" "FL313061703.Q" "FL263061705.Q" "FL713061705.Q" "FL763061705.Q" "FL723061705.Q" "FL753061703.Q" "FL733061703.Q" "FL743061703.Q" "FL443061705.Q" "FL473061705.Q" "FL513061703.Q" "FL543061703.Q" "FL573061705.Q" "FL223061703.Q" "FL343061705.Q" "FL633061700.Q" "FL653061703.Q" "FL403061705.Q" "FL673061705.Q" "FL643061703.Q" "FL663061703.Q"
"195201" 2194 208 1941 45 2194 123 0 354 14 0 0 1653 1653 0 0 0 45 0 0 0 0 5 0 0 0 0 0 0 0
"195202" 2138 53 2038 47 2138 0 0 559 4 0 0 1509 1509 0 0 0 56 0 0 0 0 10 0 0 0 0 0 0 0
"195203" 2579 401 2128 50 2579 0 0 624 2 0 0 1888 1888 0 0 0 50 0 0 0 0 15 0 0 0 0 0 0 0
"195204" 2781 626 2102 53 2781 0 0 600 2 0 0 2110 2110 0 0 0 49 0 0 0 0 20 0 0 0 0 0 0 0
"195301" 2779 728 1996 55 2779 53 0 538 54 0 0 2034 2034 0 0 0 78 0 0 0 0 22 0 0 0 0 0 0 0
"195302" 2349 283 2010 56 2349 136 0 495 20 0 0 1594 1594 0 0 0 81 0 0 0 0 23 0 0 0 0 0 0 0
"195303" 2610 425 2127 58 2610 210 0 493 1 0 0 1781 1781 0 0 0 101 0 0 0 0 24 0 0 0 0 0 0 0
"195304" 4412 2253 2099 60 4412 155 0 516 0 0 0 3601 3601 0 0 0 97 0 0 0 18 25 0 0 0 0 0 0 0
"195401" 4843 2911 1871 61 4843 141 0 547 18 0 0 3983 3983 0 0 0 110 0 0 0 16 28 0 0 0 0 0 0 0
"195402" 4031 2002 1967 62 4031 141 0 568 8 0 0 3163 3163 0 0 0 104 0 0 0 16 31 0 0 0 0 0 0 0
"195403" 2699 537 2092 70 2699 153 0 600 6 0 0 1798 1798 0 0 0 99 0 0 0 9 34 0 0 0 0 0 0 0
"195404" 4480 2338 2064 78 4480 148 0 659 1 0 0 3551 3551 0 0 0 76 0 0 0 7 38 0 0 0 0 0 0 0
"195501" 4726 2595 2045 86 4726 40 150 732 7 0 0 3643 3643 0 0 0 102 0 0 0 9 43 0 0 0 0 0 0 0
"195502" 4006 1550 2361 95 4006 118 200 764 8 0 0 2736 2736 0 0 0 121 0 0 0 11 48 0 0 0 0 0 0 0
"195503" 3615 908 2602 105 3615 233 250 747 4 0 0 2181 2181 0 0 0 134 0 0 0 13 53 0 0 0 0 0 0 0
"195504" 4732 1611 3005 116 4732 606 300 676 20 0 0 2882 2882 0 0 0 171 0 0 0 19 58 0 0 0 0 0 0 0
"195601" 4855 1617 3111 127 4855 722 325 615 15 0 0 2840 2840 0 0 0 243 0 0 0 35 60 0 0 0 0 0 0 0
"195602" 4605 1151 3316 138 4605 959 350 628 14 0 0 2259 2259 0 0 0 297 0 0 0 36 62 0 0 0 0 0 0 0
"195603" 4619 917 3559 143 4619 1116 375 685 6 0 0 2007 2007 0 0 0 323 0 0 0 43 64 0 0 0 0 0 0 0
"195604" 4953 1356 3448 149 4953 960 400 758 9 0 0 2399 2399 0 0 0 313 0 0 0 47 67 0 0 0 0 0 0 0
"195701" 5380 1378 3845 157 5380 934 500 815 20 0 0 2443 2443 0 0 0 529 0 0 0 65 74 0 0 0 0 0 0 0
"195702" 5538 926 4446 166 5538 1155 600 829 18 0 0 2057 2057 0 0 0 725 0 0 0 72 82 0 0 0 0 0 0 0
"195703" 5509 704 4635 170 5509 1101 700 788 19 0 0 1827 1827 0 0 0 903 0 0 0 82 89 0 0 0 0 0 0 0
"195704" 6700 1679 4848 173 6700 1464 800 739 13 0 0 2410 2410 0 0 0 1064 0 0 0 113 97 0 0 0 0 0 0 0
"195801" 7178 2275 4728 175 7178 1209 700 695 55 0 0 3082 3082 0 0 0 1193 0 0 0 142 102 0 0 0 0 0 0 0
"195802" 6024 1222 4625 177 6024 825 500 670 26 0 0 2541 2541 0 0 0 1244 0 0 0 111 107 0 0 0 0 0 0 0
"195803" 6314 1291 4840 183 6314 799 550 641 7 0 0 2760 2760 0 0 0 1329 0 0 0 116 112 0 0 0 0 0 0 0
"195804" 6713 1598 4925 190 6713 834 600 597 3 0 0 2985 2985 0 0 0 1411 0 0 50 116 117 0 0 0 0 0 0 0
"195901" 6550 1314 5041 195 6550 918 700 562 2 0 0 2475 2475 0 0 0 1571 0 0 61 137 124 0 0 0 0 0 0 0
"195902" 7137 1026 5910 201 7137 1524 900 573 6 0 0 2028 2028 0 0 0 1728 0 0 74 172 132 0 0 0 0 0 0 0
"195903" 7863 939 6722 202 7863 2012 1000 578 15 0 0 1958 1958 0 0 0 1891 0 0 82 188 139 0 0 0 0 0 0 0
"195904" 8272 949 7120 203 8272 2268 1200 546 2 0 0 1864 1864 0 0 0 1982 0 0 72 192 146 0 0 0 0 0 0 0
"196001" 8138 978 6956 204 8138 1631 1200 536 47 0 0 1607 1607 0 0 0 2502 0 114 73 269 159 0 0 0 0 0 0 0
"196002" 8769 953 7610 206 8769 1910 1343 622 16 0 0 1579 1579 0 0 0 2533 0 190 100 305 171 0 0 0 0 0 0 0
"196003" 8322 392 7726 204 8322 1295 1190 793 4 0 0 1710 1710 0 0 0 2575 0 163 105 303 184 0 0 0 0 0 0 0
"196004" 8749 688 7860 201 8749 1034 1116 1050 37 0 0 2261 2261 0 0 0 2536 0 140 101 278 196 0 0 0 0 0 0 0
"196101" 8513 934 7378 201 8513 360 936 1287 36 0 0 2411 2411 0 0 0 2568 0 340 91 270 214 0 0 0 0 0 0 0
"196102" 8571 656 7715 200 8571 225 1233 1116 13 0 0 2405 2405 0 0 0 2563 0 452 81 250 233 0 0 0 0 0 0 0
"196103" 8893 436 8213 244 8893 245 1248 1474 37 0 0 2354 2354 0 0 0 2555 0 364 103 261 252 0 0 0 0 0 0 0
"196104" 9759 995 8474 290 9759 593 1248 1520 35 0 0 2939 2939 0 0 0 2520 0 234 110 289 271 0 0 0 0 0 0 0
"196201" 10457 1294 8851 312 10457 568 1238 1534 38 84 0 3189 3189 0 0 0 2659 0 368 121 333 325 0 0 0 0 0 0 0
"196202" 10871 1347 9188 336 10871 411 1184 1617 8 169 0 3575 3575 0 0 0 2584 0 511 115 354 343 0 0 0 0 0 0 0
"196203" 10861 748 9740 373 10861 287 1308 1708 5 253 0 3213 3213 0 0 0 2680 0 534 142 351 380 0 0 0 0 0 0 0
"196204" 11939 1538 9988 413 11939 236 1275 1867 0 337 0 4352 4352 0 0 0 2615 0 433 105 324 395 0 0 0 0 0 0 0
"196301" 11315 1739 9123 453 11315 10 930 1570 10 421 0 4254 4254 0 0 0 2713 1 586 100 333 387 0 0 0 0 0 0 0
"196302" 12012 1489 10028 495 12012 1 1314 1625 59 504 0 4339 4339 0 0 0 2693 2 609 118 335 381 0 0 0 32 0 0 0
"196303" 12145 936 10700 509 12145 1 1399 1450 41 588 0 4525 4525 0 0 0 2739 3 512 121 377 351 0 0 0 38 0 0 0
"196304" 13416 1367 11524 525 13416 1 1608 2402 29 672 0 4683 4683 0 0 0 2718 5 397 139 370 347 0 0 0 45 0 0 0
"196401" 12740 1236 10953 551 12740 1 1325 2282 21 756 0 4136 4136 0 0 0 2762 7 548 121 386 341 0 0 0 54 0 0 0
"196402" 13630 1364 11685 581 13630 1 1364 2576 14 840 0 4342 4342 0 0 0 2817 9 719 136 373 375 0 0 0 64 0 0 0
"196403" 13574 1177 11795 602 13574 1 1152 2748 20 924 0 4314 4314 0 0 0 2888 12 571 139 362 369 0 0 0 74 0 0 0
"196404" 14783 2222 11937 624 14783 246 1000 2932 12 1008 0 5206 5206 0 0 0 2838 15 454 129 477 381 0 0 0 85 0 0 0
"196501" 15040 2308 12056 676 15040 22 1078 2998 18 1092 0 5343 5343 0 0 0 2956 18 512 136 403 376 0 0 0 88 0 0 0
"196502" 15930 1966 13234 730 15930 619 1059 3078 25 1176 0 5218 5218 0 0 0 3011 19 692 151 404 381 0 0 0 97 0 0 0
"196503" 16790 2268 13725 797 16790 910 1254 3039 47 1260 0 5376 5376 0 0 0 3051 23 637 179 431 485 0 0 0 98 0 0 0
"196504" 17385 2670 13846 869 17385 1133 1238 3100 45 1344 0 5794 5794 0 0 0 2884 34 602 167 454 492 0 0 0 98 0 0 0
"196601" 18869 3110 14810 949 18869 1844 1216 3098 67 1428 0 5926 5926 0 0 0 3094 54 863 191 465 502 0 0 0 121 0 0 0
"196602" 23042 4629 17380 1033 23042 4947 1382 2863 106 1512 0 6553 6553 0 0 0 2993 83 1123 232 475 622 0 0 0 151 0 0 0
"196603" 23200 3922 18111 1167 23200 5725 1107 2607 547 1596 0 5726 5726 0 0 0 3060 114 1212 241 442 671 0 0 0 152 0 0 0
"196604" 24243 4025 18904 1314 24243 5851 1027 2361 1355 1680 0 6093 6093 0 0 0 2980 139 1276 236 446 652 0 0 0 147 0 0 0
"196701" 25227 5489 18258 1480 25227 5838 793 2074 1769 1764 0 6651 6651 0 0 0 3168 160 1512 237 432 669 0 0 0 160 0 0 0
"196702" 26373 7100 17613 1660 26373 5717 686 2126 1737 1848 1 7607 7607 0 0 0 3370 178 1552 242 390 744 0 0 0 175 0 0 0
"196703" 26150 6919 17410 1821 26150 5626 684 2306 1345 1932 0 7949 7949 0 0 0 3270 196 1304 238 362 759 0 0 0 179 0 0 0
"196704" 28518 8180 18350 1988 28518 6266 1005 2751 1267 2016 0 9130 9130 0 0 0 3172 217 1177 230 337 785 0 0 0 165 0 0 0
"196801" 30168 8537 19462 2169 30168 5671 1184 3842 1251 2100 0 9430 9430 0 0 0 3677 247 1215 266 358 758 0 0 0 169 0 0 0
"196802" 32673 9458 20856 2359 32673 6476 1333 4478 1658 2184 0 9325 9325 0 0 0 3725 282 1371 252 379 1028 0 0 0 182 0 0 0
"196803" 33932 10477 21011 2444 33932 5983 1364 5396 1641 2268 0 9726 9726 0 0 0 3860 319 1391 263 401 1138 0 0 0 182 0 0 0
"196804" 35445 11340 21579 2526 35445 6121 1434 6157 1401 2352 0 10426 10426 0 0 0 3494 354 1420 294 397 1410 0 0 0 185 0 0 0
"196901" 36896 11552 22728 2616 36896 5982 1770 7206 1102 2436 5 10103 10103 0 0 0 4015 387 1511 317 433 1437 0 0 0 192 0 0 0
"196902" 38803 11043 25059 2701 38803 7984 1601 7608 472 2520 0 10143 10143 0 0 0 4321 416 1267 345 468 1465 0 0 0 193 0 0 0
"196903" 40084 9379 27756 2949 40084 9210 1569 7607 354 2604 36 9329 9329 0 0 0 4615 450 1643 382 550 1552 0 0 0 183 0 0 0
"196904" 42885 9036 30645 3204 42885 11306 1676 7508 104 2688 0 10086 10086 0 0 0 4655 500 1615 390 608 1566 0 0 0 183 0 0 0
"197001" 46361 8584 34278 3499 46361 14196 1476 7055 120 2782 43 10434 10434 0 0 0 5204 567 1684 448 578 1592 0 0 0 182 0 0 0
"197002" 47633 8098 35822 3713 47633 14983 1486 6633 117 2876 0 10489 10489 0 0 0 5720 652 1783 445 660 1609 0 0 0 180 0 0 0
"197003" 49546 7999 37415 4132 49546 15736 1164 6158 113 2962 80 11433 11433 0 0 0 6356 739 1638 488 916 1576 0 0 0 187 0 0 0
"197004" 51712 8078 38879 4755 51712 15944 1209 5176 7 3012 0 13927 13927 0 0 0 6882 812 1628 532 904 1491 0 0 0 188 0 0 0
"197101" 51176 7371 37848 5957 51176 14952 1049 4033 7 3140 185 14701 14701 0 0 0 7628 867 1704 539 759 1414 0 0 0 198 0 0 0
"197102" 51632 7136 36924 7572 51632 13113 929 3301 0 3091 0 16304 16304 0 0 0 9429 901 1824 539 593 1400 0 0 0 208 0 0 0
"197103" 53699 6695 38635 8369 53699 13938 902 3150 0 3118 99 16436 16436 0 0 0 10374 943 1881 613 590 1448 0 0 0 207 0 0 0
"197104" 56565 7028 40021 9516 56565 14616 911 3004 25 3051 485 17936 17936 0 0 0 10633 1022 1897 627 606 1544 0 0 0 208 0 0 0
"197201" 58107 7114 40451 10542 58107 12832 823 3235 4 3069 758 18825 18755 70 0 0 11917 1139 2050 716 858 1668 0 0 0 213 0 0 0
"197202" 60732 7099 41885 11748 60732 11669 808 4197 3 3224 1066 19773 19633 140 0 0 12514 1297 2254 699 1207 1800 0 0 0 221 0 0 0
"197203" 62929 7561 42553 12815 62929 10944 975 4885 3 3189 1021 20076 19866 210 0 0 13298 1459 2415 750 1741 1944 0 0 0 229 0 0 0
"197204" 65873 7927 43542 14404 65873 8899 1036 6325 8 3196 1311 21980 21709 271 0 0 14082 1589 2288 735 2078 2105 0 0 0 241 0 0 0
"197301" 68894 8188 45546 15160 68894 8538 1097 7691 13 3188 1319 22112 21757 355 0 0 15010 1587 2451 764 2598 2284 0 0 0 242 0 0 0
"197302" 74970 7771 50584 16615 74970 8473 1256 9409 6 3252 1419 24468 24065 403 0 0 16153 1662 2479 815 2788 2480 0 0 0 310 0 0 0
"197303" 81941 8213 56671 17057 81941 9482 1659 11195 4 3387 1635 27119 26642 477 0 0 16306 1732 2392 909 2968 2840 0 0 0 313 0 0 0
"197304" 86234 8357 59837 18040 86234 8333 2035 12958 6 3248 1937 29558 29096 462 0 0 16310 1807 2310 884 3192 3334 0 0 0 322 0 0 0
"197401" 88300 8714 59877 19709 88300 5739 2330 14593 8 3435 1947 30411 29840 571 0 0 17193 1878 2452 932 3252 3817 0 0 0 313 0 0 0
"197402" 94208 8685 65391 20132 94208 6971 2607 15834 0 3574 2828 31778 31176 602 0 0 17242 1935 2781 937 3264 4145 0 0 0 312 0 0 0
"197403" 102062 8477 73048 20537 102062 11511 3080 16412 0 3524 3834 32380 31823 557 0 0 17163 2007 2940 989 3511 4401 0 0 0 310 0 0 0
"197404" 106124 8227 76439 21458 106124 13670 2953 16044 0 2781 4702 33192 32590 602 0 0 17576 2124 2680 1065 4305 4583 0 0 0 449 0 0 0
"197501" 108426 7934 76072 24420 108426 11530 3999 16327 0 2923 5044 33485 33106 379 0 0 18981 2288 2963 1110 4673 4719 0 0 0 384 0 0 0
"197502" 109510 7885 76022 25603 109510 8770 3555 17610 0 2801 4846 34061 33730 331 0 0 21136 2503 2914 1179 4900 4836 0 0 0 399 0 0 0
"197503" 111617 7876 76956 26785 111617 7682 3484 18506 0 2368 5615 34175 33898 277 0 0 22526 2725 2829 1282 4981 5045 0 0 0 399 0 0 0
"197504" 115166 7874 78781 28511 115166 7585 3264 18206 0 2691 6072 34899 34238 331 330 0 23674 2910 3302 1419 5466 5254 0 0 0 424 0 0 0
"197601" 118587 8406 79029 31152 118587 6964 3088 18389 0 2767 6607 35092 34424 316 352 0 25553 3054 3574 1642 5951 5536 0 0 0 370 0 0 0
"197602" 122030 8448 79556 34026 122030 7595 3029 18729 0 3078 6805 34838 34093 371 374 0 26690 3172 3887 1648 6326 5855 0 0 0 378 0 0 0
"197603" 126588 8733 80871 36984 126588 6994 3018 19745 0 3150 6729 35664 34966 302 396 0 28752 3277 4021 2090 6517 6275 0 0 0 356 0 0 0
"197604" 130263 8329 81241 40693 130263 11693 2868 20359 0 2017 6794 36490 35713 325 452 0 27117 3382 3859 2318 6075 6836 0 0 0 455 0 0 0
"197701" 135711 8175 82118 45418 135711 7500 2789 23950 0 2130 6690 35544 34780 258 506 0 30717 3483 4311 2547 7089 8412 0 0 0 549 0 0 0
"197702" 140748 8097 84671 47980 140748 7589 2682 24830 0 2847 7423 36554 35742 240 572 0 31623 3573 4326 2685 7630 8619 0 0 0 367 0 0 0
"197703" 146033 7599 86022 52412 146033 7914 2375 26402 0 3583 7370 36486 35594 232 660 0 33185 3662 4225 3040 8610 8839 0 0 0 342 0 0 0
"197704" 152556 7556 88197 56803 152556 8373 2672 26705 0 4695 8004 37547 36599 211 737 0 34243 3759 4386 4002 8501 9585 0 0 0 84 0 0 0
"197801" 159366 7233 92621 59512 159366 8565 2897 28415 0 4919 7929 38829 37927 242 660 0 35319 3876 4362 4605 8472 10968 0 0 0 210 0 0 0
"197802" 169026 7136 99279 62611 169026 8453 3358 33040 0 5322 8168 40695 39770 331 594 0 36144 3815 4525 4895 8423 11351 0 200 0 637 0 0 0
"197803" 177607 6584 105268 65755 177607 8501 2779 34581 0 6207 7950 42443 41573 342 528 0 38608 3744 4313 5831 9974 11921 0 400 0 355 0 0 0
"197804" 187894 6221 111266 70407 187894 9911 2773 39495 0 5165 7896 44296 43433 409 454 0 39864 3625 4887 6543 8681 13965 0 600 0 193 0 0 0
"197901" 198574 5593 117354 75627 198574 11679 3364 42995 0 5159 7464 45058 44139 369 550 0 41402 3456 5124 7121 9895 14432 0 1200 0 225 0 0 0
"197902" 208211 5146 122559 80506 208211 11554 3430 46504 0 5270 7761 46914 45895 359 660 0 42792 3235 5355 7988 10734 14496 0 1833 0 345 0 0 0
"197903" 219355 5070 126976 87309 219355 12627 2570 50211 0 5662 8224 49258 48094 394 770 0 43541 3021 5674 9023 12004 14065 0 3085 0 390 0 0 0
"197904" 235238 4938 135522 94778 235238 12501 1800 59357 0 5868 8216 52045 50796 430 819 0 44901 2657 5971 9381 12559 15360 0 4020 0 602 0 0 0
"198001" 249123 4874 144295 99954 249123 19045 1933 61731 0 7017 8211 53475 52262 377 836 0 46267 2124 5909 9870 13343 15981 0 3607 0 610 0 0 0
"198002" 257577 4685 148876 104016 257577 17495 1969 60336 0 7063 8875 56423 55233 354 836 0 47761 2838 5836 9739 15027 17783 0 5725 0 707 0 0 0
"198003" 265008 4573 150744 109691 265008 16815 1679 59467 0 7690 8782 58121 56910 353 858 0 52403 3309 5775 10303 16447 18052 0 5399 0 766 0 0 0
"198004" 278330 4445 159926 113959 278330 18601 2205 59721 0 8473 8739 61774 60526 389 859 0 55161 3327 6178 11144 18345 19083 0 4754 0 825 0 0 0
"198101" 285034 4391 163383 117260 285034 14219 2243 60564 0 9054 8722 63894 62633 447 814 0 56805 3450 6296 12256 20305 20201 0 6345 0 680 0 0 0
"198102" 298481 4232 173398 120851 298481 14202 3864 62628 0 9709 8694 65443 64182 460 801 0 58234 3395 6505 13667 22926 20948 0 7403 0 863 0 0 0
"198103" 315259 4170 186719 124370 315259 13479 4475 66253 0 10340 8661 69474 68006 654 814 0 60158 3066 6797 14322 25713 22121 0 9655 0 745 0 0 0
"198104" 323521 4104 190431 128986 323521 14225 5779 69085 0 10344 9125 71576 70137 590 849 0 62714 3596 6982 14293 20199 24250 0 10370 0 983 0 0 0
"198201" 333348 3506 192214 137628 333348 13754 3809 65763 0 10274 9013 72872 71654 580 638 0 69509 3996 7298 15157 23902 27237 0 9889 0 875 0 0 0
"198202" 351445 3485 201009 146951 351445 13602 3837 64250 0 10802 9002 75030 74029 582 419 0 76876 4267 7662 16274 27580 27893 0 13287 0 1083 0 0 0
"198203" 370776 3443 207102 160231 370776 13570 2506 69922 0 10413 8949 76945 75842 597 506 0 82024 3851 8069 17307 29696 31339 0 15137 0 1048 0 0 0
"198204" 387243 3351 205373 178519 387243 13425 3322 70180 0 10914 8937 78832 77649 589 594 0 90751 4525 8515 18634 31997 34310 0 11972 0 929 0 0 0
"198301" 402097 3387 202193 196517 402097 12563 2830 70582 0 10481 8915 81457 80297 555 605 0 103414 4390 9010 19319 33229 35339 0 9759 349 460 0 0 0
"198302" 419074 3344 202669 213061 419074 12367 3753 71057 0 10488 8890 81432 80299 523 610 0 111676 6484 9566 20265 34441 36156 0 11091 852 556 0 0 0
"198303" 438438 3320 203580 231538 438438 14074 3141 70347 0 10281 8737 81341 79932 617 792 0 122026 7496 10143 22151 36972 36406 0 12022 1192 320 1789 0 0
"198304" 454898 3311 206780 244807 454898 14519 4187 70054 0 11183 8645 79951 78315 648 988 0 126905 6262 10700 25863 38890 39252 0 13375 1620 497 2995 0 0
"198401" 471527 3274 212323 255930 471527 15898 2548 71639 0 11128 8558 78435 76930 603 902 0 134295 6380 11473 28094 39305 40192 0 15630 2307 205 4750 690 0
"198402" 487974 3262 221368 263344 487974 17083 3291 71707 0 11310 8501 78503 77052 599 852 0 142827 6796 12266 30538 38417 38801 0 16519 3110 426 6500 1379 0
"198403" 512617 3255 233824 275538 512617 19919 3715 75416 0 11776 8493 79520 77752 756 1012 0 146417 6762 13158 33223 41405 39492 0 17952 4298 755 8250 2066 0
"198404" 529441 3244 237210 288987 529441 27693 5319 74572 0 11969 8389 78884 77111 597 1176 0 143671 5859 13912 36870 44624 43308 0 16853 5422 725 8799 2572 0
"198501" 548395 3230 241132 304033 548395 26868 4183 84887 0 12289 8372 78507 76628 581 1298 0 146037 6134 15462 39898 46321 43495 0 17488 9389 250 5015 2580 1220
"198502" 574247 3221 249936 321090 574247 40239 3502 88968 0 13063 8303 81027 79001 590 1436 0 136685 6526 17656 42861 49977 40841 0 19577 12364 928 6699 2591 2440
"198503" 600079 3215 253532 343332 600079 35400 3533 90871 0 14335 8227 77320 74830 708 1782 0 147416 7099 19627 47568 52053 41556 0 21809 16402 1150 9450 2603 3660
"198504" 628876 3217 257795 367864 628876 23404 4017 105083 0 17478 8227 77461 74246 1079 2136 0 146785 6991 22157 49368 67112 38124 0 17971 26082 799 10174 2763 4880
"198601" 654303 3163 256553 394587 654303 18462 4167 102965 0 18793 8187 81347 77828 1583 1936 0 154227 7388 22820 53500 68657 34901 0 16992 34373 379 17040 4005 6100
"198602" 693538 3165 261301 429072 693538 22620 4518 95669 0 20841 8137 90079 86234 2078 1767 0 170508 7672 22721 55885 66253 36024 0 14709 43480 188 21667 5247 7320
"198603" 746678 3559 267223 475896 746678 22966 5750 102273 0 22325 8047 103549 99328 2378 1843 0 180250 8391 22367 56720 65508 37905 0 15075 54970 209 25344 6489 8540
"198604" 808209 3608 273010 531591 808209 23316 2360 103663 0 24989 7829 115064 110735 2589 1740 0 193068 8782 22262 59976 59158 38147 0 14997 63382 200 53525 7731 9760
"198701" 848405 4594 268376 575435 848405 24067 2274 92814 0 25700 7719 124979 120498 2584 1897 0 196747 9659 22281 62756 61509 39917 0 16517 71742 220 69250 9346 10908
"198702" 895040 4127 275771 615142 895040 21386 3006 94242 0 26723 7683 130342 125419 2917 2006 0 214397 10553 22293 64744 68658 41311 0 15705 74608 200 76028 10961 12200
"198703" 934710 3901 283725 647084 934710 25553 3036 100018 0 28163 7623 135641 130094 3540 2007 0 225257 9458 22309 67654 70470 42927 0 18238 70764 165 81438 12576 13420
"198704" 977752 5144 303214 669394 977752 32109 2648 108896 0 28322 7553 144511 138629 3832 2050 0 236672 8802 22340 67010 72284 42961 0 26711 66205 126 81771 14191 14640
"198801" 996381 5021 313519 677841 996381 27148 3702 105533 0 28464 7399 151256 145149 3983 1835 289 234344 7469 22365 68656 80835 40327 0 29471 66533 475 91720 14824 15860
"198802" 1020149 6952 317882 695315 1020149 24126 6107 110888 0 31114 7268 157123 150708 4281 1810 324 242731 7067 22366 71151 81550 39568 0 21682 66379 400 98092 15457 17080
"198803" 1061800 12176 328487 721137 1061800 28969 5918 124609 0 32575 7191 165401 158584 4599 1852 366 249224 7257 22409 72709 84019 39557 0 20543 64686 400 101943 16090 18300
"198804" 1115962 22578 348097 745287 1115962 52357 6022 131713 0 34193 6966 175325 167888 4922 2092 423 257240 7141 22563 75730 86670 35347 0 18150 62833 339 107130 16723 19520
"198901" 1157059 22284 364316 770459 1157059 48854 7692 143527 0 38227 6779 185763 177588 5597 2076 502 255857 6965 23133 81530 97464 37920 0 13853 61502 321 109991 16941 20740
"198902" 1187035 23567 368986 794482 1187035 38751 7090 152932 0 40040 6654 200639 192001 5978 2054 606 250037 6844 23925 89474 101043 43928 0 17151 60915 570 107924 17158 21960
"198903" 1222783 25342 370429 827012 1222783 49875 6564 161595 0 43023 6555 217397 209536 5185 1969 707 227152 6575 24897 95855 104903 47393 0 16308 62706 1383 110046 17376 23180
"198904" 1267073 24197 373327 869549 1267073 74766 9170 162629 0 47219 6525 230482 222123 5222 2360 777 208887 6258 26007 100844 110473 51203 0 20803 64452 6262 99100 17593 24400
"199001" 1314825 31590 378070 905165 1314825 84423 7046 151991 0 49388 6524 251347 242085 5902 2543 817 201181 9564 27244 104874 123001 54214 0 21874 66067 8008 105141 17318 25620
"199002" 1358105 32933 380974 944198 1358105 98450 5292 151960 0 50857 6446 264833 255739 6194 2070 830 190646 11525 28594 108755 127991 56085 0 28802 68181 9390 105931 17043 27324
"199003" 1395546 32603 384410 978533 1395546 108422 2886 151795 0 50324 6377 274174 264760 6541 2037 836 185882 13219 30149 115224 130890 61255 0 29843 69035 10440 107378 16768 31485
"199004" 1445905 32350 393694 1019861 1445905 117318 3285 151033 0 49406 6342 284806 274908 7153 1890 855 185654 14431 32000 121049 133087 62851 0 36410 72592 11883 103252 16493 44013
"199101" 1473629 26350 396972 1050307 1473629 98701 2873 152905 0 50225 6342 299335 288640 7942 1887 866 172750 16288 34361 129000 146860 62935 0 38975 75936 22869 101467 16517 45290
"199102" 1500385 24800 389601 1085984 1500385 104443 4955 153813 0 51563 6213 308117 296514 8660 2093 850 161439 17935 37412 145581 144634 64651 0 35694 80106 23957 94215 16541 49116
"199103" 1535656 17602 394741 1123313 1535656 106302 3350 157515 0 55861 6154 317598 305976 9000 1757 865 150379 19691 40291 148864 147589 64551 20 40393 89285 29465 87131 16565 54652
"199104" 1577948 18556 402903 1156489 1577948 115486 5112 162725 0 58531 6044 335722 321205 11151 2395 971 145035 19592 42135 164184 145963 58038 45 40640 96683 34764 76631 16589 54029
"199201" 1601229 15765 405736 1179728 1601229 110202 7872 148155 0 61710 5960 345876 331206 11720 1766 1184 139994 22460 42989 171663 157348 55408 80 39241 101411 40286 76437 16520 57617
"199202" 1653139 15862 418289 1218988 1653139 96135 7727 166627 0 68386 5710 357935 341297 13532 1589 1517 142103 24568 42897 176868 155289 49236 107 43509 115823 45517 71788 16400 66514
"199203" 1696980 18119 435214 1243647 1696980 104137 8462 172507 0 69828 5534 371321 353394 13759 2314 1854 137773 26850 42546 185766 157212 48036 148 50432 128820 45374 64031 16150 62053
"199204" 1734442 18786 443609 1272047 1734442 114358 8585 174902 0 71352 5413 378493 360133 14084 2199 2077 143034 28651 42621 193006 156492 39761 183 54288 146969 47482 59971 15900 52981
"199301" 1771049 19576 451677 1299796 1771049 110278 15167 161570 0 73170 5123 398425 377003 17036 2183 2203 141791 31886 42985 199330 171246 32740 217 50251 149293 45843 65634 15800 60300
"199302" 1790737 20596 468841 1301300 1790737 75952 11620 166402 0 82130 5032 408588 385945 17988 2406 2249 143749 32689 43496 209211 169976 32078 268 55701 156296 47525 68924 15700 65400
"199303" 1865973 24654 510764 1330555 1865973 57936 17224 180476 0 91893 4804 417076 393295 19021 2495 2265 144695 34630 44030 216867 168357 34149 332 65361 170043 52576 76924 14800 73800
"199304" 1907522 26585 524171 1356766 1907522 58275 19059 175007 0 103241 4638 423206 396326 21481 3096 2303 147251 36341 44463 222812 170642 35796 380 67772 172635 66041 83563 15600 60800
"199401" 1989720 26259 564165 1399296 1989720 98772 22414 168135 0 109188 4227 425794 394948 25089 3357 2400 148551 39996 44791 228816 175981 40588 438 68343 168680 77659 94747 14000 58600
"199402" 2060648 27438 600793 1432417 2060648 118988 24901 172648 0 115133 3920 429475 398441 24794 3740 2500 149618 40403 45119 227119 188958 45014 454 70817 169932 89461 100988 12400 55300
"199403" 2121886 28162 638791 1454933 2121886 137895 14900 183963 0 119050 3806 429059 398260 23970 4229 2600 160030 41624 45447 227953 203091 38390 473 73037 165615 111418 105335 10800 50000
"199404" 2200192 26743 701044 1472405 2200192 187587 19875 186600 0 106793 3637 428741 398107 23030 4833 2771 159899 40867 45774 234129 211502 39872 470 77150 165762 130793 106541 9200 45000
"199501" 2223465 26436 716783 1480246 2223465 159889 21042 205900 0 111956 3408 433871 395762 31240 4100 2769 163358 40877 46400 242145 212975 44665 486 74987 164757 136137 106712 8900 45000
"199502" 2274800 26838 748564 1499398 2274800 153714 24306 200300 0 115589 3096 447482 404674 36110 3911 2787 161893 43696 46962 243972 212917 48067 513 88194 163670 158901 110928 8600 42000
"199503" 2328063 26940 774093 1527030 2328063 184409 20783 172200 0 123932 2895 462100 418959 36165 4147 2829 164959 43188 47500 247446 212346 56192 545 81478 165894 163941 123955 8300 46000
"199504" 2405961 28223 807007 1570731 2405961 216440 23421 151500 0 123051 2634 467464 421480 37288 4671 4025 164552 45742 48150 242864 213123 63118 589 90824 171293 190828 127368 9000 54000
"199601" 2442646 27643 814908 1600095 2442646 212140 20853 150600 0 123610 2526 471288 423447 39111 4733 3997 163838 47865 48262 239102 213052 69231 639 96226 184936 208504 130274 9700 50000
"199602" 2518478 28205 846568 1643705 2518478 267157 22880 149423 0 128726 2388 473704 424671 40505 4820 3708 165075 50148 47714 234608 213258 70214 643 89582 192319 222433 129606 10400 48200
"199603" 2573406 27437 866605 1679364 2573406 304123 25926 137807 0 139253 2309 475855 423598 43387 4686 4184 160250 50159 48071 242394 208116 65037 671 94599 197442 236746 127020 11128 46500
"199604" 2635764 26613 897443 1711708 2635764 332767 28480 116211 0 134400 2225 495653 436743 49722 4930 4258 156054 50690 50986 244134 201794 68622 679 101820 204414 256631 122806 12198 55200
"199701" 2662430 26258 895813 1740359 2662430 320821 19272 108916 0 144896 1994 510435 445977 54772 4554 5132 156082 51890 68827 243051 203490 78763 685 92069 206974 271911 116337 12210 53807
"199702" 2734372 26319 945532 1762521 2734372 334056 11823 121578 0 151675 1496 523012 455265 57467 5220 5060 159597 53366 69362 245763 204588 78798 694 93295 209081 294515 114530 13399 53744
"199703" 2774276 26089 957099 1791088 2774276 337219 8394 110234 0 160630 925 537902 467765 60320 4357 5460 154797 53586 70022 249310 206525 81608 710 88516 214961 311779 104957 15810 66391
"199704" 2849331 26526 996511 1826294 2849331 389740 7971 115436 0 157299 685 571159 497152 62196 5505 6306 155266 51048 70820 226662 207936 87006 749 96309 213309 324238 102079 21187 50432
"199801" 2905729 25918 1032256 1847555 2905729 354576 7283 110226 0 169504 625 593108 510267 67245 8605 6991 152635 53203 71581 225659 207480 90116 789 95812 225289 356552 100225 23183 67883
"199802" 3008901 25558 1073954 1909389 3008901 388724 7036 132500 0 176611 526 588647 504835 70462 5801 7549 149784 55927 71487 222915 202619 98041 814 93457 226258 385173 100383 21062 86937
"199803" 3149272 25455 1147570 1976247 3149272 437973 8288 140508 0 171844 403 621709 541364 65883 6418 8044 145461 57018 71206 219892 200155 104820 881 121407 230378 424912 112592 18301 61524
"199804" 3322895 28501 1275425 2018969 3322895 441686 10609 154103 0 185563 338 663170 578892 67436 6633 10209 143676 58373 69668 217032 190734 106104 959 172433 234911 482679 126816 13119 50922
"199901" 3464886 28118 1323758 2113010 3464886 449591 11324 164525 0 199492 311 674784 588069 70019 6096 10600 147739 63232 70677 221319 199780 113106 986 169510 247251 538853 144617 14915 32874
"199902" 3612367 28268 1400457 2183642 3612367 482971 11363 174399 0 212741 259 676734 596253 64669 4134 11678 147344 65795 73313 223523 209966 114932 995 157159 264553 587557 159170 14875 34718
"199903" 3777827 28276 1502334 2247217 3777827 514989 12445 184518 0 230539 238 695299 608427 69718 3967 13187 146025 65437 74474 224561 216067 112839 981 162418 269142 628103 167850 14608 57294
"199904" 3916025 28284 1594210 2293531 3916025 541791 12416 198338 0 232334 181 699553 608310 72350 5356 13537 147103 61295 75532 224368 230309 129022 936 191052 271073 655590 167816 11366 65950
"200001" 3971750 27768 1620483 2323499 3971750 536743 15205 209390 0 263721 150 717400 627214 71690 4749 13747 142051 65439 77505 228007 232764 124500 875 171365 264706 684393 175993 11259 50284
"200002" 4067602 28227 1682743 2356632 4067602 564203 18089 218932 0 291011 140 720565 631000 70440 4968 14157 139736 65823 79382 229826 217997 143291 861 156387 270656 703786 181449 10376 55092
"200003" 4196120 27621 1752603 2415896 4196120 588946 18933 230255 0 331781 130 712802 620961 70789 5080 15972 139377 60890 82114 233028 208900 159082 882 159214 274349 742238 178979 11607 62613
"200004" 4346987 27326 1826417 2493244 4346987 594014 15423 239741 0 348228 130 721824 626484 72703 4808 17829 140435 60936 84101 235359 197400 178873 994 182901 283655 810911 176374 11993 63695
"200101" 4455492 26767 1892900 2535825 4455492 462069 14284 250304 0 378711 10 715253 618114 75316 5414 16409 145354 68400 86323 240372 214364 176064 1504 249092 302645 875635 186710 13100 75298
"200102" 4629048 27048 1964609 2637391 4629048 481264 14828 264619 0 390328 10 700189 621721 56905 5071 16492 150739 66287 86323 245062 211476 194655 1663 264359 334599 920150 190907 15245 96345
"200103" 4833695 26960 2046278 2760457 4833695 513442 16203 272631 0 409633 10 735698 657591 56271 5007 16829 148873 74135 90820 250515 200183 178346 2337 315508 355766 978722 192701 17729 80443
"200104" 4989126 26777 2130565 2831784 4989126 407301 17539 287035 0 504123 10 777417 700215 50682 6218 20302 161438 80557 94229 253503 202526 180737 2639 324436 368340 1017821 211407 20288 77780
"200201" 5158371 26328 2175623 2956420 5158371 398360 18325 296823 0 523891 10 808301 725054 51681 10226 21340 173598 90696 98671 272996 199579 181928 2602 317357 380945 1078501 216878 27094 71816
"200202" 5279787 26775 2210400 3042612 5279787 352188 18964 306487 0 575823 10 856841 767307 55258 11483 22793 172620 98828 103144 291213 200746 186219 2787 295234 387636 1085988 223553 31555 89951
"200203" 5395156 27170 2282789 3085197 5395156 292171 18126 314684 0 603979 10 889865 794402 61487 10900 23076 168525 91966 107030 312161 194055 189259 3411 321184 408311 1108404 249330 33864 88821
"200204" 5536277 27275 2350398 3158604 5536277 247630 16883 328761 0 630586 10 917879 821343 61559 10734 24243 176160 79076 113194 330910 182944 192558 4566 333120 422357 1149520 286527 31765 91831
"200301" 5664191 26880 2406836 3230475 5664191 183286 17944 328550 0 644525 10 961165 866018 60338 11441 23368 186147 89288 113445 338419 190910 196651 6266 322836 435222 1177833 316125 27459 128110
"200302" 5774915 27009 2454945 3292961 5774915 121259 12192 338697 0 658108 10 1035319 936009 63426 10920 24964 192367 90529 113266 345002 200450 195736 6285 327863 452061 1168142 348747 29482 139400
"200303" 5972097 27023 2569913 3375161 5972097 297763 11785 341879 0 634646 10 967981 872479 55002 12217 28283 193260 92857 113863 346865 211675 216040 5632 349402 444176 1259985 371771 26678 85829
"200304" 5969388 24866 2601271 3343251 5969388 383916 11230 351231 0 655345 0 1000286 906426 53263 11649 28948 198772 94284 115408 348927 223502 235068 5075 328560 447513 1088880 368782 28883 83726
"200401" 5974191 25132 2602671 3346388 5974191 240690 11642 356740 0 685741 0 1094258 1001331 50463 12542 29922 211895 94595 116365 352932 224282 256252 4870 304125 462628 1051276 374344 37780 93776
"200402" 6047127 24221 2656374 3366532 6047127 303329 11336 358966 0 716445 0 1110587 1012643 53519 12895 31530 208350 98541 115266 355107 229076 273153 4639 282673 463865 1021389 370978 37126 86301
"200403" 6090892 24183 2685944 3380765 6090892 372245 10627 364982 0 747669 0 1055972 958147 50170 14337 33318 200690 94451 114266 356940 234194 275900 4752 275539 458619 1000184 351177 40787 131898
"200404" 6084549 24261 2676270 3384018 6084549 399753 11338 373157 0 875240 0 1095072 996091 51839 13534 33608 136445 93139 112131 357133 235267 258765 4621 267463 462671 886503 363910 44675 107266
"200501" 6072148 24076 2640891 3407181 6072148 359215 16410 380555 0 878779 0 1120356 1021637 50923 13597 34199 203632 95314 114564 366785 237423 246079 4579 212705 470470 844217 368735 44153 108177
"200502" 6091054 23730 2624974 3442350 6091054 424134 17643 387480 0 928484 0 1104550 998036 57916 12833 35765 201476 95268 115340 367947 237736 234315 4674 168894 473527 796413 352719 44523 135931
"200503" 6066248 23636 2557661 3484951 6066248 430818 16161 395795 0 967252 0 1090628 991979 51132 11553 35964 197236 90762 118324 369856 240704 249871 4717 145597 472156 760913 354385 43003 118070
"200504" 6164547 23835 2592229 3548483 6164547 493367 17372 401606 0 1012852 0 1089645 992745 50944 11198 34758 192269 86387 117936 368536 252024 258373 4636 160065 483423 751078 333349 40628 101001
"200601" 6240515 23582 2589715 3627218 6240515 430500 16670 410374 0 1055638 0 1128335 1037445 44290 11948 34652 197495 89252 119502 376726 250826 271216 4568 153273 488476 746154 331814 40308 129388
"200602" 6353955 23639 2638504 3691812 6353955 367207 14960 420421 0 1145823 0 1169043 1070840 51678 13089 33436 195157 88780 120566 379972 254384 290999 4515 150442 489230 743257 316195 47939 155065
"200603" 6409740 23385 2617630 3768725 6409740 404310 14931 429984 0 1189854 0 1107245 1010570 51905 12560 32210 223348 79398 120982 381957 259729 299871 4637 139740 488023 724757 324983 55080 160911
"200604" 6492439 23509 2627811 3841119 6492439 403563 15154 439902 0 1263557 0 1135557 1040283 55099 11171 29004 177021 72534 122015 377366 268614 307819 4686 131357 499115 714013 356715 65412 138039
"200701" 6624119 23180 2644481 3956458 6624119 453301 13056 446027 0 1313129 0 1126530 1030595 54393 12538 29004 178821 72414 123234 379816 277896 312037 4756 129764 516366 697344 355026 76819 147783
"200702" 6785814 23156 2684834 4077824 6785814 517918 11040 444803 0 1414704 0 1124560 1027609 56526 11551 28874 176673 73010 124464 381416 285825 314010 4724 135667 533017 688355 356797 76204 122627
"200703" 7099555 22953 2823986 4252616 7099555 635005 12989 460683 0 1470263 0 1060387 962173 58065 12702 27447 176917 70869 125707 384240 290503 324839 4890 180207 543875 693931 370923 78682 214645
"200704" 7397749 23139 2910192 4464418 7397749 670087 12773 464527 0 1582389 0 1022293 928933 57135 9889 26336 177367 68408 125800 382896 296775 331114 5020 235863 565354 702944 375032 88910 290197
"200801" 7563813 23458 2938117 4602238 7563813 625149 9080 464964 0 1605450 0 1016207 923153 54358 12964 25732 172998 73530 123015 381423 300413 332102 5974 388876 576306 728377 369565 92323 298061
"200802" 7885840 23521 3102075 4760244 7885840 638898 9599 464978 0 1630294 0 1095735 985675 53932 28302 27826 176635 80771 120482 379117 301979 331620 5815 424923 593957 854270 366242 99331 311194
"200803" 8068431 23098 3152680 4892653 8068431 809327 8502 462204 3311 1530695 14500 1080040 991297 44714 16622 27407 169917 82384 116998 373610 310255 334088 5806 518359 603440 836742 365036 93175 350042
"200804" 8166697 23346 3181923 4961428 8166697 718799 10152 451131 54427 1406943 19708 1169352 1068668 50497 25801 24386 173830 82854 114273 366183 318122 337462 5061 756157 592694 909985 346373 90542 242649
"200901" 8182826 22548 3118309 5041969 8182826 506508 6170 452053 111371 1338122 287029 1175424 1085440 45573 21605 22806 175900 91855 113762 363338 310573 329745 4980 776268 588129 953966 283918 91736 221979
"200902" 8141099 22274 2948078 5170747 8141099 208147 11384 444651 164660 1316481 559051 1221348 1136801 38705 22354 23488 187645 100666 114520 367196 294371 318962 5044 741548 616941 949004 245462 96799 177219
"200903" 8121259 23202 2800509 5297548 8121259 208599 11446 440200 195645 1262579 823541 1185840 1106515 35187 22327 21811 197371 105162 115205 368155 278799 309523 5380 635180 635058 919423 185042 97543 141568
"200904" 8106479 23495 2706589 5376395 8106479 94092 11984 436543 225523 1188599 1068250 1276852 1199990 32051 24320 20491 201645 110751 116218 371939 269075 299900 5620 542984 639126 924546 120536 91420 110876
"201001" 7633173 23581 6602726 1006866 7633173 19932 14104 441555 225523 1177051 1237685 1269294 1196907 31435 22562 18390 209865 123484 113810 369648 259556 295178 5750 465145 684300 416977 85001 91809 127506
"201002" 7631084 23850 6535594 1071640 7631084 22022 14180 432336 225523 1215827 1282889 1261562 1192884 30384 22109 16185 206464 133571 112224 364980 210942 289875 5989 450293 710672 387713 48341 93800 161881
"201003" 7593530 23971 6448835 1120724 7593530 36579 13931 439943 225523 1209691 1232644 1316205 1242909 30192 30133 12971 209091 138544 111763 360719 170155 282057 6637 415285 755539 375056 24519 96113 173536
