"DATES" "FL774110005.Q" "FL714110005.Q" "FL713113003.Q" "FL723025000.Q" "FL764110005.Q" "FL714010005.Q" "FL764116005.Q" "FL764116205.Q" "FL724116205.Q" "FL723192603.Q" "FL723092605.Q" "FL754116205.Q" "FL753192603.Q" "FL753092605.Q" "FL734116205.Q" "FL733192603.Q" "FL733092603.Q" "FL764016205.Q" "FL724016203.Q" "FL754016203.Q" "FL904010005.Q" "FL724112005.Q" "FL724112205.Q" "FL754012205.Q" "FL733030003.Q" "FL904010005.Q" "FL724012205.Q" "FL754112205.Q" "FL734112205.Q" "FL754112005.Q" "FL754112205.Q" "FL754012205.Q" "FL734112005.Q" "FL734112205.Q" "FL733030003.Q" "FL894010005.Q" "FL764116005.Q" "FL774010005.Q" "FL714010005.Q" "FL713022003.Q" "FL713068705.Q" "FL764010005.Q" "FL763013005.Q" "FL723025000.Q" "FL443013053.Q" "FL473013003.Q" "FL904010005.Q"
"195201" 25922 22696 20276 2420 3226 867 1838 1894 728 728 0 1166 1395 229 0 0 0 56 46 10 521 614 652 131 0 521 38 38 0 -93 38 131 0 0 0 25401 1838 23563 867 710 157 22696 20276 2420 0 0 521
"195202" 24849 21777 19381 2396 3072 625 1948 2003 722 722 0 1281 1533 252 0 0 0 55 44 11 499 606 645 146 0 499 39 39 0 -107 39 146 0 0 0 24350 1948 22402 625 581 44 21777 19381 2396 0 0 499
"195203" 26878 23111 20581 2530 3767 1093 1726 1778 655 655 0 1123 1352 229 0 0 0 52 42 10 948 1048 1082 134 0 948 34 34 0 -100 34 134 0 0 0 25930 1726 24204 1093 738 355 23111 20581 2530 0 0 948
"195204" 26264 22703 19950 2753 3561 1094 1758 1844 661 661 0 1183 1424 241 0 0 0 86 76 10 709 815 851 142 0 709 36 36 0 -106 36 142 0 0 0 25555 1758 23797 1094 967 127 22703 19950 2753 0 0 709
"195301" 26541 22698 20148 2550 3843 1500 1742 1801 706 706 0 1095 1366 271 0 0 0 59 48 11 601 706 740 139 0 601 34 34 0 -105 34 139 0 0 0 25940 1742 24198 1500 810 690 22698 20148 2550 0 0 601
"195302" 25254 22151 19561 2590 3103 655 1783 1854 699 699 0 1155 1398 243 0 0 0 71 60 11 665 774 808 143 0 665 34 34 0 -109 34 143 0 0 0 24589 1783 22806 655 601 54 22151 19561 2590 0 0 665
"195303" 25656 21959 19309 2650 3697 1014 1798 1869 738 738 0 1131 1373 242 0 0 0 71 60 11 885 994 1028 143 0 885 34 34 0 -109 34 143 0 0 0 24771 1798 22973 1014 685 329 21959 19309 2650 0 0 885
"195304" 26088 22672 20160 2512 3416 948 1682 1761 570 570 0 1191 1447 256 0 0 0 79 66 13 786 901 937 151 0 786 36 36 0 -115 36 151 0 0 0 25302 1682 23620 948 935 13 22672 20160 2512 0 0 786
"195401" 24573 21824 19194 2630 2749 667 1602 1671 489 489 0 1182 1439 257 0 0 0 69 57 12 480 596 632 152 0 480 36 36 0 -116 36 152 0 0 0 24093 1602 22491 667 535 132 21824 19194 2630 0 0 480
"195402" 24715 21671 19011 2660 3044 589 1606 1693 480 480 0 1213 1479 266 0 0 0 87 73 14 849 969 1005 156 0 849 36 36 0 -120 36 156 0 0 0 23866 1606 22260 589 567 22 21671 19011 2660 0 0 849
"195403" 24516 21161 18331 2830 3355 685 1627 1741 510 510 0 1231 1503 272 0 0 0 114 100 14 1043 1165 1204 161 0 1043 39 39 0 -122 39 161 0 0 0 23473 1627 21846 685 511 174 21161 18331 2830 0 0 1043
"195404" 24629 21345 18876 2469 3284 818 1729 1870 509 509 0 1361 1658 297 0 0 0 141 126 15 737 868 911 174 0 737 43 43 0 -131 43 174 0 0 0 23892 1729 22163 818 808 10 21345 18876 2469 0 0 737
"195501" 24626 21218 18388 2830 3408 1150 1719 1826 511 511 0 1315 1604 289 0 0 0 107 93 14 539 667 708 169 0 539 41 41 0 -128 41 169 0 0 0 24087 1719 22368 1150 552 598 21218 18388 2830 0 0 539
"195502" 24327 20747 18066 2681 3580 925 1820 1948 538 538 0 1410 1714 304 0 0 0 128 113 15 835 971 1014 179 0 835 43 43 0 -136 43 179 0 0 0 23492 1820 21672 925 850 75 20747 18066 2681 0 0 835
"195503" 25623 21435 18475 2960 4188 1437 1832 1939 570 570 0 1369 1665 296 0 0 0 107 92 15 919 1052 1095 176 0 919 43 43 0 -133 43 176 0 0 0 24704 1832 22872 1437 788 649 21435 18475 2960 0 0 919
"195504" 26261 21687 19005 2682 4574 1692 1846 1962 553 553 0 1409 1712 303 0 0 0 116 102 14 1036 1172 1215 179 0 1036 43 43 0 -136 43 179 0 0 0 25225 1846 23379 1692 1585 107 21687 19005 2682 0 0 1036
"195601" 25675 21472 18582 2890 4203 1499 1944 2049 615 615 0 1434 1745 311 0 0 0 105 90 15 760 900 943 183 0 760 43 43 0 -140 43 183 0 0 0 24915 1944 22971 1499 793 706 21472 18582 2890 0 0 760
"195602" 24823 20716 18443 2273 4107 1438 1890 1979 446 446 0 1533 1866 333 0 0 0 89 72 17 779 926 975 196 0 779 49 49 0 -147 49 196 0 0 0 24044 1890 22154 1438 1206 232 20716 18443 2273 0 0 779
"195603" 26630 21756 18656 3100 4874 1633 2159 2305 677 677 0 1628 1982 354 0 0 0 146 127 19 1082 1239 1290 208 0 1082 51 51 0 -157 51 208 0 0 0 25548 2159 23389 1633 1060 573 21756 18656 3100 0 0 1082
"195604" 27328 22320 19059 3261 5008 1690 2196 2280 614 614 0 1666 2029 363 0 0 0 84 64 20 1122 1282 1335 213 0 1122 53 53 0 -160 53 213 0 0 0 26206 2196 24010 1690 1665 25 22320 19059 3261 0 0 1122
"195701" 25279 21260 18350 2910 4019 1399 2097 2191 553 553 0 1638 1997 359 0 0 0 94 70 24 523 681 735 212 0 523 54 54 0 -158 54 212 0 0 0 24756 2097 22659 1399 807 592 21260 18350 2910 0 0 523
"195702" 26196 21578 18628 2950 4618 1853 2074 2178 444 444 0 1734 2108 374 0 0 0 104 76 28 691 850 911 220 0 691 61 61 0 -159 61 220 0 0 0 25505 2074 23431 1853 1029 824 21578 18628 2950 0 0 691
"195703" 26288 21634 18594 3040 4654 1761 2007 2108 391 391 0 1717 2086 369 0 0 0 101 68 33 886 1041 1103 217 0 886 62 62 0 -155 62 217 0 0 0 25402 2007 23395 1761 985 776 21634 18594 3040 0 0 886
"195704" 26590 22369 19034 3335 4221 1474 1959 2079 331 331 0 1748 2121 373 0 0 0 120 79 41 788 939 1006 218 0 788 67 67 0 -151 67 218 0 0 0 25802 1959 23843 1474 1424 50 22369 19034 3335 0 0 788
"195801" 24165 21316 18426 2890 2849 822 2099 2192 401 401 0 1791 2171 380 0 0 0 93 65 28 -72 82 150 222 0 -72 68 68 0 -154 68 222 0 0 0 24237 2099 22138 822 704 118 21316 18426 2890 0 0 -72
"195802" 24558 21585 18568 3017 2973 924 2304 2432 515 515 0 1917 2317 400 0 0 0 128 114 14 -255 -95 -21 234 0 -255 74 74 0 -160 74 234 0 0 0 24813 2304 22509 924 796 128 21585 18568 3017 0 0 -255
"195803" 25294 21241 18101 3140 4053 1286 2276 2416 465 465 0 1951 2357 406 0 0 0 140 125 15 491 652 729 238 0 491 77 77 0 -161 77 238 0 0 0 24803 2276 22527 1286 949 337 21241 18101 3140 0 0 491
"195804" 26094 21753 18504 3249 4341 1342 2111 2247 292 292 0 1955 2361 406 0 0 0 136 120 16 888 1047 1125 237 0 888 78 78 0 -159 78 237 0 0 0 25206 2111 23095 1342 1296 46 21753 18504 3249 0 0 888
"195901" 25690 21284 18194 3090 4406 1318 2270 2369 458 458 0 1911 2339 428 0 0 0 99 84 15 818 981 1055 237 0 818 74 74 0 -163 74 237 0 0 0 24872 2270 22602 1318 746 572 21284 18194 3090 0 0 818
"195902" 26533 21448 18188 3260 5085 1738 2207 2304 450 450 0 1854 2315 461 0 0 0 97 82 15 1140 1307 1378 238 0 1140 71 71 0 -167 71 238 0 0 0 25393 2207 23186 1738 846 892 21448 18188 3260 0 0 1140
"195903" 25678 21000 17760 3240 4678 1280 2086 2202 391 391 0 1811 2300 489 0 0 0 116 102 14 1312 1483 1551 239 0 1312 68 68 0 -171 68 239 0 0 0 24366 2086 22280 1280 951 329 21000 17760 3240 0 0 1312
"195904" 26573 21186 18174 3012 5387 2043 2132 2260 525 525 0 1735 2164 429 0 0 0 128 114 14 1212 1390 1454 242 0 1212 64 64 0 -178 64 242 0 0 0 25361 2132 23229 2043 1590 453 21186 18174 3012 0 0 1212
"196001" 25893 21076 17716 3360 4817 1638 2374 2483 643 643 0 1840 2286 446 0 0 0 109 95 14 805 1006 1058 253 0 805 52 52 0 -201 52 253 0 0 0 25088 2374 22714 1638 823 815 21076 17716 3360 0 0 805
"196002" 25841 21018 17528 3490 4823 1135 2738 2857 923 923 0 1934 2409 475 0 0 0 119 103 16 950 1176 1217 267 0 950 41 41 0 -226 41 267 0 0 0 24891 2738 22153 1135 868 267 21018 17528 3490 0 0 950
"196003" 27298 21598 18058 3540 5700 1580 2978 3115 1057 1057 0 2058 2542 484 0 0 0 137 120 17 1142 1392 1424 282 0 1142 32 32 0 -250 32 282 0 0 0 26156 2978 23178 1580 987 593 21598 18058 3540 0 0 1142
"196004" 26568 20427 17081 3346 6141 1893 2960 3122 948 948 0 2174 2676 502 0 0 0 162 144 18 1288 1564 1585 297 0 1288 21 21 0 -276 21 297 0 0 0 25280 2960 22320 1893 1868 25 20427 17081 3346 0 0 1288
"196101" 24535 19622 15992 3630 4913 861 3223 3371 1004 1004 0 2367 2900 533 0 0 0 148 131 17 829 1095 1128 299 0 829 33 33 0 -266 33 299 0 0 0 23706 3223 20483 861 755 106 19622 15992 3630 0 0 829
"196102" 25149 19619 16716 2903 5530 1206 3553 3717 1162 1162 0 2555 3123 568 0 0 0 164 148 16 771 1026 1072 301 0 771 46 46 0 -255 46 301 0 0 0 24378 3553 20825 1206 1171 35 19619 16716 2903 0 0 771
"196103" 26326 20180 16310 3870 6146 1382 3562 3743 1170 1170 0 2573 3133 560 0 0 0 181 164 17 1202 1464 1506 304 0 1202 42 42 0 -262 42 304 0 0 0 25124 3562 21562 1382 1300 82 20180 16310 3870 0 0 1202
"196104" 28555 21076 17387 3689 7479 2415 3087 3363 1033 1033 0 2330 2866 536 0 0 0 276 254 22 1977 2262 2345 368 0 1977 83 83 0 -285 83 368 0 0 0 26578 3087 23491 2415 2300 115 21076 17387 3689 0 0 1977
"196201" 26010 20686 16786 3900 5324 1088 3349 3544 1191 1191 0 2353 2888 535 0 0 0 195 177 18 887 1159 1214 327 0 887 55 55 0 -272 55 327 0 0 0 25123 3349 21774 1088 918 170 20686 16786 3900 0 0 887
"196202" 26141 20391 17206 3185 5750 1505 3362 3559 1190 1190 0 2369 2910 541 0 0 0 197 182 15 883 1141 1168 285 0 883 27 27 0 -258 27 285 0 0 0 25258 3362 21896 1505 1462 43 20391 17206 3185 0 0 883
"196203" 28648 21375 17105 4270 7273 2403 3338 3514 1126 1126 0 2388 2926 538 0 0 0 176 161 15 1532 1814 1829 297 0 1532 15 15 0 -282 15 297 0 0 0 27116 3338 23778 2403 1641 762 21375 17105 4270 0 0 1532
"196204" 29196 21973 17454 4519 7223 2940 2981 3242 851 851 0 2391 2943 552 0 0 0 261 242 19 1302 1531 1639 337 0 1302 108 108 0 -229 108 337 0 0 0 27894 2981 24913 2940 2903 37 21973 17454 4519 0 0 1302
"196301" 26160 20620 16410 4210 5540 1417 3563 3775 1291 1291 0 2484 3039 555 0 0 0 212 194 18 560 810 889 329 0 560 79 79 0 -250 79 329 0 0 0 25600 3563 22037 1417 1223 194 20620 16410 4210 0 0 560
"196302" 26328 20448 16965 3483 5880 1734 3427 3696 1130 1130 0 2566 3134 568 0 0 0 269 252 17 719 992 1041 322 0 719 49 49 0 -273 49 322 0 0 0 25609 3427 22182 1734 1638 96 20448 16965 3483 0 0 719
"196303" 27677 21171 16621 4550 6506 1900 3466 3720 1100 1100 0 2620 3191 571 0 0 0 254 236 18 1140 1439 1497 357 0 1140 58 58 0 -299 58 357 0 0 0 26537 3466 23071 1900 1435 465 21171 16621 4550 0 0 1140
"196304" 28421 21308 17049 4259 7113 2631 3233 3593 1000 1000 0 2593 3176 583 0 0 0 360 340 20 1249 1521 1629 380 0 1249 108 108 0 -272 108 380 0 0 0 27172 3233 23939 2631 2600 31 21308 17049 4259 0 0 1249
"196401" 26861 21111 16611 4500 5750 1552 3472 3788 1150 1150 0 2638 3234 596 0 0 0 316 297 19 726 980 1099 373 0 726 119 119 0 -254 119 373 0 0 0 26135 3472 22663 1552 1497 55 21111 16611 4500 0 0 726
"196402" 27137 21512 16973 4539 5625 1712 3291 3674 1000 1000 0 2674 3290 616 0 0 0 383 364 19 622 857 987 365 0 622 130 130 0 -235 130 365 0 0 0 26515 3291 23224 1712 1633 79 21512 16973 4539 0 0 622
"196403" 28443 21901 17121 4780 6542 1660 3579 3884 1059 1059 0 2825 3472 647 0 0 0 305 285 20 1303 1584 1667 364 0 1303 83 83 0 -281 83 364 0 0 0 27140 3579 23561 1660 1567 93 21901 17121 4780 0 0 1303
"196404" 29515 22382 17850 4532 7133 2762 3717 4080 1118 1118 0 2962 3639 677 0 0 0 363 341 22 654 1167 1271 617 0 654 104 104 0 -513 104 617 0 0 0 28861 3717 25144 2762 2606 156 22382 17850 4532 0 0 654
"196501" 28701 22117 17277 4840 6584 1223 4387 4690 1503 1503 0 3187 3900 713 0 0 0 303 281 22 974 1314 1420 446 0 974 106 106 0 -340 106 446 0 0 0 27727 4387 23340 1223 1114 109 22117 17277 4840 0 0 974
"196502" 31039 23207 18229 4978 7832 1995 4560 4890 1474 1474 0 3416 4161 745 0 0 0 330 308 22 1277 1668 1778 501 0 1277 110 110 0 -391 110 501 0 0 0 29762 4560 25202 1995 1349 646 23207 18229 4978 0 0 1277
"196503" 30244 23167 17797 5370 7077 1528 4404 4684 1582 1582 0 3102 3815 713 0 0 0 280 255 25 1145 1650 1716 571 0 1145 66 66 0 -505 66 571 0 0 0 29099 4404 24695 1528 1405 123 23167 17797 5370 0 0 1145
"196504" 30547 23298 18447 4851 7249 2344 3830 4138 1383 1383 0 2755 3437 682 0 0 0 308 282 26 1075 1572 1688 613 0 1075 116 116 0 -497 116 613 0 0 0 29472 3830 25642 2344 2248 96 23298 18447 4851 0 0 1075
"196601" 30007 23411 17941 5470 6596 1967 4036 4332 1711 1711 0 2621 3307 686 0 0 0 296 268 28 593 1058 1155 562 0 593 97 97 0 -465 97 562 0 0 0 29414 4036 25378 1967 1388 579 23411 17941 5470 0 0 593
"196602" 31666 23798 18564 5234 7868 2244 4157 4438 1793 1793 0 2645 3386 741 0 0 0 281 252 29 1467 2013 2092 625 0 1467 79 79 0 -546 79 625 0 0 0 30199 4157 26042 2244 1957 287 23798 18564 5234 0 0 1467
"196603" 34054 23900 18070 5830 10154 2626 5564 5844 3027 3027 0 2817 3584 767 0 0 0 280 250 30 1964 2401 2546 582 0 1964 145 145 0 -437 145 582 0 0 0 32090 5564 26526 2626 1647 979 23900 18070 5830 0 0 1964
"196604" 36521 25244 19794 5450 11277 2683 6693 7002 4036 4036 0 2966 3740 774 0 0 0 309 279 30 1901 2267 2468 567 0 1901 201 201 0 -366 201 567 0 0 0 34620 6693 27927 2683 2510 173 25244 19794 5450 0 0 1901
"196701" 32437 24589 18619 5970 7848 1289 6001 6341 3412 3412 0 2929 3677 748 0 0 0 340 309 31 558 989 1236 678 0 558 247 247 0 -431 247 678 0 0 0 31879 6001 25878 1289 1260 29 24589 18619 5970 0 0 558
"196702" 32846 24359 19505 4854 8487 1398 5655 5967 3166 3166 0 2801 3615 814 0 0 0 312 280 32 1434 1886 2178 744 0 1434 292 292 0 -452 292 744 0 0 0 31412 5655 25757 1398 1345 53 24359 19505 4854 0 0 1434
"196703" 36545 26291 20039 6252 10254 1406 6845 7172 4059 4059 0 3113 3959 846 0 0 0 327 292 35 2003 2739 2969 966 0 2003 230 230 0 -736 230 966 0 0 0 34542 6845 27697 1406 1235 171 26291 20039 6252 0 0 2003
"196704" 38840 27023 21092 5931 11817 2624 7259 7625 4241 4241 0 3384 4261 877 0 0 0 366 328 38 1934 2945 3107 1173 0 1934 162 162 0 -1011 162 1173 0 0 0 36906 7259 29647 2624 2483 141 27023 21092 5931 0 0 1934
"196801" 38480 27482 21232 6250 10998 2734 8100 8399 4920 4920 0 3479 4432 953 0 0 0 299 259 40 164 1296 1486 1322 0 164 190 190 0 -1132 190 1322 0 0 0 38316 8100 30216 2734 1344 1390 27482 21232 6250 0 0 164
"196802" 40241 26652 21462 5190 13589 2230 9439 9747 6202 6202 0 3545 4586 1041 0 0 0 308 267 41 1920 3231 3452 1532 0 1920 221 221 0 -1311 221 1532 0 0 0 38321 9439 28882 2230 1938 292 26652 21462 5190 0 0 1920
"196803" 44683 29073 22413 6660 15610 3335 10524 10848 7104 7104 0 3744 4686 942 0 0 0 324 284 40 1751 3157 3416 1665 0 1751 259 259 0 -1406 259 1665 0 0 0 42932 10524 32408 3335 1770 1565 29073 22413 6660 0 0 1751
"196804" 44659 29054 21859 7195 15605 3670 9404 9781 6039 6039 0 3742 4806 1064 0 0 0 377 337 40 2531 3816 4087 1556 0 2531 271 271 0 -1285 271 1556 0 0 0 42128 9404 32724 3670 3482 188 29054 21859 7195 0 0 2531
"196901" 46172 28556 22066 6490 17616 3031 13199 13564 9621 9621 0 3943 5127 1184 0 0 0 365 322 43 1386 2862 3213 1827 0 1386 351 351 0 -1476 351 1827 0 0 0 44786 13199 31587 3031 2034 997 28556 22066 6490 0 0 1386
"196902" 50652 27066 20808 6258 23586 2521 17100 17438 13269 13269 0 4169 5407 1238 0 0 0 338 291 47 3965 5702 6128 2163 0 3965 426 426 0 -1737 426 2163 0 0 0 46687 17100 29587 2521 1472 1049 27066 20808 6258 0 0 3965
"196903" 49158 29458 22508 6950 19700 3839 13516 13912 9519 10199 680 4393 5710 1317 0 0 0 396 344 52 2345 4097 4595 2250 0 2345 498 498 0 -1752 498 2250 0 0 0 46813 13516 33297 3839 2313 1526 29458 22508 6950 0 0 2345
"196904" 52282 29405 22085 7320 22877 3623 16844 17263 12529 13242 713 4734 6013 1279 0 0 0 419 363 56 2410 4110 4697 2287 0 2410 587 587 0 -1700 587 2287 0 0 0 49872 16844 33028 3623 3440 183 29405 22085 7320 0 0 2410
"197001" 50782 29508 22568 6940 21274 3791 15542 15894 11355 12045 690 4539 6080 1541 0 0 0 352 285 67 1941 3975 4670 2729 0 1941 695 695 0 -2034 695 2729 0 0 0 48841 15542 33299 3791 2237 1554 29508 22568 6940 0 0 1941
"197002" 49923 29081 21991 7090 20842 2892 14861 15333 10775 11404 629 4558 6134 1576 0 0 0 472 390 82 3089 5715 6494 3405 0 3089 779 779 0 -2626 779 3405 0 0 0 46834 14861 31973 2892 2562 330 29081 21991 7090 0 0 3089
"197003" 51134 31198 23938 7260 19936 3166 13538 14035 9541 10195 654 4494 6188 1694 0 0 0 497 399 98 3232 5832 6592 3360 0 3232 760 760 0 -2600 760 3360 0 0 0 47902 13538 34364 3166 2313 853 31198 23938 7260 0 0 3232
"197004" 49305 31197 24150 7047 18108 4596 10456 11016 6523 7236 713 4493 6252 1759 0 0 0 560 450 110 3056 5363 6426 3370 0 3056 1063 1063 0 -2307 1063 3370 0 0 0 46249 10456 35793 4596 4261 335 31197 24150 7047 0 0 3056
"197101" 47600 33162 25932 7230 14438 2941 7305 7939 3486 4045 559 4453 6284 1831 0 0 0 634 514 120 4192 7254 8163 3971 0 4192 909 909 0 -3062 909 3971 0 0 0 43408 7305 36103 2941 2550 391 33162 25932 7230 0 0 4192
"197102" 45377 32184 24550 7634 13193 2995 5976 6600 2135 2658 523 4465 6431 1966 0 0 0 624 496 128 4222 8547 9655 5433 0 4222 1108 1108 0 -4325 1108 5433 0 0 0 41155 5976 35179 2995 2549 446 32184 24550 7634 0 0 4222
"197103" 45391 33524 25424 8100 11867 2909 6424 7117 2468 2968 500 4649 6721 2072 0 0 0 693 557 136 2534 6336 7961 5427 0 2534 1625 1625 0 -3802 1625 5427 0 0 0 42857 6424 36433 2909 2527 382 33524 25424 8100 0 0 2534
"197104" 47564 35329 27788 7541 12235 4382 5846 6616 1642 2300 658 4974 6967 1993 0 0 0 770 625 145 2007 3587 6619 4612 0 2007 3032 3032 0 -1580 3032 4612 0 0 0 45557 5846 39711 4382 4343 39 35329 27788 7541 0 0 2007
"197201" 45803 36521 28471 8050 9282 3703 5213 6114 1485 2130 645 4629 6743 2114 0 0 0 901 747 154 366 -1503 4568 4202 0 366 6071 6071 0 1869 6071 4202 0 0 0 45437 5213 40224 3703 2673 1030 36521 28471 8050 0 0 366
"197202" 45156 34281 27482 6799 10875 3429 5618 6496 1622 2265 643 4874 7195 2321 0 0 0 878 717 161 1828 54 7567 5739 0 1828 7513 7513 0 1774 7513 5739 0 0 0 43328 5618 37710 3429 3299 130 34281 27482 6799 0 0 1828
"197203" 45102 35532 26692 8840 9570 4584 5727 6602 1496 2222 726 5106 7624 2518 0 0 0 875 703 172 -741 -4019 5571 6312 0 -741 9590 9590 0 3278 9590 6312 0 0 0 45843 5727 40116 4584 3742 842 35532 26692 8840 0 0 -741
"197204" 44602 34295 25647 8648 10307 5955 6787 7843 1116 2113 997 6727 9750 3023 0 0 0 1056 647 409 -2435 -1419 4970 7405 0 -2435 6389 6389 0 -1016 6389 7405 0 0 0 47037 6787 40250 5955 3974 1981 34295 25647 8648 0 0 -2435
"197301" 42954 35762 26873 8889 7192 4149 3807 4971 767 1976 1209 5204 8281 3077 -1000 0 1000 1164 576 588 -764 -2940 7386 8150 0 -764 10326 10326 0 2176 10326 8150 0 0 0 43718 3807 39911 4149 2121 2028 35762 26873 8889 0 0 -764
"197302" 38998 32484 24818 7666 6514 3818 4937 6204 1320 2325 1005 5884 9515 3631 -1000 0 1000 1267 695 572 -2241 -3241 9887 12128 0 -2241 13128 13128 0 1000 13128 12128 0 0 0 41239 4937 36302 3818 2048 1770 32484 24818 7666 0 0 -2241
"197303" 51592 40633 30962 9671 10959 7558 2879 3980 737 1917 1180 5743 9499 3756 -2500 0 2500 1101 542 559 522 -2334 10518 9996 0 522 12852 12852 0 2856 12852 9996 0 0 0 51070 2879 48191 7558 3036 4522 40633 30962 9671 0 0 522
"197304" 41879 37748 27060 10688 4131 4357 1597 2986 244 1886 1642 5242 9494 4252 -2500 0 2500 1389 686 703 -1823 -4847 9828 11651 0 -1823 14675 14675 0 3024 14675 11651 0 0 0 43702 1597 42105 4357 3099 1258 37748 27060 10688 0 0 -1823
"197401" 47484 38119 28410 9709 9365 4255 6543 7672 2907 5336 2429 7765 11903 4138 -3000 0 3000 1129 547 582 -1433 -2892 12063 13496 0 -1433 14955 14755 200 1259 14755 13496 200 200 0 48917 6543 42374 4255 2222 2033 38119 28410 9709 0 0 -1433
"197402" 48640 38441 30086 8355 10199 5507 2019 3875 670 4158 3488 6205 12562 6357 -3000 0 3000 1856 1013 843 2673 107 20657 17984 0 2673 20550 20150 400 2166 20150 17984 400 400 0 45967 2019 43948 5507 2297 3210 38441 30086 8355 0 0 2673
"197403" 55994 43763 33256 10507 12231 8913 1340 3048 -1436 3622 5058 7984 13552 5568 -3500 0 3500 1708 976 732 1978 -1764 17146 15168 0 1978 18910 18310 600 3142 18310 15168 600 600 0 54016 1340 52676 8913 3721 5192 43763 33256 10507 0 0 1978
"197404" 40808 37483 25843 11640 3325 2300 362 2623 -1345 4464 5809 7468 13983 6515 -3500 0 3500 2261 1332 929 663 -5774 16874 16211 0 663 22648 21848 800 5637 21848 16211 800 800 0 40145 362 39783 2300 2001 299 37483 25843 11640 0 0 663
"197501" 40913 40999 30437 10562 -86 2976 -5565 -3052 -6298 2643 8941 7246 13423 6177 -4000 0 4000 2513 1485 1028 2503 -3553 11690 9187 0 2503 15243 14243 1000 5056 14243 9187 1000 1000 0 38410 -5565 43975 2976 2163 813 40999 30437 10562 0 0 2503
"197502" 27595 36060 25976 10084 -8465 2352 -9695 -6693 -9939 2344 12283 7246 13524 6278 -4000 0 4000 3002 1835 1167 -1122 -6365 10309 11431 0 -1122 16674 15374 1300 3943 15374 11431 1300 1300 0 28717 -9695 38412 2352 1791 561 36060 25976 10084 0 0 -1122
"197503" 39270 40531 29363 11168 -1261 3808 -5580 -3445 -7758 3268 11026 8313 15138 6825 -4000 0 4000 2135 1181 954 511 -3560 10879 10368 0 511 14439 12839 1600 2471 12839 10368 1600 1600 0 38759 -5580 44339 3808 2406 1402 40531 29363 11168 0 0 511
"197504" 29633 38304 26052 12252 -8671 3917 -9497 -5385 -8484 3665 12149 6599 14841 8242 -3500 700 4200 4112 2607 1505 -3091 -6277 10384 11975 1500 -3091 16661 15361 1300 3386 15361 11975 -200 1300 1500 32724 -9497 42221 3917 3688 229 38304 26052 12252 0 0 -3091
"197601" 30983 39407 28150 11257 -8424 2164 -10148 -7805 -11770 3525 15295 7465 15120 7655 -3500 700 4200 2343 1374 969 -440 -2612 13668 12408 1700 -440 16280 14880 1400 2472 14880 12408 -300 1400 1700 31423 -10148 41571 2164 2110 54 39407 28150 11257 0 0 -440
"197602" 27961 39441 27460 11981 -11480 3891 -13964 -9221 -13230 3272 16502 7609 16484 8875 -3600 700 4300 4743 3624 1119 -1407 -4287 12458 11965 1900 -1407 16745 15245 1500 3280 15245 11965 -400 1500 1900 29368 -13964 43332 3891 3577 314 39441 27460 11981 0 0 -1407
"197603" 31598 42003 29716 12287 -10405 3137 -11932 -9422 -15763 3247 19010 9841 17671 7830 -3500 800 4300 2510 1518 992 -1610 -1860 15023 14533 2100 -1610 16883 15383 1500 850 15383 14533 -600 1500 2100 33208 -11932 45140 3137 2811 326 42003 29716 12287 0 0 -1610
"197604" 20506 37279 25158 12121 -16773 2626 -15447 -9518 -15450 4323 19773 9532 18814 9282 -3600 800 4400 5929 4526 1403 -3952 -5411 14108 15500 2560 -3952 19519 17987 1532 2487 17987 15500 -1028 1532 2560 24458 -15447 39905 2626 2601 25 37279 25158 12121 0 0 -3952
"197701" 21230 39007 26883 12124 -17777 3062 -16516 -10740 -17395 3622 21017 10255 17667 7412 -3600 800 4400 5776 4463 1313 -4323 -3382 15723 17246 2800 -4323 19105 17605 1500 359 17605 17246 -1300 1500 2800 25553 -16516 42069 3062 2913 149 39007 26883 12124 0 0 -4323
"197702" 20917 37287 24562 12725 -16370 3864 -17292 -11965 -19209 3612 22821 10844 19284 8440 -3600 900 4500 5327 3801 1526 -2942 -1251 19062 18804 3200 -2942 20313 18813 1500 9 18813 18804 -1700 1500 3200 23859 -17292 41151 3864 3604 260 37287 24562 12725 0 0 -2942
"197703" 20786 35279 23953 11326 -14493 3248 -11243 -4432 -11842 8231 20073 11010 20447 9437 -3600 900 4500 6811 4056 2755 -6498 -5405 16941 19839 3600 -6498 22346 20746 1600 907 20746 19839 -2000 1600 3600 27284 -11243 38527 3248 1956 1292 35279 23953 11326 0 0 -6498
"197704" 19126 40792 26870 13922 -21666 4075 -16367 -8411 -16736 7806 24542 12025 24398 12373 -3700 900 4600 7956 4934 3022 -9374 -7735 16438 21742 4070 -9374 24173 22487 1686 745 22487 21742 -2384 1686 4070 28500 -16367 44867 4075 3810 265 40792 26870 13922 0 0 -9374
"197801" 18376 39522 27900 11622 -21146 3064 -20862 -13686 -20942 6708 27650 11056 24098 13042 -3800 900 4700 7176 4385 2791 -3348 -5289 20375 19123 4600 -3348 25664 23964 1700 4841 23964 19123 -2900 1700 4600 21724 -20862 42586 3064 2732 332 39522 27900 11622 0 0 -3348
"197802" 24007 39808 27920 11888 -15801 4746 -14716 -8216 -18449 6750 25199 12743 25542 12799 -2510 228 2738 6500 3590 2910 -5831 -8068 20011 20642 5200 -5831 28079 25607 2472 4965 25607 20642 -2728 2472 5200 29838 -14716 44554 4746 3318 1428 39808 27920 11888 0 0 -5831
"197803" 31649 38971 26830 12141 -7322 5084 -5082 1127 -12237 10693 22930 15910 30115 14205 -2546 230 2776 6209 3299 2910 -7324 -7049 23254 24578 6000 -7324 30303 27633 2670 3055 27633 24578 -3330 2670 6000 38973 -5082 44055 5084 3719 1365 38971 26830 12141 0 0 -7324
"197804" 35237 46693 31223 15470 -11456 7688 -9955 -2471 -15521 12161 27682 15761 31472 15711 -2711 234 2945 7484 4081 3403 -9189 -13333 24604 27058 6735 -9189 37937 34891 3046 7833 34891 27058 -3689 3046 6735 44426 -9955 54381 7688 6516 1172 46693 31223 15470 0 0 -9189
"197901" 46352 44059 31714 12345 2293 5300 5804 13594 -4572 17314 21886 21551 37520 15969 -3385 235 3620 7790 3381 4409 -8811 -9593 27119 29030 6900 -8811 36712 32747 3965 3717 32747 29030 -2935 3965 6900 55163 5804 49359 5300 4337 963 44059 31714 12345 0 0 -8811
"197902" 50727 43679 30407 13272 7048 5482 10355 19126 1380 22641 21261 21908 41001 19093 -4162 252 4414 8771 3337 5434 -8789 -13845 27317 29006 7100 -8789 41162 36314 4848 7308 36314 29006 -2252 4848 7100 59516 10355 49161 5482 3924 1558 43679 30407 13272 0 0 -8789
"197903" 53609 42698 29089 13609 10911 3810 17956 27567 5842 29931 24089 25038 45391 20353 -3313 734 4047 9611 4739 4872 -10855 -20266 29792 33347 7300 -10855 50058 44792 5266 11445 44792 33347 -2034 5266 7300 64464 17956 46508 3810 2654 1156 42698 29089 13609 0 0 -10855
"197904" 55257 48280 29792 18488 6977 8221 9469 16764 -2860 25925 28785 21524 46942 25418 -1900 1045 2945 7295 3916 3379 -10713 -21344 32999 36115 7597 -10713 54343 48744 5599 12629 48744 36115 -1998 5599 7597 65970 9469 56501 8221 6767 1454 48280 29792 18488 0 0 -10713
"198001" 59463 47603 32270 15333 11860 6184 15924 21957 3158 28224 25066 21641 49348 27707 -2842 1181 4023 6033 3957 2076 -10248 -23611 34007 36255 8000 -10248 57618 51499 6119 15244 51499 36255 -1881 6119 8000 69711 15924 53787 6184 3682 2502 47603 32270 15333 0 0 -10248
"198002" 35409 49641 33612 16029 -14232 4382 -7453 2072 -14076 18565 32641 18642 50097 31455 -2494 1311 3805 9525 4953 4572 -11161 -31208 30468 33129 8500 -11161 61676 54987 6689 21858 54987 33129 -1811 6689 8500 46570 -7453 54023 4382 4167 215 49641 33612 16029 0 0 -11161
"198003" 24682 45453 28146 17307 -20771 4174 -12040 -2056 -22507 19685 42192 23352 55491 32139 -2901 1641 4542 9984 5685 4299 -12905 -28789 33133 37038 9000 -12905 61922 54863 7059 17825 54863 37038 -1941 7059 9000 37587 -12040 49627 4174 3192 982 45453 28146 17307 0 0 -12905
"198004" 22199 47263 27456 19807 -25064 6276 -17119 -4412 -23083 20202 43285 22687 60398 37711 -4016 1840 5856 12707 7319 5388 -14221 -35573 35603 40455 9369 -14221 71176 63754 7422 23299 63754 40455 -1947 7422 9369 36420 -17119 53539 6276 4467 1809 47263 27456 19807 0 0 -14221
"198101" 11047 43452 26164 17288 -32405 3917 -22906 -11225 -26826 18641 45467 19721 55529 35808 -4120 2081 6201 11681 8119 3562 -13416 -33337 40346 45162 8600 -13416 73683 68964 4719 23802 68964 45162 -3881 4719 8600 24463 -22906 47369 3917 3261 656 43452 26164 17288 0 0 -13416
"198102" 9961 42175 23626 18549 -32214 3516 -23025 -9857 -24807 24311 49118 21334 60889 39555 -6384 2308 8692 13168 9360 3808 -12705 -32495 59347 61632 10420 -12705 91842 86297 5545 24665 86297 61632 -4875 5545 10420 22666 -23025 45691 3516 2506 1010 42175 23626 18549 0 0 -12705
"198103" 16291 46428 27243 19185 -30137 5297 -20952 -5820 -21101 32272 53373 25223 68352 43129 -9942 2505 12447 15132 10838 4294 -14482 -37567 59473 61755 12200 -14482 97040 90745 6295 28990 90745 61755 -5905 6295 12200 30773 -20952 51725 5297 2811 2486 46428 27243 19185 0 0 -14482
"198104" -25785 43851 25228 18623 -69636 3363 -55754 -40042 -24853 25905 50758 -5031 37456 42487 -10158 2876 13034 15712 10702 5010 -17245 -46425 37675 40919 14001 -17245 84100 77171 6929 36252 77171 40919 -7072 6929 14001 -8540 -55754 47214 3363 1762 1601 43851 25228 18623 0 0 -17245
"198201" -26070 42969 26357 16612 -69039 4528 -55536 -38289 -22883 27658 50541 -2813 34495 37308 -12593 2869 15462 17247 14243 3004 -18031 -43819 33307 35138 16200 -18031 77126 70595 6531 35457 70595 35138 -9669 6531 16200 -8039 -55536 47497 4528 1882 2646 42969 26357 16612 0 0 -18031
"198202" -44898 40295 20198 20097 -85193 4183 -72200 -50943 -26646 27394 54040 -6787 35525 42312 -17510 1876 19386 21257 18148 3109 -17176 -42297 34761 33453 18484 -17176 77058 69886 7172 36433 69886 33453 -11312 7172 18484 -27722 -72200 44478 4183 2545 1638 40295 20198 20097 0 0 -17176
"198203" -60383 39516 20318 19198 -99899 1673 -84208 -62528 -36699 25746 62445 -13439 33038 46477 -12390 3173 15563 21680 18910 2770 -17364 -48108 35807 36071 17100 -17364 83915 77488 6427 41417 77488 36071 -10673 6427 17100 -43019 -84208 41189 1673 550 1123 39516 20318 19198 0 0 -17364
"198204" -30828 46021 26489 19532 -76849 3452 -62451 -38940 -11719 23176 34895 -14886 31176 46062 -12335 3158 15493 23511 20525 2986 -17850 -47898 31618 33745 15723 -17850 79516 72377 7139 38632 72377 33745 -8584 7139 15723 -12978 -62451 49473 3452 2735 717 46021 26489 19532 0 0 -17850
"198301" -54368 41705 23419 18286 -96073 3294 -78097 -53907 -21569 23297 44866 -17813 34231 52044 -14525 2888 17413 24190 20866 3324 -21270 -51523 29813 32883 18200 -21270 81336 73424 7912 40541 73424 32883 -10288 7912 18200 -33098 -78097 44999 3294 486 2808 41705 23419 18286 0 0 -21270
"198302" -52293 38455 18004 20451 -90748 4630 -75573 -52386 -23351 20943 44294 -14145 31594 45739 -14890 2936 17826 23187 20941 2246 -19805 -46455 30806 31116 19495 -19805 77261 68904 8357 37788 68904 31116 -11138 8357 19495 -32488 -75573 43085 4630 1020 3610 38455 18004 20451 0 0 -19805
"198303" -46290 38107 20697 17410 -84397 1565 -63807 -42661 -16156 21744 37900 -11394 31402 42796 -15111 3255 18366 21146 18777 2369 -22155 -47198 31428 32583 21000 -22155 78626 70981 7645 38398 70981 32583 -13355 7645 21000 -24135 -63807 39672 1565 -60 1625 38107 20697 17410 0 0 -22155
"198304" -33206 42442 21446 20996 -75648 2481 -50298 -28623 -5277 31646 36923 -7874 36446 44320 -15472 3852 19324 21675 19261 2414 -27831 -47039 26643 32075 22399 -27831 73682 66940 6742 34865 66940 32075 -15657 6742 22399 -5375 -50298 44923 2481 1563 918 42442 21446 20996 0 0 -27831
"198401" -30145 39500 22167 17333 -69645 1683 -48850 -27924 -2875 32287 35162 -7399 29976 37375 -17650 3813 21463 20926 18808 2118 -22478 -38976 34665 34143 23000 -22478 73641 68454 5187 34311 68454 34143 -17813 5187 23000 -7667 -48850 41183 1683 787 896 38830 21497 17333 670 0 -22478
"198402" -26647 38325 20252 18073 -64972 4105 -47680 -27141 -647 38484 39131 -6304 34420 40724 -20190 3646 23836 20539 18079 2460 -21397 -36091 35601 33669 23329 -21397 71692 66777 4915 33108 66777 33669 -18414 4915 23329 -5250 -47680 42430 4105 -655 4760 37158 19085 18073 1167 0 -21397
"198403" -15636 41957 23612 18345 -57593 6922 -41793 -25310 -5819 34560 40379 -4190 34624 38814 -15301 5247 20548 16483 14480 2003 -22722 -37416 31491 32413 21800 -22722 68907 64154 4753 31741 64154 32413 -17047 4753 21800 7086 -41793 48879 6922 289 6633 40628 22283 18345 1329 0 -22722
"198404" -20060 46057 21819 24238 -66117 4432 -47495 -28766 -11122 32511 43633 -1586 35583 37169 -16058 4632 20690 18729 14625 4104 -23054 -43214 25839 28944 19949 -23054 69053 62290 6763 33346 62290 28944 -13186 6763 19949 2994 -47495 50489 4432 855 3577 44430 20192 24238 1627 0 -23054
"198501" -15569 45055 26997 18058 -60624 2880 -39285 -21438 -705 36922 37627 -3636 32638 36274 -17097 5126 22223 17847 14875 2972 -24219 -40725 26889 31058 20050 -24219 67614 61740 5874 30682 61740 31058 -14176 5874 20050 8650 -39285 47935 2880 298 2582 43243 25185 18058 1812 0 -24219
"198502" -21450 46093 27236 18857 -67543 1600 -46294 -29251 -4643 40760 45403 -8199 33333 41532 -16409 4671 21080 17043 13936 3107 -22849 -46111 29320 32026 20143 -22849 75431 69446 5985 37420 69446 32026 -14158 5985 20143 1399 -46294 47693 1600 262 1338 44112 25255 18857 1981 0 -22849
"198503" -12529 48232 27162 21070 -60761 2589 -40158 -22575 -5504 41203 46707 -3469 36247 39716 -13602 3897 17499 17583 14311 3272 -23192 -47381 30326 33368 20150 -23192 77707 70004 7703 36636 70004 33368 -12447 7703 20150 10663 -40158 50821 2589 69 2520 46074 25004 21070 2158 0 -23192
"198504" 10341 54168 28631 25537 -43827 4048 -30866 -16853 -2624 42842 45466 2333 42966 40633 -16562 3506 20068 14013 12607 1406 -17009 -44151 33450 30240 20219 -17009 77601 68599 9002 38359 68599 30240 -11217 9002 20219 27350 -30866 58216 4048 988 3060 51583 26046 25537 2585 0 -17009
"198601" 9528 52033 30782 21251 -42505 1378 -18280 -5936 117 39386 39269 5282 46317 41035 -11335 3923 15258 12344 11144 1200 -25603 -48397 25278 31881 19000 -25603 73675 65498 8177 33617 65498 31881 -10823 8177 19000 35131 -18280 53411 1378 560 818 49472 28221 21251 2561 0 -25603
"198602" 5739 54161 31940 22221 -48422 1235 -25358 -13389 -10411 34749 45160 9538 53106 43568 -12516 4026 16542 11969 10560 1409 -24299 -48335 28096 32655 19740 -24299 76431 68718 7713 36063 68718 32655 -12027 7713 19740 30038 -25358 55396 1235 283 952 51174 28953 22221 2987 0 -24299
"198603" 15884 59403 36794 22609 -43519 1728 -24282 -12387 -7540 40587 48127 9229 53409 44180 -14076 4043 18119 11895 10498 1397 -20965 -49159 34269 35077 20157 -20965 83428 73942 9486 38865 73942 35077 -10671 9486 20157 36849 -24282 61131 1728 849 879 55959 33350 22609 3444 0 -20965
"198604" 41718 73759 48107 25652 -32041 2826 -15181 -2239 -6203 37786 43989 19248 61646 42398 -15284 4709 19993 12942 11600 1342 -19686 -44901 38277 37519 20444 -19686 83178 74669 8509 37150 74669 37519 -11935 8509 20444 61404 -15181 76585 2826 1261 1565 69592 43940 25652 4167 0 -19686
"198701" 45085 64466 41973 22493 -19381 6828 -7807 4457 3873 37761 33888 19062 61376 42314 -18478 4582 23060 12264 11070 1194 -18402 -36035 50204 45809 22797 -18402 86239 77221 9018 31412 77221 45809 -13779 9018 22797 63487 -7807 71294 6828 5241 1587 60210 37717 22493 4256 0 -18402
"198702" 36721 60052 36102 23950 -23331 2551 -5263 5591 7940 44673 36733 13141 59060 45919 -15490 4029 19519 10854 9964 890 -20619 -48890 43168 42023 21764 -20619 92058 82792 9266 40769 82792 42023 -12498 9266 21764 57340 -5263 62603 2551 1579 972 55481 31531 23950 4571 0 -20619
"198703" 69975 63449 39027 24422 6526 2189 22784 32290 18829 54215 35386 32197 62204 30007 -18736 4776 23512 9506 8455 1051 -18447 -36470 50064 44049 24462 -18447 86534 77487 9047 33438 77487 44049 -15415 9047 24462 88422 22784 65638 2189 248 1941 58753 34331 24422 4696 0 -18447
"198704" 75323 66642 41784 24858 8681 4626 29296 40226 10037 49791 39754 42008 74664 32656 -11819 5589 17408 10930 9739 1191 -25241 -44307 39875 46614 18502 -25241 84182 75840 8342 29226 75840 46614 -10160 8342 18502 100564 29296 71268 4626 811 3815 61587 36729 24858 5055 0 -25241
"198801" 53964 61887 38777 23110 -7923 2609 13159 22200 6909 45473 38564 29105 71811 42706 -13814 5037 18851 9041 7777 1264 -23691 -58238 38135 42777 19049 -23691 96373 86864 9509 44087 86864 42777 -9540 9509 19049 77655 13159 64496 2609 298 2311 56864 33754 23110 5023 0 -23691
"198802" 65544 61246 35681 25565 4298 2723 24715 35357 18766 51021 32255 30476 75644 45168 -13885 7411 21296 10642 9828 814 -23140 -57343 41997 44630 20507 -23140 99340 92333 7007 47703 92333 44630 -13500 7007 20507 88684 24715 63969 2723 259 2464 55691 30126 25565 5555 0 -23140
"198803" 53705 61131 39038 22093 -7426 3353 16349 27571 14583 57134 42551 26909 72902 45993 -13921 9393 23314 11222 10442 780 -27128 -52486 40263 45347 22044 -27128 92749 88524 4225 43177 88524 45347 -17819 4225 22044 80833 16349 64484 3353 1199 2154 55471 33378 22093 5660 0 -27128
"198804" 77331 66908 39347 27561 10423 3456 35204 45725 12260 61876 49616 43541 74971 31430 -10076 10311 20387 10521 9556 965 -28237 -44199 44201 53589 18849 -28237 88400 85089 3311 31500 85089 53589 -15538 3311 18849 105568 35204 70364 3456 1286 2170 61504 33943 27561 5404 0 -28237
"198901" 60990 59597 37394 22203 1393 3011 22102 31628 9675 59117 49442 37312 70466 33154 -15359 9601 24960 9526 8790 736 -23720 -44839 46833 46286 24267 -23720 91672 87009 4663 40723 87009 46286 -19604 4663 24267 84710 22102 62608 3011 557 2454 54625 32422 22203 4972 0 -23720
"198902" 56538 60156 37381 22775 -3618 638 22670 31763 11840 54598 42758 31762 61301 29539 -11839 9225 21064 9093 8091 1002 -26926 -57910 46460 52135 21251 -26926 104370 99936 4434 47801 99936 52135 -16817 4434 21251 83464 22670 60794 638 -203 841 55225 32450 22775 4931 0 -26926
"198903" 48910 55375 32253 23122 -6465 1099 21481 29953 11993 49500 37507 27394 60000 32606 -9434 8638 18072 8472 7318 1154 -29045 -57261 46531 55261 20315 -29045 103792 99287 4505 44026 99287 55261 -15810 4505 20315 77955 21481 56474 1099 501 598 50698 27576 23122 4677 0 -29045
"198904" 66445 66998 38327 28671 -553 1612 27653 36295 4278 52196 47918 40300 61766 21466 -8283 8092 16375 8642 7245 1397 -29818 -55395 50572 61468 18922 -29818 105967 101370 4597 39902 101370 61468 -14325 4597 18922 96263 27653 68610 1612 1131 481 62429 33758 28671 4569 0 -29818
"199001" 65457 59380 36129 23251 6077 2539 29704 38147 19618 42397 22779 26669 58036 31367 -8140 8478 16618 8443 6211 2232 -26166 -60030 51969 59837 18298 -26166 111999 107766 4233 47929 107766 59837 -14065 4233 18298 91623 29704 61919 2539 376 2163 55062 31811 23251 4318 0 -26166
"199002" 65408 60630 36336 24294 4778 1242 29945 37426 28923 45735 16812 15222 57169 41947 -6719 8369 15088 7481 5792 1689 -26409 -76334 50761 59082 18088 -26409 127095 123594 3501 64512 123594 59082 -14587 3501 18088 91817 29945 61872 1242 656 586 56203 31909 24294 4427 0 -26409
"199003" 81769 58586 33834 24752 23183 2382 49888 57349 30384 52594 22210 32666 65955 33289 -5701 8220 13921 7461 5878 1583 -29087 -70205 45089 67315 6861 -29087 115294 113088 2206 45773 113088 67315 -4655 2206 6861 110856 49888 60968 2382 1877 505 54494 29742 24752 4092 0 -29087
"199004" 95686 71248 38658 32590 24438 2412 53293 61479 20987 67113 46126 48354 69624 21270 -7862 8597 16459 8186 6535 1651 -31267 -68250 40003 66707 4563 -31267 108253 107054 1199 40347 107054 66707 -3364 1199 4563 126953 53293 73660 2412 2222 190 67564 34974 32590 3684 0 -31267
"199101" 86016 48774 24067 24707 37242 2826 50754 59010 24347 68939 44592 39767 64089 24322 -5104 9527 14631 8256 6627 1629 -16338 -64515 36114 49009 3443 -16338 100629 101289 -660 52280 101289 49009 -4103 -660 3443 102354 50754 51600 2826 2582 244 46490 21783 24707 2284 0 -16338
"199102" 61012 47828 22201 25627 13184 1921 22940 31908 26075 75795 49720 12307 67335 55028 -6474 9668 16142 8968 6961 2007 -11677 -64490 39555 47480 3752 -11677 104045 105515 -1470 58035 105515 47480 -5222 -1470 3752 72689 22940 49749 1921 442 1479 45297 19670 25627 2531 0 -11677
"199103" 88410 56161 27404 28757 32249 547 36410 45697 20318 74955 54637 32390 69481 37091 -7011 8403 15414 9287 6971 2316 -4708 -54536 48058 49799 2967 -4708 102594 103281 -687 53482 103281 49799 -3654 -687 2967 93118 36410 56708 547 232 315 53572 24815 28757 2589 0 -4708
"199104" 95987 63016 29413 33603 32971 949 36641 47646 15282 74492 59210 42655 75066 32411 -10291 7852 18143 11005 9412 1593 -4619 -48378 48901 51151 2369 -4619 97279 98966 -1687 47815 98966 51151 -4056 -1687 2369 100606 36641 63965 949 731 218 60256 26653 33603 2760 0 -4619
"199201" 96349 58818 29480 29338 37531 564 37632 48876 5796 108026 102230 57925 77545 19620 -14845 7617 22462 11244 9819 1425 -665 -44586 48997 45923 3739 -665 93583 95543 -1960 49620 95543 45923 -5699 -1960 3739 97014 37632 59382 564 512 52 55891 26553 29338 2927 0 -665
"199202" 100943 52433 22740 29693 48510 1193 52390 62456 -2777 102260 105037 75834 81165 5331 -10601 8077 18678 10066 8248 1818 -5073 -43139 48645 50889 2829 -5073 91784 94571 -2787 43682 94571 50889 -5616 -2787 2829 106016 52390 53626 1193 -166 1359 49754 20061 29693 2679 0 -5073
"199203" 129918 57859 27665 30194 72059 382 76659 86466 3234 89226 85992 91679 80615 -11064 -8447 8379 16826 9807 7591 2216 -4982 -31614 49369 51981 2370 -4982 80983 84212 -3229 32231 84212 51981 -5599 -3229 2370 134900 76659 58241 382 -227 609 55172 24978 30194 2687 0 -4982
"199204" 138188 63949 32079 31870 74239 3928 79856 89158 -11451 84177 95628 105073 84620 -20453 -4464 8889 13353 9302 7729 1573 -9545 -33820 38255 46367 1433 -9545 72075 77166 -5091 30799 77166 46367 -6524 -5091 1433 147733 79856 67877 3928 3253 675 60981 29111 31870 2968 0 -9545
"199301" 147915 65094 34533 30561 82821 1090 86870 95259 431 89912 89481 105182 79230 -25952 -10354 8827 19181 8389 6496 1893 -5139 -29525 40698 44847 990 -5139 70223 75292 -5069 30445 75292 44847 -6059 -5069 990 153054 86870 66184 1090 337 753 62250 31689 30561 2844 0 -5139
"199302" 150523 59934 27724 32210 90589 1755 94832 103384 -4593 88915 93508 113836 79289 -34547 -5859 7435 13294 8552 6469 2083 -5998 -30811 42812 47485 1325 -5998 73623 77192 -3569 29707 77192 47485 -4894 -3569 1325 156521 94832 61689 1755 221 1534 56778 24568 32210 3156 0 -5998
"199303" 173981 61669 29934 31735 112312 3865 116573 125007 1312 89185 87873 131517 82838 -48679 -7822 7169 14991 8434 7226 1208 -8126 -24238 41301 47385 2042 -8126 65539 68412 -2873 21027 68412 47385 -4915 -2873 2042 182107 116573 65534 3865 947 2918 58464 26729 31735 3205 0 -8126
"199304" 188668 67622 34951 32671 121046 1003 125430 135432 7891 90755 82864 134303 82959 -51344 -6762 6580 13342 10002 8400 1602 -5387 -20556 44179 48221 1345 -5387 64735 66671 -1936 18450 66671 48221 -3281 -1936 1345 194055 125430 68625 1003 909 94 64237 31566 32671 3385 0 -5387
"199401" 222111 67172 35733 31439 154939 907 162327 172175 28307 102218 73911 150553 95554 -54999 -6685 7416 14101 9848 8466 1382 -8295 -26783 35531 42864 962 -8295 62314 65018 -2704 22154 65018 42864 -3666 -2704 962 230406 162327 68079 907 444 463 63966 32527 31439 3206 0 -8295
"199402" 236823 67784 33358 34426 169039 1567 176153 184968 45926 116767 70841 152004 90498 -61506 -12962 6932 19894 8815 6437 2378 -8681 -21597 42597 50258 1020 -8681 64194 64883 -689 14625 64883 50258 -1709 -689 1020 245504 176153 69351 1567 866 701 64478 30052 34426 3306 0 -8681
"199403" 248182 61209 30054 31155 186973 692 191549 200044 58673 120432 61759 152170 88007 -64163 -10799 5900 16699 8495 7213 1282 -5268 -16404 44489 48696 1061 -5268 60893 60199 694 11503 60199 48696 -367 694 1061 253450 191549 61901 692 188 504 58181 27026 31155 3028 0 -5268
"199404" 278389 68918 30789 38129 209471 -493 218153 228978 82253 143382 61129 161333 84342 -76991 -14608 4075 18683 10825 7953 2872 -8189 -14975 49028 56303 914 -8189 64003 60177 3826 3874 60177 56303 2912 3826 914 286578 218153 68425 -493 -716 223 66099 27970 38129 2819 0 -8189
"199501" 271048 61300 30009 31291 209748 141 214015 225201 84993 148451 63458 156195 88304 -67891 -15987 3892 19879 11186 7958 3228 -4408 -26352 40238 43678 968 -4408 66590 62772 3818 19094 62772 43678 2850 3818 968 275456 214015 61441 141 57 84 58798 27507 31291 2502 0 -4408
"199502" 264498 58542 24946 33596 205956 509 209605 219663 79266 143407 64141 157214 95457 -61757 -16817 2651 19468 10058 6794 3264 -4158 -29502 41331 44575 914 -4158 70833 67437 3396 22862 67437 44575 2482 3396 914 268656 209605 59051 509 292 217 55909 22313 33596 2633 0 -4158
"199503" 265632 56504 23432 33072 209128 494 210093 223003 81039 131345 50306 161119 95672 -65447 -19155 3894 23049 12910 8441 4469 -1459 -19768 49325 49884 900 -1459 69093 66367 2726 16483 66367 49884 1826 2726 900 267091 210093 56998 494 73 421 53929 20857 33072 2575 0 -1459
"199504" 288486 70173 29611 40562 218313 242 229278 239712 79572 128711 49139 178597 99870 -78727 -18457 2952 21409 10434 5433 5001 -11207 -22195 41062 51450 819 -11207 63257 58901 4356 7451 58901 51450 3537 4356 819 299693 229278 70415 242 107 135 67557 26995 40562 2616 0 -11207
"199601" 264566 59126 24740 34386 205440 71 210008 223271 69455 113296 43841 173382 95450 -77932 -19566 2475 22041 13263 7446 5817 -4639 -41881 38248 42075 812 -4639 80129 64679 15450 22604 64679 42075 14638 15450 812 269205 210008 59197 71 28 43 56524 22138 34386 2602 0 -4639
"199602" 247477 60271 24594 35677 187206 446 197212 209462 59602 110921 51319 166427 94931 -71496 -16567 2972 19539 12250 8175 4075 -10452 -40941 35665 45334 783 -10452 76606 62821 13785 17487 62821 45334 13002 13785 783 257929 197212 60717 446 -190 636 57690 22013 35677 2581 0 -10452
"199603" 223643 59224 20997 38227 164419 2294 175921 191322 45712 115523 69811 163636 93661 -69975 -18026 2525 20551 15401 10899 4502 -13796 -46377 28957 41752 1001 -13796 75334 61589 13745 19837 61589 41752 12744 13745 1001 237439 175921 61518 2294 640 1654 56901 18674 38227 2323 0 -13796
"199604" 236777 69710 24524 45186 167067 4381 177313 192936 48459 126809 78350 167080 110448 -56632 -22603 2727 25330 15623 10626 4997 -14627 -45813 34328 48447 508 -14627 80141 64918 15223 16471 64918 48447 14715 15223 508 251404 177313 74091 4381 4296 85 67451 22265 45186 2259 0 -14627
"199701" 208880 58996 21845 37151 149884 3479 150336 174730 52172 133570 81398 139785 110357 -29428 -17227 2393 19620 24394 18597 5797 -3931 -46066 41079 43728 1282 -3931 87145 75056 12089 31328 75056 43728 10807 12089 1282 212811 150336 62475 3479 -519 3998 56951 19800 37151 2045 0 -3931
"199702" 196148 61626 23219 38407 134522 2355 141595 163234 60261 139229 78968 123908 109844 -14064 -20935 2321 23256 21639 16860 4779 -9428 -45947 40448 48724 1152 -9428 86395 74261 12134 25537 74261 48724 10982 12134 1152 205576 141595 63981 2355 461 1894 59726 21319 38407 1900 0 -9428
"199703" 186027 60322 21791 38531 125705 50 150714 170104 60640 138443 77803 131396 100073 -31323 -21932 3164 25096 19390 15775 3615 -25059 -55308 25731 49585 1205 -25059 81039 66488 14551 16903 66488 49585 13346 14551 1205 211086 150714 60372 50 -263 313 58457 19926 38531 1865 0 -25059
"199704" 217142 75842 30838 45004 141300 2754 172980 188764 62047 173127 111080 148567 99739 -48828 -21850 3038 24888 15784 11653 4131 -34434 -52458 19706 53799 341 -34434 72164 57551 14613 3752 57551 53799 14272 14613 341 251576 172980 78596 2754 719 2035 74114 29110 45004 1728 0 -34434
"199801" 176605 62229 24445 37784 114376 1531 137114 148484 71002 167002 96000 98262 80010 -18252 -20780 3548 24328 11370 11104 266 -24269 -56201 20714 44197 786 -24269 76915 62263 14652 18066 62263 44197 13866 14652 786 200874 137114 63760 1531 1502 29 60495 22711 37784 1734 0 -24269
"199802" 187917 62064 23651 38413 125853 2379 143181 153081 69908 175808 105900 103185 121827 18642 -20012 3283 23295 9900 9546 354 -19707 -55755 31303 49930 1080 -19707 87058 69766 17292 19836 69766 49930 16212 17292 1080 207624 143181 64443 2379 1416 963 60245 21832 38413 1819 0 -19707
"199803" 195446 64904 25706 39198 130542 -175 149636 158472 91758 184340 92582 84281 124882 40601 -17567 3654 21221 8836 8598 238 -18919 -54476 43756 61665 1010 -18919 98232 78199 20033 16534 78199 61665 19023 20033 1010 214365 149636 64729 -175 -1230 1055 63109 23911 39198 1795 0 -18919
"199804" 185316 68363 26306 42057 116953 1653 145923 156741 85091 196697 111606 92913 133017 40104 -21263 2895 24158 10818 10648 170 -30623 -54987 26101 55826 898 -30623 81088 56272 24816 446 56272 55826 23918 24816 898 215939 145923 70016 1653 1636 17 66544 24487 42057 1819 0 -30623
"199901" 177742 61096 22541 38555 116646 -636 132820 142895 87848 192845 104997 73173 128746 55573 -18126 2791 20917 10075 9972 103 -15538 -50643 39316 54068 786 -15538 89959 63910 26049 9842 63910 54068 25263 26049 786 193280 132820 60460 -636 -882 246 59274 20719 38555 1822 0 -15538
"199902" 204585 62707 22156 40551 141878 492 154521 164866 113564 210816 97252 62582 143620 81038 -11280 7407 18687 10345 10198 147 -13135 -47939 43235 53651 2719 -13135 91174 62078 29096 8427 62078 53651 26377 29096 2719 217720 154521 63199 492 272 220 60863 20312 40551 1844 0 -13135
"199903" 205750 62704 21684 41020 143046 545 160146 170609 120428 203961 83533 61869 141608 79739 -11688 7859 19547 10463 10296 167 -17645 -60244 37877 54978 544 -17645 98121 69518 28603 14540 69518 54978 28059 28603 544 223395 160146 63249 545 65 480 60894 19874 41020 1810 0 -17645
"199904" 203411 90582 24027 66555 112829 -4 140255 149787 133504 226728 93224 41691 147923 106232 -25408 8347 33755 9532 9365 167 -27422 -66245 45452 72233 641 -27422 111697 78908 32789 6675 78908 72233 32148 32789 641 230833 140255 90578 -4 -237 233 89007 22452 66555 1575 0 -27422
"200001" 119612 53383 18196 35187 66229 23 83353 92716 135182 236618 101436 -22687 124582 147269 -19779 4592 24371 9363 9258 105 -17147 -64074 45944 62596 495 -17147 110018 71139 38879 8543 71139 62596 38384 38879 495 136759 83353 53406 23 -213 236 51943 16756 35187 1440 0 -17147
"200002" 190104 55505 18513 36992 134599 500 150279 160184 174540 289418 114878 4065 138618 134553 -18421 4677 23098 9905 9476 429 -16180 -65089 49397 64841 736 -16180 114486 74198 40288 9357 74198 64841 39552 40288 736 206284 150279 56005 500 -12 512 53831 16839 36992 1674 0 -16180
"200003" 198441 52118 17624 34494 146323 744 170779 180262 175011 295338 120327 -3775 108769 112544 9026 36635 27609 9483 8912 571 -25200 -33867 37783 62490 493 -25200 71650 67076 4574 4586 67076 62490 4081 4574 493 223641 170779 52862 744 372 372 50477 15983 34494 1641 0 -25200
"200004" 215404 63436 19045 44391 151968 1011 161085 171576 179264 301951 122687 -14817 133630 148447 7129 39280 32151 10491 9774 717 -10128 -38853 53538 63108 558 -10128 92391 86025 6366 22917 86025 63108 5808 6366 558 225532 161085 64447 1011 901 110 61810 17419 44391 1626 0 -10128
"200101" 152585 53828 17828 36000 98757 202 101489 110719 141825 269468 127643 -33823 162794 196617 2717 40052 37335 9230 8992 238 -2934 -24994 61395 63672 657 -2934 86389 80573 5816 16901 80573 63672 5159 5816 657 155519 101489 54030 202 180 22 52226 16226 36000 1602 0 -2934
"200102" 155747 55818 18647 37171 99929 -224 99243 109432 160095 281301 121206 -56444 132606 189050 5781 48816 43035 10189 9448 741 910 -29128 47806 45524 1372 910 76934 86114 -9180 40590 86114 45524 -10552 -9180 1372 154837 99243 55594 -224 -374 150 53824 16653 37171 1994 0 910
"200103" 168330 61594 24937 36657 106736 -461 108765 118862 133433 290418 156985 -33428 144319 177747 18857 57192 38335 10097 9314 783 -1568 -22106 53041 53691 918 -1568 75147 86097 -10950 32406 86097 53691 -11868 -10950 918 169898 108765 61133 -461 -549 88 59060 22403 36657 2534 0 -1568
"200104" 187411 64808 17478 47330 122603 11 115508 127273 167004 324774 157770 -50177 163295 213472 10446 51440 40994 11765 11067 698 7084 -21736 55663 47873 706 7084 77399 89455 -12056 41582 89455 47873 -12762 -12056 706 180327 115508 64819 11 -23 34 62554 15224 47330 2254 0 7084
"200201" 159416 57333 22415 34918 102083 -456 83602 100015 135714 284707 148993 -58312 155748 214060 22613 64196 41583 16413 15997 416 18937 -2690 75508 55467 1104 18937 78198 100877 -22679 45410 100877 55467 -23783 -22679 1104 140479 83602 56877 -456 -476 20 55014 20096 34918 2319 0 18937
"200202" 131360 58873 22324 36549 72487 -54 55102 78277 156290 295805 139515 -97552 153918 251470 19539 59359 39820 23175 22794 381 17439 -5594 67309 48508 1362 17439 72903 91943 -19040 43435 91943 48508 -20402 -19040 1362 113921 55102 58819 -54 -238 184 56514 19965 36549 2359 0 17439
"200203" 146851 61018 23168 37850 85833 573 72571 97206 142387 280692 138305 -69361 164866 234227 24180 59794 35614 24635 24488 147 12689 -3795 73001 58797 1515 12689 76796 99155 -22359 40358 99155 58797 -23874 -22359 1515 134162 72571 61591 573 396 177 58426 20576 37850 2592 0 12689
"200204" 204179 70359 22541 47818 133820 458 119718 141141 213106 323923 110817 -83017 176247 259264 11052 53411 42359 21423 21312 111 13644 -858 74765 59433 1688 13644 75623 90328 -14705 30895 90328 59433 -16393 -14705 1688 190535 119718 70817 458 418 40 67527 19709 47818 2832 0 13644
"200301" 133931 65319 26787 38532 68612 -1167 53368 71547 188568 433073 244505 -88201 201517 289718 -28820 12714 41534 18179 18054 125 16411 -38839 84734 67147 1176 16411 123573 99309 24264 32162 99309 67147 23088 24264 1176 117520 53368 64152 -1167 -1197 30 62557 24025 38532 2762 0 16411
"200302" 107190 67260 27720 39540 39930 243 33329 48791 170012 394837 224825 -89137 248714 337851 -32084 13209 45293 15462 15210 252 6358 -52624 89286 81372 1556 6358 141910 105029 36881 23657 105029 81372 35325 36881 1556 100832 33329 67503 243 -525 768 64129 24589 39540 3131 0 6358
"200303" 156627 69502 29141 40361 87125 -322 68486 91478 214801 417502 202701 -90976 231922 322898 -32347 12267 44614 22992 22584 408 18961 -46252 97764 77540 1263 18961 144016 104452 39564 26912 104452 77540 38301 39564 1263 137666 68486 69180 -322 -496 174 66093 25732 40361 3409 0 18961
"200304" 190358 71009 23058 47951 119349 -257 109577 128454 256744 433604 176860 -95208 197351 292559 -33082 13209 46291 18877 18737 140 10029 -55792 83303 71666 1608 10029 139095 98109 40986 26443 98109 71666 39378 40986 1608 180329 109577 70752 -257 -319 62 67645 19694 47951 3364 0 10029
"200401" 111732 65912 24955 40957 45820 -525 30650 50526 234240 437991 203751 -148786 201754 350540 -34928 13883 48811 19876 19638 238 15695 -62566 96196 78833 1668 15695 158762 117206 41556 38373 117206 78833 39888 41556 1668 96037 30650 65387 -525 -589 64 62701 21744 40957 3211 0 15695
"200402" 164356 72975 29628 43347 91381 486 66042 88578 301932 464874 162942 -182218 198819 381037 -31136 14663 45799 22536 22315 221 24853 -63433 106517 79955 1709 24853 169950 131030 38920 51075 131030 79955 37211 38920 1709 139503 66042 73461 486 163 323 69611 26264 43347 3364 0 24853
"200403" 166037 66683 24664 42019 99354 2075 78913 98590 295022 446948 151926 -184978 202343 387321 -11454 26410 37864 19677 19321 356 18366 -47010 107270 86738 2166 18366 154280 120173 34107 33435 120173 86738 31941 34107 2166 147671 78913 68758 2075 1839 236 63213 21194 42019 3470 0 18366
"200404" 209781 65571 24043 41528 144210 968 118342 142439 317398 467424 150026 -167436 274321 441757 -7523 32987 40510 24097 23620 477 24900 -22800 116853 90105 1848 24900 139653 122269 17384 32164 122269 90105 15536 17384 1848 184881 118342 66539 968 925 43 62318 20790 41528 3253 0 24900
"200501" 195195 67112 24984 42128 128083 -1361 95102 118716 305820 444002 138182 -162270 267399 429669 -24834 38084 62918 23614 20477 3137 34342 -31548 116135 79889 1904 34342 147683 137286 10397 57397 137286 79889 8493 10397 1904 160853 95102 65751 -1361 -1413 52 64182 22054 42128 2930 0 34342
"200502" 200445 68422 23108 45314 132023 -742 116582 127917 294889 478164 183275 -138135 286121 424256 -28837 39104 67941 11335 10833 502 16183 -18732 105169 86938 2048 16183 123901 112643 11258 25705 112643 86938 9210 11258 2048 184262 116582 67680 -742 -977 235 65445 20131 45314 2977 0 16183
"200503" 196416 63088 21927 41161 133328 599 113035 123198 323439 496693 173254 -175923 286616 462539 -24318 39332 63650 10163 9733 430 19694 -29294 104275 82718 1863 19694 133569 125635 7934 42917 125635 82718 6071 7934 1863 176722 113035 63687 599 -311 910 60207 19046 41161 2881 0 19694
"200504" 197401 69124 19043 50081 128277 957 106046 117724 320876 487670 166794 -176006 333902 509908 -27146 42226 69372 11678 10989 689 21274 -22335 105625 82936 1415 21274 127960 117928 10032 34992 117928 82936 8617 10032 1415 176127 106046 70081 957 885 72 66399 16318 50081 2725 0 21274
"200601" 177951 61040 21022 40018 116911 -290 93337 107628 324227 506454 182227 -181809 377338 559147 -34790 42332 77122 14291 14032 259 23864 -30943 106289 81021 1404 23864 137232 121530 15702 40509 121530 81021 14298 15702 1404 154087 93337 60750 -290 -856 566 58535 18517 40018 2505 0 23864
"200602" 136939 63585 20963 42622 73354 -746 49756 62842 313901 527943 214042 -198647 389742 588389 -52412 28916 81328 13086 12985 101 24344 -29738 114193 88030 1819 24344 143931 115606 28325 27576 115606 88030 26506 28325 1819 112595 49756 62839 -746 -1037 291 61125 18503 42622 2460 0 24344
"200603" 144493 57404 17330 40074 87089 -777 49456 62446 357899 537199 179300 -231827 445972 677799 -63626 25788 89414 12990 12845 145 38410 -35364 132660 93062 1188 38410 168024 137488 30536 44426 137488 93062 29348 30536 1188 106083 49456 56627 -777 -1099 322 55134 15060 40074 2270 0 38410
"200604" 186140 70411 18699 51712 115729 -266 96663 108672 432260 586424 154164 -255160 524503 779663 -68428 19656 88084 12009 11915 94 19332 -58926 118452 97772 1348 19332 177378 139998 37380 42226 139998 97772 36032 37380 1348 166808 96663 70145 -266 -333 67 68406 16694 51712 2005 0 19332
"200701" 48982 59507 18328 41179 -10525 -843 -41202 -29982 395930 573129 177199 -351627 521297 872924 -74285 22240 96525 11220 10812 408 31520 -67371 126455 94024 911 31520 193826 158356 35470 64332 158356 94024 34559 35470 911 17462 -41202 58664 -843 -870 27 57471 16292 41179 2036 0 31520
"200702" 63912 60745 17293 43452 3167 -1097 -14095 3611 436752 623977 187225 -344349 521149 865498 -88792 25109 113901 17706 17171 535 18359 -67079 138470 118988 1123 18359 205549 159860 45689 40872 159860 118988 44566 45689 1123 45553 -14095 59648 -1097 -1301 204 58443 14991 43452 2302 0 18359
"200703" 109282 64496 23014 41482 44786 -520 27697 44539 505699 647136 141437 -352261 500842 853103 -108899 32401 141300 16842 16130 712 17609 -35509 144558 126461 488 17609 180067 137634 42433 11173 137634 126461 41945 42433 488 91673 27697 63976 -520 -722 202 62023 20541 41482 2473 0 17609
"200704" 88593 75764 20767 54997 12829 48617 -56913 -38354 496206 650670 154464 -423951 529033 952984 -110609 51557 162166 18559 17893 666 21125 -24419 134943 113160 658 21125 159362 133669 25693 20509 133669 113160 25035 25693 658 67468 -56913 124381 48617 -19 48636 73196 18199 54997 2568 0 21125
"200801" 35443 69592 24162 45430 -34149 110737 -161262 -138930 470357 653732 183375 -493766 524059 1017825 -115521 55182 170703 22332 20048 2284 16376 -49891 140034 123318 340 16376 189925 171538 18387 48220 171538 123318 18047 18387 340 19067 -161262 180329 110737 -555 111292 66488 21058 45430 2503 601 16376
"200802" 143250 79207 33497 45710 64043 173551 -119596 -100383 537658 631442 93784 -541058 472674 1013732 -96983 99005 195988 19213 18303 910 10088 -20696 111931 101548 295 10088 132627 139027 -6400 37479 139027 101548 -6695 -6400 295 133162 -119596 252758 173551 -638 174189 75872 30162 45710 2675 660 10088
"200803" 562041 270044 222059 47985 291997 299103 4516 22796 526582 694290 167708 -430910 473379 904289 -72876 83848 156724 18280 17613 667 -11622 -33906 101655 112933 344 -11622 135561 114844 20717 1911 114844 112933 20373 20717 344 573663 4516 569147 299103 -954 300057 261953 213968 47985 6523 1568 -11622
"200804" 1890529 917725 860000 57725 972804 558201 362927 387647 668835 782160 113325 -179649 536427 716076 -101539 143603 245142 24720 24468 252 51676 86384 118048 65828 544 51676 31664 82071 -50407 16243 82071 65828 -50951 -50407 544 1838853 362927 1475926 558201 -1494 559695 874061 816336 57725 39000 4664 51676
"200901" 1633204 855518 805213 50305 777686 537735 181655 200312 551812 723598 171786 -250472 515519 765991 -101028 112538 213566 18657 18384 273 58296 3866 127993 54638 15059 58296 124127 72034 52093 17396 72034 54638 37034 52093 15059 1574908 181655 1393253 537735 -3075 540810 782047 731742 50305 49000 24471 58296
"200902" 1131546 711679 660537 51142 419867 325680 987 15852 578382 724911 146529 -438995 455836 894831 -123535 110582 234117 14865 14598 267 93200 22634 165136 57970 13966 93200 142502 92932 49570 34962 92932 57970 35604 49570 13966 1038346 987 1037359 325680 -2831 328511 635504 584362 51142 54000 22175 93200
"200903" 1294102 898830 848085 50745 395272 204697 124592 138115 653492 794007 140515 -381401 533760 915161 -133976 127998 261974 13523 7995 5528 65983 39306 148232 50408 31841 65983 108926 77956 30970 27548 77956 50408 -871 30970 31841 1228119 124592 1103527 204697 -2535 207232 840765 790020 50745 42492 15573 65983
"200904" 1282595 1031910 976988 54922 250685 94521 70054 84697 560500 762191 201691 -350744 538735 889479 -125059 127931 252990 14643 9289 5354 86110 27873 140353 43647 10596 86110 112480 77352 35128 33705 77352 43647 24532 35128 10596 1196485 70054 1126431 94521 -2097 96618 963631 908709 54922 45474 22805 86110
"201001" 1201294 1105678 1053876 51802 95616 9898 26795 45888 476733 763876 287143 -297990 576850 874840 -132855 119465 252320 19093 11568 7525 58923 -25973 110445 40115 11407 58923 136418 88137 48281 48022 88137 40115 36874 48281 11407 1142371 26795 1115576 9898 -1625 11523 1015394 963592 51802 55266 35018 58923
"201002" 1143994 1026124 972337 53787 117870 -1275 46290 69237 467717 781757 314040 -299601 575740 875341 -98879 138115 236994 22947 15304 7643 72855 -1723 121443 41587 7001 72855 123166 97880 25286 56293 97880 41587 18285 25286 7001 1071139 46290 1024849 -1275 -1948 673 949505 895718 53787 49919 26700 72855
"201003" 1031367 983040 932435 50605 48327 -1278 -17884 5366 473183 782287 309104 -349471 598785 948256 -118346 122000 240346 23250 13372 9878 67489 -30129 118303 42887 7927 67489 148432 96008 52424 53121 96008 42887 44497 52424 7927 963878 -17884 981762 -1278 -1574 296 901453 850848 50605 46379 35208 67489
