"DATES" "FL764035605.Q" "FL763069175.Q" "FL763065005.Q" "FL723066000.Q" "FL763067005.Q" "FL763068005.Q" "FL723068005.Q" "FL753068005.Q" "FL733068003.Q" "FL743068005.Q" "FL713068005.Q" "FL773068005.Q" "FL893168005.Q" "FL293168005.Q" "FL153168005.Q" "FL103168005.Q" "FL113168003.Q" "FL133168000.Q" "FL263168005.Q" "FL263168465.Q" "FL263168475.Q" "FL263168485.Q" "FL693168005.Q" "FL443168005.Q" "FL613168000.Q" "FL643168003.Q" "FL663168005.Q" "FL713068505.Q"
"195201" 59222 559 14860 10210 2450 31143 30488 655 0 0 18 31161 31161 27738 377 21849 1480 3192 840 248 327 265 3423 70 3353 0 0 0
"195202" 61129 503 15177 10988 3278 31183 30495 688 0 0 20 31203 31203 27633 355 21416 1418 3598 846 288 287 271 3570 71 3499 0 0 0
"195203" 62166 570 15590 11516 2800 31690 31182 508 0 0 49 31739 31739 28031 256 21879 1542 3499 855 294 301 260 3708 78 3630 0 0 0
"195204" 65480 569 15867 12255 3363 33426 32779 647 0 0 34 33460 33460 29016 238 22909 1721 3293 855 279 279 297 4444 89 4355 0 0 0
"195301" 65778 512 16080 13061 2950 33175 32597 578 0 0 22 33197 33197 28961 249 23005 1724 3172 811 244 283 284 4236 68 4168 0 0 0
"195302" 66693 415 16387 13661 3093 33137 32579 558 0 0 13 33150 33150 28821 412 22633 1679 3392 705 212 225 268 4329 71 4258 0 0 0
"195303" 67751 500 16640 13930 3300 33381 32924 457 0 0 3 33384 33384 28957 217 22922 1733 3475 610 186 187 237 4427 74 4353 0 0 0
"195304" 67435 567 16850 14012 3863 32143 31544 599 0 0 17 32160 32160 27894 316 22357 1782 2712 727 223 266 238 4266 82 4184 0 0 0
"195401" 66275 713 16970 13622 3350 31620 31064 556 0 0 16 31636 31636 27689 353 22028 1698 2889 721 220 257 244 3947 70 3877 0 0 0
"195402" 67463 695 17382 13995 4118 31273 30734 539 0 0 16 31289 31289 27194 284 21372 1696 3141 701 205 269 227 4095 80 4015 0 0 0
"195403" 68631 821 17920 14048 4300 31542 31077 465 0 0 106 31648 31648 27595 382 21194 1745 3363 911 297 365 249 4053 84 3969 0 0 0
"195404" 70572 802 18574 14274 4854 32068 31439 629 0 0 134 32202 32202 28062 444 21694 1866 2862 1196 422 449 325 4140 95 4045 0 0 0
"195501" 71797 713 19125 14627 4550 32782 32242 540 0 0 94 32876 32876 28557 643 22051 1844 2875 1144 413 386 345 4319 74 4245 0 0 0
"195502" 76429 582 19940 15831 4971 35105 34572 533 0 0 54 35159 35159 30547 1186 22779 1968 3411 1203 426 390 387 4612 98 4514 0 0 0
"195503" 79653 585 20540 16514 4800 37214 36818 396 0 0 14 37228 37228 32228 1485 23722 2195 3562 1264 434 372 458 5000 141 4859 0 0 0
"195504" 83844 532 21004 17190 5537 39581 39084 497 0 0 2 39583 39583 34464 1652 25577 2388 3434 1413 427 458 528 5119 147 4972 0 0 0
"195601" 85130 562 21390 17466 5050 40662 40203 459 0 0 1 40663 40663 35578 1292 27025 2499 3353 1409 422 419 568 5085 98 4987 0 0 0
"195602" 88676 513 21990 18375 5033 42765 42297 468 0 0 1 42766 42766 37577 1276 28508 2643 3673 1477 439 451 587 5189 109 5080 0 0 0
"195603" 89995 593 22500 18645 4700 43557 43128 429 0 0 1 43558 43558 38177 734 29228 2815 3853 1547 436 467 644 5381 125 5256 0 0 0
"195604" 92260 581 22719 18861 4881 45218 44679 539 0 0 26 45244 45244 39854 1039 30658 2993 3375 1789 500 579 710 5390 122 5268 0 0 0
"195701" 91721 551 22670 18826 4250 45424 44963 461 0 0 26 45450 45450 40303 1424 30785 2914 3392 1788 477 585 726 5147 90 5057 0 0 0
"195702" 95043 501 22760 19629 4600 47553 47098 455 0 0 1 47554 47554 42481 1914 32032 3031 3644 1860 522 602 736 5073 104 4969 0 0 0
"195703" 95385 565 23105 20006 4600 47109 46780 329 0 0 7 47116 47116 42034 1613 31717 3086 3666 1952 609 570 773 5082 111 4971 0 0 0
"195704" 96442 673 23337 20232 4921 47279 46859 420 0 0 5 47284 47284 42225 1416 31866 3078 3759 2106 678 569 859 5059 116 4943 0 0 0
"195801" 94401 1025 23400 19706 4993 45277 44930 347 0 0 0 45277 45277 40127 560 30709 2984 3724 2150 704 522 924 5150 93 5057 0 0 0
"195802" 96927 1072 23960 20191 6218 45486 45091 395 0 0 0 45486 45486 40208 55 30575 3035 4175 2368 799 611 958 5278 107 5171 0 0 0
"195803" 95988 1056 24700 20330 4645 45257 44972 285 0 0 1 45258 45258 40247 69 30356 3070 4206 2546 900 623 1023 5011 126 4885 0 0 0
"195804" 100648 890 25523 20711 5402 48122 47646 476 0 0 18 48140 48140 42593 1008 31527 3239 4172 2647 892 656 1099 5547 147 5400 0 0 0
"195901" 100722 889 26130 21105 4693 47905 47456 449 0 0 18 47923 47923 41891 534 31307 3221 4283 2546 798 652 1096 6032 118 5914 0 0 0
"195902" 106570 723 27060 22454 4918 51415 50966 449 0 0 17 51432 51432 44836 840 33252 3364 4771 2609 798 680 1131 6596 139 6457 0 0 0
"195903" 110132 806 27635 23516 5045 53130 52770 360 0 0 1 53131 53131 45989 1034 33836 3480 4958 2681 818 671 1192 7142 179 6963 0 0 0
"195904" 114107 793 28145 24180 5641 55348 54798 550 0 0 5 55353 55353 47853 1235 35259 3632 4866 2861 888 722 1251 7500 253 7247 0 0 0
"196001" 113146 808 28228 24448 4433 55229 54873 356 0 0 20 55249 55249 47899 744 35787 3708 4919 2741 860 691 1190 7350 170 7180 0 0 0
"196002" 116847 887 28464 25577 4758 57161 56759 402 0 0 0 57161 57161 49752 1367 36659 3782 5244 2700 800 679 1221 7409 171 7238 0 0 0
"196003" 117543 1014 28693 26176 5480 56180 55816 364 0 0 19 56199 56199 49389 1276 36322 3849 5208 2734 788 704 1242 6810 152 6658 0 0 0
"196004" 120680 1213 28806 26423 5966 58272 57614 658 0 0 8 58280 58280 51369 1890 37438 3969 5062 3010 861 765 1384 6911 218 6693 0 0 0
"196101" 118620 1503 28864 26968 4739 56546 55337 1209 0 0 8 56554 56554 51156 1566 37427 4030 5116 3017 849 807 1361 5398 151 5247 0 0 0
"196102" 121835 1580 29383 27308 5905 57659 56546 1113 0 0 1 57660 57660 52351 2611 37130 4007 5394 3209 839 863 1507 5309 160 5149 0 0 0
"196103" 122940 1857 29920 27463 5984 57716 56655 1061 0 0 2 57718 57718 52104 2352 36904 4124 5464 3260 793 885 1582 5614 165 5449 0 0 0
"196104" 128412 2170 30442 27869 7049 60882 59878 1004 0 0 15 60897 60897 54351 2612 38349 4345 5305 3740 988 1013 1739 6546 196 6350 0 0 0
"196201" 126902 2036 30844 27856 6275 59891 59040 851 0 0 65 59956 59956 54577 2808 37827 4362 5451 4129 1120 1163 1846 5379 147 5232 0 0 0
"196202" 131808 1832 32194 29457 5869 62456 61496 960 0 0 33 62489 62489 56382 2698 39181 4461 5898 4144 1200 1172 1772 6107 120 5987 0 0 0
"196203" 135299 1965 33430 29953 6550 63401 62477 924 0 0 11 63412 63412 57166 2798 39719 4553 5997 4099 1163 1108 1828 6246 117 6129 0 0 0
"196204" 142001 2015 34476 30563 7859 67088 66105 983 0 0 1 67089 67089 59936 3118 41862 4716 6087 4153 1033 1246 1874 7153 154 6999 0 0 0
"196301" 140429 2145 35243 31095 6771 65175 64088 1087 0 0 30 65205 65205 58871 2627 41391 4686 6186 3981 914 1169 1898 6334 95 6239 0 0 0
"196302" 147888 2093 36939 32675 7787 68394 67298 1096 0 0 0 68394 68394 61392 3381 42428 4812 6666 4105 880 1173 2052 7002 172 6830 0 0 0
"196303" 151591 1948 38360 33615 8554 69114 68067 1047 0 0 30 69144 69144 61532 3095 42552 4873 6744 4268 916 1201 2151 7612 195 7417 0 0 0
"196304" 159376 2044 39414 34677 8988 74253 73195 1058 0 0 32 74285 74285 65613 3510 45322 5308 6688 4785 914 1412 2459 8672 244 8428 0 0 0
"196401" 158675 2225 40200 35503 8093 72654 71460 1194 0 0 0 72654 72654 65278 3275 44660 5276 6919 5148 890 1597 2661 7376 168 7208 0 0 0
"196402" 167812 2131 41648 37642 9298 77093 75923 1170 0 0 0 77093 77093 68448 4066 46311 5374 7323 5374 818 1689 2867 8645 229 8416 0 0 0
"196403" 170333 2354 42948 38783 9160 77088 75838 1250 0 0 2 77090 77090 69022 3526 46898 5522 7310 5766 816 1867 3083 8068 244 7824 0 0 0
"196404" 178310 2505 43976 39765 9435 82629 81516 1113 0 0 30 82659 82659 73986 4825 49884 5806 6959 6512 939 1968 3605 8673 285 8388 0 0 0
"196501" 180997 2084 44799 40682 8598 84834 83367 1467 0 0 15 84849 84849 76762 4014 52039 6001 7273 7435 1074 2265 4096 8087 206 7881 0 0 0
"196502" 191744 2253 46548 43133 9844 89966 88659 1307 0 0 11 89977 89977 79936 3958 55012 6246 7681 7039 1034 2082 3923 10041 315 9726 0 0 0
"196503" 194237 2328 48353 44334 7689 91533 90212 1321 0 0 7 91540 91540 80924 3526 56228 6415 7719 7036 1073 2047 3916 10616 383 10233 0 0 0
"196504" 204871 1970 49675 45212 9277 98737 97520 1217 0 0 41 98778 98778 86613 4407 60730 6708 7667 7101 1064 2118 3919 12165 459 11706 0 0 0
"196601" 204472 2031 50650 45871 7723 98197 96840 1357 0 0 20 98217 98217 86930 3280 61718 7019 7997 6916 954 2036 3926 11287 392 10895 0 0 0
"196602" 217460 1700 52306 47382 9349 106723 105385 1338 0 0 5 106728 106728 94066 5034 66154 7491 8500 6887 987 2005 3895 12662 567 12095 0 0 0
"196603" 216633 1791 53606 47919 7700 105617 104096 1521 0 0 15 105632 105632 94517 4377 67196 7425 8600 6919 957 2133 3829 11115 530 10585 0 0 0
"196604" 223959 1943 54355 48182 9874 109605 108010 1595 0 0 0 109605 109605 97999 5133 69136 8079 8600 7051 960 2249 3842 11606 532 11074 0 0 0
"196701" 221038 2638 54481 48030 9005 106884 105038 1846 0 0 10 106894 106894 97342 3996 69507 7993 8900 6946 888 2205 3853 9552 267 9285 0 0 0
"196702" 229334 2818 55656 49622 8998 112240 110468 1772 0 0 15 112255 112255 101684 4825 72599 8365 9300 6595 891 2040 3664 10571 260 10311 0 0 0
"196703" 231357 3091 57382 50851 10081 109952 108128 1824 0 0 0 109952 109952 99457 3248 71850 8331 9300 6728 970 2032 3726 10495 262 10233 0 0 0
"196704" 241868 2911 58894 51691 11334 117038 115305 1733 0 0 0 117038 117038 105934 5524 75631 8784 9300 6695 975 1847 3873 11104 392 10712 0 0 0
"196801" 238230 3221 59969 51962 9550 113528 111627 1901 0 0 15 113543 113543 104442 4421 75179 8752 9600 6490 927 1821 3742 9101 289 8707 105 0 0
"196802" 250205 2923 61792 54327 10077 121086 119074 2012 0 0 13 121099 121099 110255 5724 78874 9240 10000 6417 856 1892 3669 10844 359 10278 207 0 0
"196803" 256029 3348 63579 56550 12250 120302 118153 2149 0 0 0 120302 120302 109736 4702 79428 9284 9900 6422 818 2006 3598 10566 342 9889 335 0 0
"196804" 269884 2924 65476 58464 12654 130366 128252 2114 0 0 0 130366 130366 117522 6213 85429 9866 9718 6296 774 1907 3615 12844 459 11819 566 0 0
"196901" 268540 3278 66914 59197 9650 129501 126764 2387 350 0 0 129501 129501 117725 4156 86915 10372 10100 6182 760 1949 3473 11776 348 10803 625 0 0
"196902" 284655 3460 68865 61695 11135 139500 135240 2598 1662 0 0 139500 139500 125385 5005 92671 10978 10552 6179 769 2066 3344 14115 384 13021 710 0 0
"196903" 284243 3596 70168 62703 9050 138726 131868 3000 3858 0 0 138726 138726 126433 4121 94302 11527 10600 5883 697 2038 3148 12293 414 11103 776 0 0
"196904" 297299 3524 70517 63395 11545 148318 141029 3343 3946 0 0 148318 148318 134019 6774 98834 12054 10328 6029 765 2095 3169 14299 527 12817 955 0 0
"197001" 291432 3608 70962 62526 9650 144686 133578 4271 6837 0 40 144726 144726 131909 3973 99530 11754 10600 6052 813 2098 3141 12817 352 11674 791 0 0
"197002" 300742 3859 71399 64022 8727 152735 140416 4236 8083 0 90 152825 152825 137393 4457 103985 11771 11233 5947 804 1984 3159 15432 341 14194 897 0 0
"197003" 304067 4569 72501 65434 10150 151413 140819 5366 5228 0 0 151413 151413 136044 4088 102875 11692 11400 5989 646 2188 3155 15369 297 14178 894 0 0
"197004" 311635 4937 73275 65625 12986 154812 146052 5806 2954 0 0 154812 154812 138379 6076 103628 11696 11155 5824 623 2031 3170 16433 423 14977 1033 0 0
"197101" 306786 5358 74424 65927 10850 150227 141773 5596 2858 0 0 150227 150227 133936 3448 101409 11923 11500 5656 601 1734 3321 16291 247 14756 1288 0 0
"197102" 320062 5067 76639 68903 10546 158907 150373 5476 3058 0 0 158907 158907 140525 5976 104386 12183 12226 5754 622 1662 3470 18382 660 16306 1416 0 0
"197103" 326684 5236 80008 71740 10850 158850 150033 5857 2960 0 0 158850 158850 142131 4948 106024 12032 12500 6627 702 2187 3738 16719 765 14339 1615 0 0
"197104" 342077 5449 82515 74325 13761 166027 156872 6315 2840 0 0 166027 166027 147381 7307 107679 12604 12500 7291 806 2372 4113 18646 1085 15926 1635 0 0
"197201" 344769 4887 85614 75646 12850 165772 156202 6798 2772 0 0 165772 165772 147027 5682 108075 12744 12800 7726 811 2486 4429 18745 749 15902 2094 0 0
"197202" 363607 4709 90113 80008 14448 174329 165231 6802 2296 0 0 174329 174329 154134 7637 111643 13345 13610 7899 884 2207 4808 20195 1164 16816 2215 0 0
"197203" 375468 4569 95048 83393 15550 176908 167051 7593 2264 0 0 176908 176908 155935 6338 113443 13176 13700 9278 939 3044 5295 20973 1293 17517 2163 0 0
"197204" 402160 5468 99314 87001 18571 191806 180390 8818 2598 0 0 191806 191806 166433 7618 120453 13667 14306 10389 1002 3528 5859 25373 1522 20881 2970 0 0
"197301" 417866 4375 103548 89240 14210 206493 193519 9813 3161 0 0 206493 206493 180574 8971 128854 16444 15000 11305 1024 4177 6104 25919 1498 20406 4015 0 0
"197302" 443755 4234 109114 94107 13864 222436 208455 10461 3520 0 0 222436 222436 192916 9773 133976 20765 15985 12417 1183 4619 6615 29520 1662 22865 4993 0 0
"197303" 458960 4699 114788 97529 12356 229588 213312 11639 4637 0 0 229588 229588 199730 10904 135256 25282 16599 11689 1170 4425 6094 29858 1893 22512 5453 0 0
"197304" 478635 4966 119068 99620 15151 239830 222701 12829 4300 0 0 239830 239830 207209 11243 137050 28647 17165 13104 1440 5128 6536 32621 1921 24370 6330 0 0
"197401" 483763 5288 121882 99294 11737 245562 227390 13268 4904 0 0 245562 245562 213640 9201 140999 31167 17699 14574 1705 6420 6449 31922 1587 22918 7417 0 0
"197402" 515530 5825 127320 102221 12373 267791 246311 16108 5372 0 0 267791 267791 233582 12206 151911 33148 18444 17873 2009 8466 7398 34209 1863 23727 8619 0 0
"197403" 524956 5990 130582 104123 12349 271912 250347 16651 4914 0 0 271912 271912 238191 13126 154937 34713 18500 16915 1947 7503 7465 33721 2212 22109 9400 0 0
"197404" 537076 6391 132105 102989 14103 281488 257506 19081 4901 0 0 281488 281488 248228 16837 159407 35988 18236 17760 1705 8244 7811 33260 1472 22208 9580 0 0
"197501" 517424 7359 131903 100425 11903 265834 242543 18614 4677 0 0 265834 265834 237953 15531 150758 36837 18299 16528 1711 6726 8091 27881 888 17924 9069 0 0
"197502" 522889 7148 133012 101549 12584 268596 244959 18970 4667 0 0 268596 268596 241450 18421 148302 37126 19071 18530 1768 8022 8740 27146 1046 18491 7609 0 0
"197503" 518588 7871 134514 104026 10315 261862 238022 19344 4496 0 0 261862 261862 240429 19040 143695 37269 19899 20526 1917 9008 9601 21433 1246 13959 6228 0 0
"197504" 532802 9771 136186 106055 15029 265761 242051 20310 3400 0 0 265761 265761 246016 23004 143514 37680 20199 21619 1964 9335 10320 19745 1185 13260 5300 0 0
"197601" 524911 8800 139629 105611 13842 257029 232955 20574 3500 0 0 257029 257029 238292 20930 135870 38219 20699 22574 2081 10092 10401 18737 900 13072 4765 0 0
"197602" 541553 8698 143698 110077 14617 264463 239344 21519 3600 0 0 264463 264463 246385 22746 138280 38745 22199 24415 2166 11359 10890 18078 800 12977 4301 0 0
"197603" 547643 9803 147806 114633 14788 260613 235240 21673 3700 0 0 260613 260613 244573 21123 137237 39407 22899 23907 2093 10759 11055 16040 700 11353 3987 0 0
"197604" 576925 13000 151326 118043 21656 272900 245358 23761 3781 0 0 272900 272900 255406 23355 140072 40354 23230 28395 2855 13534 12006 17494 817 13277 3400 0 0
"197701" 577984 10379 155163 119842 18933 273667 247325 22642 3700 0 0 273667 273667 257529 23863 142559 41488 23699 25920 2409 11679 11832 16138 1100 12160 2878 0 0
"197702" 603235 10280 163007 127616 19315 283017 255401 23816 3800 0 0 283017 283017 266667 23684 148358 42712 25642 26271 2636 12159 11476 16350 1501 12569 2280 0 0
"197703" 627625 10574 171166 134369 21879 289637 260069 25768 3800 0 0 289637 289637 271991 23135 149852 44267 26299 28438 2768 13751 11919 17646 1300 14346 2000 0 0
"197704" 658157 13196 178978 140302 23892 301789 269474 28505 3810 0 0 301789 301789 281923 23434 154918 46393 25729 31449 2937 16184 12328 19866 1252 16744 1870 0 0
"197801" 669108 10395 184596 143291 20050 310776 275280 31496 4000 0 0 310776 310776 292637 22050 163447 49145 25399 32596 3077 16821 12698 18139 1300 15119 1720 0 0
"197802" 707830 10628 194467 154140 21900 326695 288191 34304 4200 0 0 326695 326695 306580 22626 170289 52576 27017 34072 2996 17410 13666 20115 1400 17363 1352 0 0
"197803" 735745 11373 205163 161619 21202 336388 293763 38225 4400 0 0 336388 336388 315086 22524 169403 56230 28084 38845 3705 19410 15730 21302 2763 17313 1226 0 0
"197804" 773994 11981 214046 166512 21025 360430 309168 46634 4628 0 0 360430 360430 336062 23142 175120 59649 28211 49940 5167 25707 19066 24368 3125 20083 1160 0 0
"197901" 782445 11293 219655 168703 19812 362982 309891 48591 4500 0 0 362982 362982 341356 21999 181699 63052 28122 46484 5980 21959 18545 21626 1300 19226 1100 0 0
"197902" 821943 12011 228820 176177 22569 382366 324650 53316 4400 0 0 382366 382366 357245 21510 190790 66656 29806 48483 5161 23431 19891 25121 1960 22141 1020 0 0
"197903" 858604 12566 238796 182530 21630 403082 337292 61490 4300 0 0 403082 403082 375485 21068 198334 70048 30840 55195 7653 25387 22155 27597 2300 24367 930 0 0
"197904" 876592 14059 245187 185725 20154 411467 347428 59809 4230 0 0 411467 411467 383498 22386 204270 72815 31033 52994 7307 21622 24065 27969 2690 24449 830 0 0
"198001" 879259 12634 249236 183415 16719 417255 352061 61028 4100 66 0 417255 417255 389762 22933 212237 73831 30509 50252 7874 19485 22893 27493 2500 24193 800 0 0
"198002" 872977 14767 252016 177822 16681 411691 345172 62356 4000 163 0 411691 411691 385061 25583 200926 73976 31059 53517 9228 20936 23353 26630 1823 24057 750 0 0
"198003" 896243 15657 256695 179789 16107 427995 355856 67960 3900 279 0 427995 427995 399706 24423 211339 74153 31598 58193 10002 23476 24715 28289 2800 24779 710 0 0
"198004" 938073 15753 262661 180215 20924 458520 379091 75326 3703 400 0 458520 458520 429776 27837 230332 75267 31566 64774 11851 26300 26623 28744 2678 25386 680 0 0
"198101" 930537 15483 265822 176465 19586 453181 375751 74191 2700 539 0 453181 453181 425273 26982 226833 77394 31358 62706 10938 22831 28937 27908 2700 24558 650 0 0
"198102" 965979 17063 272694 179065 22884 474273 396767 73683 3167 656 0 474273 474273 444296 29160 236741 80613 33173 64609 11226 23677 29706 29977 2819 26538 620 0 0
"198103" 995509 16050 278859 182849 21977 495774 410554 80725 3650 845 0 495774 495774 464252 29219 249891 83709 33559 67874 11796 25527 30551 31522 4000 26932 590 0 0
"198104" 1023274 16497 284216 184193 26209 512159 425727 81140 4092 1200 0 512159 512159 481346 33480 261678 85467 32920 67801 12621 21837 33343 30813 2958 27295 560 0 0
"198201" 1000638 18794 288774 182922 20354 489794 430177 54378 3500 1739 0 489794 489794 457175 29731 273213 83894 33284 37053 4831 14676 17546 32619 3500 28593 526 0 0
"198202" 1026079 16256 294234 185223 21491 508875 449923 53539 2928 2485 0 508875 508875 476122 31083 293170 81003 35772 35094 5540 13619 15935 32753 3600 28602 551 0 0
"198203" 1048152 17052 298194 188072 22843 521991 459421 56308 3000 3262 0 521991 521991 489505 31708 308505 77966 37007 34319 5954 13429 14936 32486 3400 28513 573 0 0
"198204" 1067984 16810 301272 190932 26215 532755 469726 56076 3053 3900 0 532755 532755 499457 35081 318498 75958 36135 33785 5435 15055 13295 33298 2836 29886 576 0 0
"198301" 1063497 14096 303947 186947 23011 535496 469210 59260 2600 4426 0 535496 535496 501131 32225 319132 75117 36445 38212 6690 15836 15686 34365 2700 31095 570 0 0
"198302" 1081351 14463 311121 190915 26318 538534 474647 56763 2240 4884 0 538534 538534 503899 34104 318104 74584 38516 38591 7541 15890 15160 34635 2684 31471 480 0 0
"198303" 1103292 14617 321244 200673 24093 542665 476254 58663 2450 5298 0 542665 542665 507769 33418 322815 74625 39102 37809 7275 15360 15174 34896 2900 31576 420 0 0
"198304" 1151354 14340 330521 213663 28661 564169 497051 58692 2726 5700 0 564169 564169 528340 35609 340892 75504 38927 37408 8475 14151 14782 35829 3165 32314 350 0 0
"198401" 1175802 13415 343888 219840 27730 570929 502069 60503 2300 6057 0 570929 570929 532884 22227 355632 78875 39564 36586 8579 13018 14989 38045 6880 30805 360 0 0
"198402" 1224036 13117 356489 236045 26579 591806 523445 60045 1970 6346 0 591806 591806 549389 17177 371567 83389 41347 35909 9628 12679 13602 42417 7867 34169 381 0 0
"198403" 1251549 14044 367853 248051 27367 594234 525079 60112 2400 6643 0 594234 594234 551454 14993 373015 88172 41634 33640 8765 11250 13625 42780 7855 34530 395 0 0
"198404" 1308242 12553 381379 258844 34455 621011 546819 64369 2797 7026 0 621011 621011 576180 21996 391134 92352 39907 30791 7602 11004 12185 44831 8925 35506 400 0 0
"198501" 1317214 9143 390072 267381 30758 619860 546055 63492 2800 7513 0 619860 619860 578844 19281 398522 94052 38323 28666 6461 9800 12405 41016 8656 31950 410 0 0
"198502" 1357086 10154 402706 276513 37952 629761 553160 65559 2915 8127 0 629761 629761 590676 28231 399473 95401 40132 27439 6353 9966 11120 39085 8815 29795 475 0 0
"198503" 1397346 9304 417224 286728 38946 645144 563184 70753 2500 8707 0 645144 645144 598562 25628 407305 96764 39112 29753 6702 11383 11668 46582 10517 35495 570 0 0
"198504" 1445254 9696 431234 297227 45438 661659 574594 75847 2127 9091 0 661659 661659 617071 31026 424083 98510 35507 27945 6193 9663 12089 44588 10856 33052 680 0 0
"198601" 1458396 9437 443166 296270 49299 660224 572989 75943 2000 9292 0 660224 660224 617800 29768 427557 99680 33749 27046 6077 9088 11881 42424 10094 31560 770 0 0
"198602" 1490571 8922 458258 304100 45342 673949 582078 80519 2023 9329 0 673949 673949 620514 23678 433714 100508 34170 28444 6502 10605 11337 53435 11030 41545 860 0 0
"198603" 1511548 7573 476780 311443 40454 675298 578480 84938 2584 9296 0 675298 675298 615399 19920 434114 101479 33702 26184 5935 9596 10653 59899 12182 46767 950 0 0
"198604" 1603328 8575 504687 320187 39631 730248 619622 97738 3598 9290 0 730248 730248 673315 30977 481105 103078 31240 26915 6178 10699 10038 56933 10213 45700 1020 0 0
"198701" 1580286 7839 522903 309795 36409 703340 587020 102928 4111 9281 0 703340 703340 652382 26438 465939 105316 28759 25930 6991 8568 10371 50958 9802 40011 1145 0 0
"198702" 1624448 8015 547675 316822 37512 714424 595662 105369 4155 9238 0 714424 714424 662555 27676 470842 108200 30396 25441 5970 9054 10417 51869 10361 40238 1270 0 0
"198703" 1659712 7024 570016 325602 40795 716275 595173 108242 3675 9185 0 716275 716275 669819 33449 470389 111210 30642 24129 5911 8399 9819 46456 9799 35257 1400 0 0
"198704" 1706252 11219 594796 334090 34377 731770 603378 115099 4145 9148 0 731770 731770 683140 31852 485101 113825 29053 23309 5266 7821 10222 48630 9730 37380 1520 0 0
"198801" 1724456 7980 611363 333855 38623 732635 602239 115485 5698 9213 0 732635 732635 687271 28641 491720 116091 28106 22713 4952 7794 9967 45364 10374 33271 1719 0 0
"198802" 1777310 7968 635952 341529 35855 756006 616144 125051 5472 9339 0 756006 756006 705811 27719 507241 118052 30293 22506 4563 8081 9862 50195 10096 38082 2017 0 0
"198803" 1809794 9463 657575 351421 35491 755844 616983 123904 5483 9474 0 755844 755844 709022 29103 506460 120049 30775 22635 5167 8105 9363 46822 9649 35066 2107 0 0
"198804" 1854675 10069 676905 360816 33904 772981 623923 135603 3891 9564 0 772981 772981 721616 29991 517876 122423 29817 21509 4764 7821 8924 51365 9853 38411 3101 0 0
"198901" 1870974 9467 696826 355578 35555 773548 622457 136076 5444 9571 0 773548 773548 726749 28048 523494 125194 28389 21624 4547 7337 9740 46799 9363 33595 3841 0 0
"198902" 1922932 9009 722776 363704 38358 789085 639382 135517 4733 9453 0 789085 789085 738712 26976 531118 128385 30707 21526 4060 7463 10003 50373 9108 37308 3957 0 0
"198903" 1970452 8643 749832 371715 38781 801481 643005 142279 6772 9425 0 801481 801481 742114 19892 536597 131568 31485 22572 3505 8750 10317 59367 9168 46179 4020 0 0
"198904" 2016587 9875 770704 383309 38183 814516 649716 149601 5497 9702 0 814516 814516 749666 20413 542788 134316 30782 21367 3351 8568 9448 64850 9161 51599 4090 0 0
"199001" 2013403 9479 791978 372789 36986 802171 643177 142615 6003 10376 0 802171 802171 736258 12036 540273 135654 29349 18946 3307 6975 8664 65913 9574 52179 4160 0 0
"199002" 2052594 10200 820141 372319 36470 813464 648588 147640 5695 11541 0 813464 813464 743672 11709 544607 136178 31899 19279 3298 6791 9190 69792 9833 55729 4230 0 0
"199003" 2074433 9726 836875 379467 35638 812727 645123 150625 4370 12609 0 812727 812727 746321 18170 538862 136286 33212 19791 3305 7587 8899 66406 9862 52244 4300 0 0
"199004" 2100167 12665 849346 381982 36194 819980 645185 156537 5264 12994 0 819980 819980 751098 17853 545460 136371 32912 18502 2811 5892 9799 68882 9667 54845 4370 0 0
"199101" 2090468 13346 862157 370499 36244 808222 631322 159870 4343 12687 0 808222 808222 733180 5191 539239 136225 31989 20536 2508 7438 10590 75042 9532 61070 4440 0 0
"199102" 2097082 11427 877260 368385 41254 798756 616628 166998 3452 11678 0 798756 798756 723069 8376 524927 135624 34486 19656 2595 7072 9989 75687 9522 61651 4514 0 0
"199103" 2091098 9976 876093 366312 44366 794351 604047 176447 3267 10590 0 794351 794351 725610 18576 516438 135043 35558 19995 2438 7329 10228 68741 9652 54458 4631 0 0
"199104" 2097041 10620 881291 370176 46790 788164 588957 185795 3372 10040 0 788164 788164 711935 13088 507701 134952 34585 21609 2365 6908 12336 76229 8945 62284 5000 0 0
"199201" 2104222 10522 886396 357166 71620 778518 580978 184303 3148 10089 0 778518 778518 699154 7722 501202 135269 32989 21972 2422 7082 12468 79364 9359 64547 5458 0 0
"199202" 2108368 10067 890833 355981 71919 779568 574866 191796 2751 10155 0 779568 779568 702105 13909 491231 135898 35570 25497 2559 8564 14374 77463 8685 63169 5609 0 0
"199203" 2121493 9100 897224 357300 80634 777235 570033 192770 4221 10211 0 777235 777235 695581 10174 485951 136730 36248 26478 2882 8966 14630 81654 8833 66878 5943 0 0
"199204" 2139839 9182 900521 362901 87993 779242 569591 195725 3726 10200 0 779242 779242 702268 17595 488448 137651 34667 23907 3320 7605 12982 76974 8935 64294 3745 0 0
"199301" 2104354 8613 898903 358900 79605 758333 560156 184731 3333 10113 0 758333 758333 691943 16493 483471 134873 32813 24293 2964 8187 13142 66390 8627 54163 3600 0 0
"199302" 2150432 7126 918256 366632 89290 769128 568710 186628 3855 9935 0 769128 769128 700014 17412 483635 137657 35377 25933 3061 8977 13895 69114 8291 57238 3585 0 0
"199303" 2169313 6464 929671 379364 88384 765430 569764 182514 3392 9760 0 765430 765430 700755 25009 476080 136369 37122 26175 3371 9477 13327 64675 8042 53107 3526 0 0
"199304" 2223455 7270 947828 395704 100657 771996 578408 182016 1896 9676 0 771996 771996 709406 27369 480455 140186 36787 24609 2364 8795 13450 62590 8445 50591 3554 0 0
"199401" 2224434 5680 945649 397802 95923 779380 583208 184688 1704 9780 0 779380 779380 721299 29041 487284 143216 35536 26222 2749 9621 13852 58081 10191 43690 4200 0 0
"199402" 2265005 5389 964863 413413 90503 790837 596427 182476 2191 9743 0 790837 790837 740192 31494 497850 146585 39171 25092 2069 8704 14319 50645 7851 37894 4900 0 0
"199403" 2321430 5141 989704 434560 83988 808037 606769 189032 2037 10199 0 808037 808037 760695 34981 508658 150213 40588 26255 2372 9314 14569 47342 7565 34077 5700 0 0
"199404" 2407107 5765 1012711 458777 94941 834913 624573 197163 1831 11346 0 834913 834913 786019 40044 527215 153947 38675 26138 2153 8822 15163 48894 9326 33535 6033 0 0
"199501" 2452845 4523 1033937 459689 87214 867482 647217 206162 2478 11625 0 867482 867482 821098 41571 556409 158020 36937 28161 2538 8889 16734 46384 10019 30665 5700 0 0
"199502" 2538959 5676 1062399 471591 95978 903315 672444 216463 2229 12179 0 903315 903315 852496 45476 576596 160910 39953 29561 2124 9540 17897 50819 11295 34601 4923 0 0
"199503" 2590125 5438 1082184 485920 93941 922642 685319 222778 1923 12622 0 922642 922642 870334 48511 585985 162716 41514 31608 2317 10562 18729 52308 12402 35427 4479 0 0
"199504" 2647252 5675 1090189 502328 99491 949569 701554 232598 2272 13145 0 949569 949569 898183 57421 601756 164682 39735 34589 2558 10940 21091 51386 14572 31790 5024 0 0
"199601" 2658261 6090 1097597 490807 96833 966934 713703 237676 1894 13661 0 966934 966934 907732 52344 610788 170260 37588 36752 2202 12166 22384 59202 15241 38392 5569 0 0
"199602" 2704234 4926 1109930 503766 91945 993667 728152 249359 1979 14177 0 993667 993667 935231 59650 618456 175663 40923 40539 3299 13136 24104 58436 14760 37344 6332 0 0
"199603" 2752197 4361 1123239 513906 85669 1025022 746600 261783 2133 14506 0 1025022 1025022 964884 59915 633363 188379 41521 41706 3181 12676 25849 60138 14478 38418 7242 0 0
"199604" 2821799 6472 1145389 527463 100806 1041669 759763 264847 2478 14581 0 1041669 1041669 977660 57968 642125 193551 40362 43654 2870 14309 26475 64009 15937 40315 7757 0 0
"199701" 2854079 3219 1160137 505158 106967 1078598 790570 271289 2073 14666 0 1078598 1078598 1014272 64793 659820 207927 38246 43486 1987 13753 27746 64326 16958 38940 8428 0 0
"199702" 2942663 3110 1196460 512017 115274 1115802 817474 281244 2031 15053 0 1115802 1115802 1051841 73061 671780 218051 42593 46356 2047 13455 30854 63961 16692 36288 10981 0 0
"199703" 2974593 3132 1227131 509663 111580 1123087 832511 273449 1767 15360 0 1123087 1123087 1045539 51168 677284 225020 43884 48183 2239 13166 32778 77548 17626 48254 11668 0 0
"199704" 3055380 2698 1245314 515064 122456 1169848 867896 284049 2438 15465 0 1169848 1169848 1092528 66470 692715 237336 43893 52114 2056 13801 36257 77320 19407 40292 17621 0 0
"199801" 3089950 1079 1270826 493846 131376 1192823 896543 278246 2617 15417 0 1192823 1192823 1108715 72481 700750 239962 42141 53381 2266 13048 38067 84108 22266 38919 22923 0 0
"199802" 3158143 1119 1281723 493317 139699 1242285 939466 284525 2337 15957 0 1242285 1242285 1152370 74894 727240 248572 46137 55527 2158 14812 38557 89915 23352 40322 26241 0 0
"199803" 3223924 945 1295424 499624 146464 1281467 973746 289173 2347 16201 0 1281467 1281467 1175712 68656 748276 255410 46988 56382 2039 13810 40533 105755 27943 44327 33485 0 0
"199804" 3309276 1100 1336996 512007 142803 1316370 1013514 282385 4143 16328 0 1316370 1316370 1206728 71978 768839 262094 45101 58716 2788 13084 42844 109642 29706 46325 33611 0 0
"199901" 3296496 932 1337118 499258 129655 1329533 1039467 270627 3619 15820 0 1329533 1329533 1221481 66727 777647 275556 42550 59001 2863 12545 43593 108052 34034 45292 28726 0 0
"199902" 3326303 795 1361328 484471 132842 1346867 1068767 257634 4235 16231 0 1346867 1346867 1235731 69044 780338 281247 44637 60465 2768 13696 44001 111136 35445 47289 28402 0 0
"199903" 3391358 1072 1419148 480406 122081 1368651 1093474 257322 1537 16318 0 1368651 1368651 1256589 63861 793375 295305 45456 58592 2940 10934 44718 112062 34641 50156 27265 0 0
"199904" 3515536 1350 1495420 507763 124785 1386218 1106774 260000 2581 16863 0 1386218 1386218 1287862 62867 808841 312776 44202 59176 2952 9873 46351 98356 14040 60115 24201 0 0
"200001" 3622854 1444 1547344 505673 143344 1425049 1146128 259246 1865 17810 0 1425049 1425049 1314501 65554 820520 323066 42368 62993 2784 11425 48784 110548 32668 54342 23538 0 0
"200002" 3757400 1364 1614400 514964 150477 1476195 1192763 261423 4011 17998 0 1476195 1476195 1360567 63742 841894 344384 45922 64625 3132 12032 49461 115628 32671 61700 21257 0 0
"200003" 3820789 1340 1648507 531032 158993 1480917 1199707 261057 1764 18389 0 1480917 1480917 1365919 57416 844923 349841 46202 67537 3573 12562 51402 114998 31570 64745 18683 0 0
"200004" 3900895 1502 1660054 551074 175152 1513113 1218910 274583 1647 17973 0 1513113 1513113 1394917 63558 852688 361234 46901 70536 3510 13241 53785 118196 35011 63764 19421 0 0
"200101" 3933979 588 1687713 542799 191492 1511387 1214135 276428 2724 18100 0 1511387 1511387 1386691 52514 840024 375003 45043 74107 3626 16418 54063 124696 37938 70262 16496 0 0
"200102" 3923950 0 1722375 550374 172664 1478537 1198526 258928 2665 18418 0 1478537 1478537 1348763 47074 801556 385984 47902 66247 3313 9130 53804 129774 36835 76713 16226 0 0
"200103" 3922724 0 1736630 546509 167069 1472516 1193034 258265 2642 18575 0 1472516 1472516 1341428 54706 776651 395465 47298 67308 4176 9407 53725 131088 40108 76020 14960 0 0
"200104" 3973267 0 1789819 568437 175176 1439835 1159329 256059 1945 22502 0 1439835 1439835 1300672 41547 743724 405271 46891 63239 4309 5875 53055 139163 38488 84305 16370 0 0
"200201" 3948199 0 1800341 561548 158548 1427762 1137584 265860 2087 22231 0 1427762 1427762 1290764 39588 728721 411554 44175 66726 4166 6110 56450 136998 38328 82801 15869 0 0
"200202" 4011323 0 1873064 566783 174574 1396902 1117249 255205 2077 22371 0 1396902 1396902 1246153 29286 680048 417838 46760 72221 4765 9660 57796 150749 39728 94207 16814 0 0
"200203" 4108316 0 1961965 589192 175325 1381834 1112444 244858 2115 22417 0 1381834 1381834 1202678 3588 658949 424121 46728 69292 5022 7802 56468 179156 42153 120252 16751 0 0
"200204" 4198852 0 2058307 602570 177942 1360033 1101541 237468 2868 18156 0 1360033 1360033 1197766 17303 635522 430404 45960 68577 5082 5111 58384 162267 43015 101111 18141 0 0
"200301" 4254334 0 2099219 593231 200704 1361180 1104643 235965 2603 17969 0 1361180 1361180 1180035 21794 609620 433230 43366 72025 4538 9937 57550 181145 65402 96755 18988 0 0
"200302" 4342921 0 2192844 603684 200129 1346264 1094544 226891 6654 18175 0 1346264 1346264 1151810 25401 581015 436057 44969 64368 4638 8936 50794 194454 66994 111156 16304 0 0
"200303" 4391294 0 2263752 614124 200589 1312829 1077458 210399 6837 18135 0 1312829 1312829 1124462 18660 555846 438883 45421 65652 4385 8667 52600 188367 59702 111522 17143 0 0
"200304" 4461184 0 2255798 669386 200932 1335068 1082974 225749 7852 18493 0 1335068 1335068 1151375 49757 548300 441710 45533 66075 4527 8893 52655 183693 59019 106923 17751 0 0
"200401" 4543504 0 2329524 658036 227402 1328542 1078576 222889 8094 18983 0 1328542 1328542 1133802 47374 521852 456849 42899 64828 4915 10279 49634 194740 66688 110604 17448 0 0
"200402" 4685475 0 2435840 660571 230628 1358436 1106621 224904 7374 19537 0 1358436 1358436 1139456 47866 516012 462362 46017 67199 5167 12205 49827 218980 79294 119173 20513 0 0
"200403" 4802406 0 2517315 676319 242720 1366052 1120701 218000 7786 19565 0 1366052 1366052 1129297 27374 521622 467875 47623 64803 4979 11223 48601 236755 84315 131173 21267 0 0
"200404" 4905867 0 2595605 704270 195847 1410145 1150544 233968 5349 20284 0 1410145 1410145 1160404 26749 542657 473387 47715 69896 5485 13414 50997 249741 87884 136948 24909 0 0
"200501" 5023392 0 2690522 683112 215812 1433946 1158320 250975 4132 20519 0 1433946 1433946 1183856 17346 535887 512508 44274 73841 5676 14315 53850 250090 89937 133272 26881 0 0
"200502" 5169427 0 2791831 683951 217522 1476123 1188248 262791 2867 22217 0 1476123 1476123 1233852 29074 533365 551628 47213 72572 5206 14135 53231 242271 84096 129889 28286 0 0
"200503" 5341942 0 2896832 708230 231809 1505071 1206760 273386 3068 21857 0 1505071 1505071 1246586 25872 506405 590748 49528 74033 2776 16887 54370 258485 88288 138823 31374 0 0
"200504" 5473696 0 2958042 707039 230676 1577939 1249264 294685 8079 25911 0 1577939 1577939 1309372 36445 508726 629869 49926 84406 2623 18091 63692 268567 93127 142103 33337 0 0
"200601" 5615569 0 3033208 697480 257434 1627447 1280853 312564 7637 26393 0 1627447 1627447 1357093 48275 517311 658114 47679 85714 2175 16963 66576 270354 98438 137421 34495 0 0
"200602" 5757305 0 3140433 694749 258510 1663613 1310976 325484 4125 23028 0 1663613 1663613 1395651 58966 505758 686359 51154 93414 2581 19245 71588 267962 95143 136939 35880 0 0
"200603" 5876090 0 3181295 710502 282152 1702141 1327134 346317 4214 24476 0 1702141 1702141 1436158 66521 511674 714603 52997 90363 2313 16301 71749 265983 97106 131487 37390 0 0
"200604" 6151184 0 3403052 741200 302170 1704762 1312204 361792 5149 25617 0 1704762 1704762 1498533 86371 517863 742848 53197 98254 1916 21897 74441 206229 48633 129240 28356 0 0
"200701" 6144495 0 3386400 723278 319878 1714939 1309682 377076 3489 24692 0 1714939 1714939 1493022 76354 512522 777703 51697 74746 1788 18408 54550 221917 48766 138132 35019 0 0
"200702" 6279646 0 3472132 737869 300161 1769484 1345517 396631 3721 23615 0 1769484 1769484 1537076 77829 507266 812558 54513 84910 1878 26056 56976 232408 45397 153453 33558 0 0
"200703" 6531487 0 3525100 771518 320176 1914693 1447841 438516 4163 24173 0 1914693 1914693 1653579 92933 566876 847413 54870 91487 1784 27963 61740 261114 53401 176736 30977 0 0
"200704" 6809819 0 3644402 804096 334458 2026863 1532883 466764 5819 21397 0 2026863 2026863 1749739 99734 609425 882267 55507 102806 1884 30152 70770 277124 61961 182006 33157 0 0
"200801" 6880048 0 3684522 796317 297194 2102015 1590233 484940 5424 21418 39743 2141758 2141758 1822169 104877 632644 920319 52672 111657 1982 37795 71880 319589 62264 183388 34194 39743 0
"200802" 6891776 0 3660742 812984 281358 2136692 1622110 486927 6603 21052 30283 2166975 2166975 1844491 89198 648640 940242 57002 109409 3136 36802 69471 322484 65091 197585 29525 1455 28828
"200803" 7301871 100037 3853357 844087 284300 2220090 1686951 506345 5911 20883 289805 2509895 2509895 1936192 121418 670213 971494 58279 114788 2332 40834 71622 573703 70589 180873 32436 199734 90071
"200804" 7186954 15685 3841395 878643 220970 2230261 1670777 531910 7856 19718 490411 2720672 2720672 1947473 117692 677528 985624 58682 107947 2610 32967 72370 773199 75004 174924 32860 45484 444927
"200901" 7049143 4452 3853327 850749 216580 2124035 1580676 506314 17322 19723 388763 2512798 2512798 1863216 104040 652946 948118 55007 103105 2576 29250 71279 649582 67450 167193 30868 20409 363662
"200902" 6968798 9841 3897642 837783 194129 2029403 1523322 470885 16577 18619 253934 2283337 2283337 1790817 118317 618746 894937 57202 101615 2916 26714 71985 492520 62043 177464 24191 5070 223752
"200903" 6714260 52 3795413 832687 222035 1864073 1394959 432564 16828 19722 183920 2047993 2047993 1712521 137147 580568 836703 58934 99169 3404 27903 67862 335472 11290 161685 21286 27 141184
"200904" 6672534 0 3818667 855311 219625 1778931 1338393 406523 14607 19408 142832 1921763 1921763 1650211 147710 553539 793640 58547 96775 3173 27852 65750 271552 10977 144501 20774 0 95300
"201001" 6922077 0 3761281 1149191 232378 1779227 1340189 403890 16730 18418 137426 1916653 1916653 1670601 226279 546016 746519 54637 97150 3003 30391 63756 246052 11332 125896 18619 0 90205
"201002" 6837068 0 3706795 1133723 243093 1753457 1332334 387256 18135 15732 127451 1880908 1880908 1650097 237426 535062 719637 57376 100596 3268 33061 64267 230811 8767 120009 17061 0 84974
"201003" 6782090 0 3674354 1115273 243244 1749219 1328602 386556 18198 15863 105998 1855217 1855217 1656734 257914 528800 704463 58055 107502 3520 34096 69886 198483 10908 94995 16281 0 76299
