"DATES" "FL754090005.Q" "FL753013003.Q" "FL754005005.Q" "FL753069603.Q" "FL753061103.Q" "FL753061703.Q" "FL753062003.Q" "FL753063003.Q" "FL753068005.Q" "FL753065005.Q" "FL753067000.Q" "FL753064103.Q" "FL293169750.Q" "FL753093005.Q" "FL754190005.Q" "FL754110005.Q" "FL754116005.Q" "FL754112005.Q" "FL753127005.Q" "FL753131005.Q" "FL753135005.Q" "FL752150000.Q" "FL753169600.Q" "FL753190005.Q" "FL753192003.Q" "FL753194503.Q" "FL753193005.Q" "FL754004005.Q"
"195201" 1552 0 1500 98 433 0 64 98 655 0 150 2 92 -40 1580 1063 1156 -93 348 12 106 0 93 -42 188 0 -230 1440
"195202" 1703 0 1644 103 471 0 71 109 688 0 200 2 83 -24 1732 1163 1270 -107 382 13 119 0 84 -29 191 0 -220 1525
"195203" 1540 0 1482 77 425 0 67 103 508 0 300 2 91 -33 1570 1013 1113 -100 344 15 131 0 92 -25 194 0 -219 1271
"195204" 1625 0 1571 97 445 0 71 109 647 0 200 2 98 -44 1656 1067 1173 -106 360 16 144 0 99 -30 199 0 -229 1467
"195301" 1821 0 1512 87 415 0 71 109 578 0 250 2 91 218 1853 979 1084 -105 654 17 156 0 92 -45 202 0 -247 1351
"195302" 1635 0 1569 84 423 0 80 122 558 0 300 2 86 -20 1668 1035 1144 -109 377 19 168 0 86 -17 206 0 -223 1353
"195303" 1627 0 1560 69 416 0 85 130 457 0 400 3 103 -36 1661 1011 1120 -109 361 20 179 0 104 -14 210 0 -224 1260
"195304" 1713 0 1660 90 435 0 92 141 599 0 300 3 115 -62 1748 1063 1178 -115 381 21 189 0 116 -22 207 0 -229 1472
"195401" 1726 0 1638 83 423 0 88 135 556 0 350 3 116 -28 1762 1054 1170 -116 388 22 202 0 117 -21 211 0 -232 1401
"195402" 1783 0 1671 81 440 0 82 125 539 0 400 4 118 -6 1820 1079 1199 -120 405 24 213 0 119 -20 214 0 -234 1385
"195403" 1822 0 1686 70 449 0 78 119 465 0 500 5 122 14 1861 1095 1217 -122 416 25 225 0 123 -23 217 0 -240 1303
"195404" 1989 0 1832 95 490 0 84 129 629 0 400 5 175 -18 2030 1215 1346 -131 457 26 233 0 176 -77 233 0 -310 1602
"195501" 1936 0 1776 82 456 0 96 147 540 0 450 5 161 -1 1979 1173 1301 -128 447 26 233 0 163 -63 236 0 -299 1482
"195502" 2037 0 1915 80 475 0 127 194 533 0 500 6 131 -9 2082 1259 1395 -136 474 25 229 0 132 -37 240 0 -277 1540
"195503" 1980 0 1905 60 461 0 151 231 396 0 600 6 134 -59 2027 1221 1354 -133 465 25 224 0 136 -44 244 0 -288 1433
"195504" 2025 0 1966 75 465 0 167 256 497 0 500 6 128 -69 2074 1259 1395 -136 476 25 222 0 130 -38 255 0 -293 1588
"195601" 2077 0 1909 69 453 0 147 225 459 0 550 6 132 36 2128 1279 1419 -140 487 26 232 0 133 -29 259 0 -288 1485
"195602" 2224 0 1962 71 481 0 133 203 468 0 600 6 137 125 2277 1369 1516 -147 516 28 249 0 138 -23 262 0 -285 1493
"195603" 2364 0 2001 65 508 0 116 177 429 0 700 6 161 202 2419 1452 1609 -157 544 29 265 0 163 -34 265 0 -299 1456
"195604" 2427 0 2000 81 518 0 101 155 539 0 600 6 193 234 2484 1486 1646 -160 559 30 273 0 195 -59 261 0 -320 1587
"195701" 2388 0 1949 69 484 0 110 168 461 0 650 7 204 235 2447 1456 1614 -158 547 29 262 0 206 -53 264 0 -317 1496
"195702" 2483 0 2009 68 501 0 110 168 455 0 700 7 196 278 2544 1547 1706 -159 565 27 245 0 198 -38 265 0 -303 1498
"195703" 2445 0 1948 49 489 0 108 165 329 0 800 8 239 258 2508 1529 1684 -155 597 25 226 0 242 -111 266 0 -377 1379
"195704" 2463 0 1914 63 487 0 93 142 420 0 700 9 261 288 2528 1556 1707 -151 638 24 215 0 264 -169 254 0 -423 1466
"195801" 2519 0 1902 52 473 0 90 138 347 0 793 9 306 311 2586 1609 1763 -154 585 23 205 0 309 -145 255 0 -400 1406
"195802" 2673 0 2010 59 501 0 90 138 395 0 818 9 270 393 2742 1743 1903 -160 552 23 203 0 273 -52 256 0 -308 1453
"195803" 2711 0 1990 43 482 0 89 136 285 0 945 10 256 465 2782 1775 1936 -161 589 22 202 0 259 -65 257 0 -322 1291
"195804" 2711 0 2024 72 510 0 85 130 476 0 741 10 239 448 2784 1780 1939 -159 618 22 199 0 241 -76 282 0 -358 1512
"195901" 2847 0 2045 67 513 0 84 129 449 0 793 10 211 591 2922 1733 1896 -163 819 23 203 0 213 -69 283 0 -352 1453
"195902" 3064 0 2076 67 518 0 84 129 449 0 818 11 197 791 3141 1672 1839 -167 1099 23 210 0 199 -62 286 0 -348 1444
"195903" 3250 0 2106 54 523 0 84 129 360 0 945 11 191 953 3329 1626 1797 -171 1372 24 216 0 193 -102 289 0 -391 1341
"195904" 2827 0 2157 82 526 0 85 130 550 0 773 11 230 440 2908 1543 1721 -178 1028 25 222 0 233 -143 294 0 -437 1603
"196001" 2943 0 2090 53 523 0 84 129 356 0 933 12 273 580 3026 1625 1826 -201 1055 26 230 0 276 -186 297 0 -483 1418
"196002" 3135 0 2163 61 519 0 83 127 402 0 958 13 276 696 3220 1692 1918 -226 1085 27 238 0 279 -101 302 0 -403 1468
"196003" 3193 0 2230 55 515 0 80 122 364 0 1080 14 334 629 3280 1791 2041 -250 1109 28 248 0 337 -233 307 0 -540 1470
"196004" 3312 0 2325 99 507 0 78 119 658 0 849 15 405 582 3402 1880 2156 -276 1148 29 258 0 409 -322 308 0 -630 1866
"196101" 3545 0 2907 182 555 0 82 125 1209 0 739 15 446 192 3637 2084 2350 -266 1168 30 268 0 451 -364 313 0 -677 2599
"196102" 3804 0 3092 167 603 0 85 130 1113 0 978 16 454 258 3899 2284 2539 -255 1247 31 279 0 459 -401 316 0 -717 2552
"196103" 3752 0 3039 160 680 0 94 144 1061 0 884 16 484 229 3850 2294 2556 -262 1192 32 291 0 489 -448 319 0 -767 2623
"196104" 3485 0 2771 151 536 0 81 124 1004 0 859 16 537 177 3586 2023 2308 -285 1229 33 297 0 542 -538 344 0 -882 2433
"196201" 3522 0 2848 128 682 0 117 179 851 0 875 16 500 174 3625 2063 2335 -272 1280 33 301 0 505 -557 347 0 -904 2457
"196202" 3607 0 2976 145 827 0 165 252 960 0 610 17 468 163 3713 2096 2354 -258 1323 33 301 0 473 -513 350 0 -863 2817
"196203" 3572 0 2956 139 693 0 171 262 924 0 750 17 456 160 3681 2091 2373 -282 1242 33 300 0 461 -446 353 0 -799 2645
"196204" 3617 0 2762 148 506 0 158 242 983 0 709 16 530 325 3729 2143 2372 -229 1194 34 301 0 535 -478 330 0 -808 2567
"196301" 3664 0 2946 163 521 0 153 234 1087 0 771 17 518 200 3779 2216 2466 -250 1113 35 313 0 523 -421 333 0 -754 2676
"196302" 3772 0 3059 165 538 0 132 202 1096 0 909 17 539 174 3890 2276 2549 -273 1127 37 328 0 545 -423 333 0 -756 2672
"196303" 3758 0 3022 157 422 0 89 136 1047 0 1154 17 542 194 3879 2303 2602 -299 1055 38 344 0 547 -408 333 0 -741 2393
"196304" 3811 0 2898 159 399 0 70 107 1058 0 1088 17 578 335 3935 2301 2573 -272 1097 40 357 0 584 -444 348 0 -792 2371
"196401" 3913 0 2949 180 398 0 66 101 1194 0 993 17 620 344 4040 2365 2619 -254 1133 41 364 0 627 -490 348 0 -838 2559
"196402" 4062 0 2998 176 396 0 67 103 1170 0 1068 18 630 434 4192 2420 2655 -235 1334 41 370 0 636 -609 350 0 -959 2542
"196403" 4288 0 3212 188 485 0 83 127 1250 0 1060 19 635 441 4421 2524 2805 -281 1604 42 376 0 641 -766 352 0 -1118 2768
"196404" 4253 0 2995 167 442 0 80 122 1113 0 1051 20 677 581 4389 2427 2940 -513 1832 42 381 0 684 -977 371 0 -1348 2601
"196501" 4692 0 3143 221 433 0 79 121 1467 0 798 24 665 884 4831 2825 3165 -340 1987 44 398 0 672 -1095 373 0 -1468 2986
"196502" 4886 0 3023 196 425 0 80 122 1307 0 866 27 671 1192 5029 3003 3394 -391 1852 46 414 0 678 -964 370 0 -1334 2801
"196503" 4551 0 3244 199 482 0 89 136 1321 0 989 28 663 644 4698 2572 3077 -505 1632 48 429 0 669 -652 367 0 -1019 2890
"196504" 4257 0 2965 183 509 0 94 144 1217 0 788 30 678 614 4408 2232 2729 -497 1661 50 448 0 685 -668 369 0 -1037 2825
"196601" 4312 0 2998 204 458 0 88 135 1357 0 723 33 678 636 4467 2128 2593 -465 1649 52 464 0 684 -510 366 0 -876 2920
"196602" 4617 0 2904 201 408 0 81 124 1338 0 716 36 684 1029 4776 2070 2616 -546 1956 54 482 0 691 -477 370 0 -847 2836
"196603" 4862 0 3214 229 483 0 96 147 1521 0 700 38 674 974 5025 2350 2787 -437 1948 54 481 0 681 -489 374 0 -863 3150
"196604" 4941 0 3463 240 459 0 110 168 1595 0 850 41 721 757 5108 2570 2936 -366 1844 54 482 0 728 -570 352 0 -922 3293
"196701" 4652 0 3612 278 435 0 120 184 1846 0 705 44 741 299 4823 2467 2898 -431 1780 56 506 0 748 -734 356 0 -1090 3604
"196702" 5011 0 3618 266 407 0 149 228 1772 0 750 46 826 567 5186 2317 2769 -452 2188 59 528 0 834 -740 358 0 -1098 3648
"196703" 5040 0 3906 275 491 0 192 294 1824 0 781 49 829 305 5220 2342 3078 -736 2100 62 553 0 837 -674 360 0 -1034 3905
"196704" 5074 0 4024 261 576 0 218 334 1733 0 850 52 863 187 5259 2335 3346 -1011 1974 65 582 0 872 -569 373 0 -942 3985
"196801" 5451 0 4226 286 590 0 215 329 1901 0 850 55 867 358 5641 2307 3439 -1132 2333 69 618 0 876 -562 375 0 -937 4188
"196802" 5842 0 4333 303 608 0 198 303 2012 0 850 59 857 652 6037 2193 3504 -1311 3007 73 657 0 866 -759 379 0 -1138 4281
"196803" 5075 0 4469 323 630 0 180 275 2149 0 850 62 865 -259 5275 2298 3704 -1406 2094 76 687 0 874 -754 383 0 -1137 4422
"196804" 6011 0 4389 318 620 0 167 256 2114 0 850 64 886 736 6216 2417 3702 -1285 3105 80 721 0 894 -1001 392 0 -1393 4361
"196901" 6579 0 4702 359 622 0 166 254 2387 0 850 64 893 984 6789 2424 3900 -1476 4940 86 770 0 902 -2333 396 0 -2729 4681
"196902" 6643 0 4936 391 623 0 162 248 2598 0 850 64 976 731 6858 2385 4122 -1737 5048 88 789 0 986 -2438 402 0 -2840 4998
"196903" 7125 0 5400 451 631 0 158 242 3000 0 850 68 1046 679 7345 2589 4341 -1752 5326 96 859 0 1057 -2582 408 0 -2990 5528
"196904" 6886 0 5837 503 641 0 169 259 3343 0 850 72 1090 -41 7111 2978 4678 -1700 3093 103 929 0 1101 -1093 372 0 -1465 6005
"197001" 8196 0 6519 643 350 0 130 199 4271 0 850 76 1070 607 8426 2438 4472 -2034 7045 121 1085 0 1081 -3344 378 0 -3722 6663
"197002" 7760 0 6586 638 394 0 153 234 4236 0 850 81 1195 -21 7995 1850 4476 -2626 6663 130 1166 0 1207 -3021 383 0 -3404 6850
"197003" 8585 0 7975 807 488 0 150 229 5366 0 850 85 1170 -560 8825 1796 4396 -2600 7940 137 1228 0 1181 -3457 388 0 -3845 8210
"197004" 9031 0 9026 873 497 0 360 551 5806 0 850 89 1412 -1407 9277 2076 4383 -2307 7273 141 1267 0 1426 -2906 384 0 -3290 9499
"197101" 8909 0 8286 841 458 0 178 272 5596 0 850 91 1435 -812 9161 1271 4333 -3062 8853 146 1318 0 1449 -3876 389 0 -4265 8780
"197102" 8369 0 7925 821 277 0 161 246 5476 0 850 94 1529 -1085 8627 12 4337 -4325 10450 150 1352 0 1544 -4881 395 0 -5276 8510
"197103" 9187 0 8378 877 277 0 169 259 5857 0 850 89 1630 -821 9451 711 4513 -3802 9805 162 1454 0 1646 -4327 401 0 -4728 9069
"197104" 9678 0 8880 944 263 0 167 256 6315 0 850 85 1578 -780 9948 3249 4829 -1580 7426 167 1501 0 1594 -3989 434 0 -4423 9523
"197201" 11058 0 9699 1014 466 70 158 242 6798 0 850 101 1597 -238 11334 6344 4475 1869 3152 177 1588 0 1613 -1540 440 0 -1980 10345
"197202" 10865 0 9629 1011 369 140 138 211 6802 0 850 108 1414 -178 11148 6487 4713 1774 1861 184 1657 0 1428 -469 445 0 -914 10085
"197203" 11852 0 10676 1126 478 210 123 188 7593 0 850 108 1320 -144 12142 8212 4934 3278 1706 157 1410 0 1334 -677 450 0 -1127 11038
"197204" 14395 0 12513 1203 480 271 138 333 8818 0 1162 108 1380 502 14692 5302 6318 -1016 4244 247 2168 0 1393 1338 495 0 843 12623
"197301" 15037 0 13172 1410 352 355 137 252 9813 20 710 123 1372 493 15341 6792 4616 2176 3102 287 2515 0 1386 1259 500 0 759 13711
"197302" 15909 0 13939 1615 396 403 136 277 10461 14 534 103 1447 523 16220 6312 5312 1000 4110 299 2548 0 1462 1489 518 0 971 14749
"197303" 17067 0 14704 1337 429 477 162 252 11639 30 257 121 1634 729 17385 8040 5184 2856 2988 335 2868 0 1650 1504 536 0 968 15960
"197304" 18806 0 16436 1441 449 462 164 290 12829 52 592 157 1778 592 19131 7563 4539 3024 4508 363 3013 0 1796 1888 581 0 1307 17465
"197401" 19388 0 16829 1606 442 571 188 289 13268 60 237 168 2033 526 19720 8442 7183 1259 4210 375 3083 0 2054 1556 599 0 957 18457
"197402" 23131 0 19991 1841 465 602 220 279 16108 66 241 169 2635 505 23470 7528 5362 2166 7886 388 3259 0 2661 1748 670 0 1078 22216
"197403" 24092 0 20526 1867 416 557 244 291 16651 82 250 168 3207 359 24438 10394 7252 3142 5130 435 3741 0 3239 1499 741 0 758 23315
"197404" 27256 0 23584 2094 503 602 214 303 19081 100 518 169 3697 -25 27610 12176 6539 5637 5662 470 4030 0 3734 1538 848 0 690 26594
"197501" 26200 0 22353 1684 439 379 232 303 18614 215 304 183 3746 101 26588 11274 6218 5056 4427 493 4186 0 3783 2425 919 0 1506 25612
"197502" 27338 0 23147 2043 426 331 264 337 18970 348 262 166 3548 643 27764 10022 6079 3943 6387 533 4646 0 3583 2593 925 0 1668 26267
"197503" 26960 0 23427 2007 436 277 277 320 19344 286 315 165 3358 175 27427 9830 7359 2471 5096 648 5495 0 3392 2966 931 0 2035 26305
"197504" 28701 0 24712 2084 610 331 247 336 20310 185 430 179 3745 244 29212 8480 5094 3386 6238 844 7040 0 3783 2827 872 0 1955 27848
"197601" 28888 0 25039 2110 705 316 219 265 20574 165 443 242 3780 69 29447 8968 6496 2472 6355 762 6508 0 3818 3036 878 0 2158 28134
"197602" 29995 0 26282 2015 861 371 229 274 21519 162 617 234 3957 -244 30607 9770 6490 3280 6800 819 6811 0 3996 2411 910 0 1501 29388
"197603" 30452 0 26580 2386 783 302 235 262 21673 128 589 222 3920 -48 31121 9699 8849 850 6993 855 7147 0 3959 2468 942 0 1526 29689
"197604" 33754 0 29473 2542 1162 325 249 262 23761 89 869 214 4505 -224 34486 10616 8129 2487 8605 874 7392 0 4550 2449 999 0 1450 32895
"197701" 32265 0 28183 2720 977 258 169 252 22642 91 834 240 4539 -457 33065 9301 8942 359 7786 903 7639 0 4584 2852 1031 0 1821 31648
"197702" 32973 0 28792 2393 876 240 181 251 23816 102 694 239 4688 -507 33847 9327 9318 9 8705 946 7926 0 4735 2208 1065 0 1143 32547
"197703" 35721 0 31647 2677 1054 232 318 293 25768 81 988 236 4663 -589 36676 9162 8255 907 11130 949 8057 0 4710 2668 1099 0 1569 35086
"197704" 39181 0 34868 2619 1189 211 297 419 28505 55 1328 245 5131 -818 40224 9748 9003 745 11624 1106 9376 0 5182 3188 1170 0 2018 38426
"197801" 43004 200 38271 2903 1132 242 263 464 31496 67 1430 274 4836 -303 44143 13106 8265 4841 11098 1198 10186 0 4885 3670 1204 0 2466 41403
"197802" 46827 489 41506 3287 1283 331 206 480 34304 86 1258 271 4858 -26 48070 14798 9833 4965 11832 1268 10627 0 4906 4639 1248 0 3391 44835
"197803" 51429 474 46035 3467 1294 342 187 533 38225 96 1612 279 4390 530 52786 16055 13000 3055 12375 1476 12398 0 4434 6048 1292 0 4756 48534
"197804" 60497 578 54469 3588 1450 409 164 561 46634 103 1442 118 4830 620 61978 20191 12358 7833 14083 1797 15106 0 4930 5871 1375 0 4496 57739
"197901" 62944 617 56224 3500 1290 369 154 681 48591 119 1400 120 4890 1213 64560 20859 17142 3717 14066 1845 15296 0 4990 7504 1524 0 5980 59594
"197902" 68069 800 61343 3329 1526 359 178 700 53316 136 1680 119 5280 646 69932 23782 16474 7308 16046 2038 16821 0 5550 5695 1673 0 4022 64824
"197903" 77893 893 70589 3704 1658 394 197 1153 61490 465 1408 120 6020 391 79916 31611 20166 11445 14753 2288 18888 0 6440 5936 1822 0 4114 75081
"197904" 76332 566 69480 3981 1953 430 230 692 59809 856 1400 129 6340 -54 78529 30774 18145 12629 14840 2276 18260 0 6750 5629 1994 0 3635 74291
"198001" 77562 766 70669 3961 2010 377 261 688 61028 1248 965 131 7030 -903 79949 34809 19565 15244 10391 2221 17986 0 7450 7092 2409 0 4683 76603
"198002" 82301 788 72179 3709 2125 354 336 579 62356 1639 960 121 7617 1717 84894 35928 14070 21858 13601 2278 17802 0 8103 7182 2614 4024 544 78715
"198003" 89679 512 79271 4363 2447 353 384 600 67960 1929 1110 125 8138 1758 92497 36878 19053 17825 14716 2604 20832 0 8894 8573 2888 4563 1122 86174
"198004" 98094 719 87442 4764 2530 389 386 736 75326 2178 1016 117 7827 2106 101157 40598 17299 23299 13749 3109 25320 0 8649 9732 4617 3892 1223 94136
"198101" 98724 907 86969 4951 2343 447 387 873 74191 2558 1127 92 8462 2386 101847 39961 16159 23802 12950 3205 26537 0 9291 9903 4844 4566 493 94212
"198102" 102108 1144 88488 5414 2371 460 350 1082 73683 3054 1994 80 8954 3522 105292 42191 17526 24665 12487 3236 27172 0 10248 9958 5403 2775 1780 95368
"198103" 111346 1417 95597 5500 2431 654 347 884 80725 3427 1547 82 9190 5142 114592 49919 20929 28990 11456 3569 29931 0 10633 9084 5795 2952 337 103158
"198104" 121488 1316 97447 5808 2942 590 315 1048 81140 3916 1622 66 10875 11850 124798 26211 -10041 36252 7605 3967 32075 0 11865 43075 6553 12610 23912 106634
"198201" 106673 1393 69399 5285 3108 580 287 580 54378 4255 853 73 11246 24635 110048 29640 -5817 35457 6116 3220 27561 0 12423 31088 6780 13446 10862 79719
"198202" 106037 1312 68781 5265 2841 582 269 614 53539 4651 950 70 11493 24451 109478 26537 -9896 36433 6343 3565 30343 0 13356 29334 7178 15043 7113 79254
"198203" 108276 1547 71770 5229 2798 597 265 660 56308 4876 965 72 11361 23598 111784 25208 -16209 41417 5506 3828 32763 0 12661 31818 7518 16766 7534 82094
"198204" 107615 1663 72688 5109 3757 589 265 657 56076 4994 1165 76 11640 21624 111192 20760 -17872 38632 5920 4136 35818 0 13415 31143 7846 17067 6230 83087
"198301" 99299 1827 72762 1487 4645 555 265 695 59260 5025 745 85 10955 13755 102946 19404 -21137 40541 5446 3196 26485 500 12492 35423 8068 16273 11082 82887
"198302" 97283 1241 71153 1936 5424 523 150 744 56763 4974 553 86 11078 13811 101002 21397 -16391 37788 6271 3548 29976 1500 12432 25878 8135 16866 877 81592
"198303" 108175 938 73277 1849 5034 617 250 896 58663 4833 1052 83 13093 20867 111967 24635 -13763 38398 5751 3550 29818 2500 14553 31160 8556 16609 5995 85235
"198304" 108584 997 74605 1743 5390 648 168 1053 58692 5190 1644 77 13876 19106 112450 24577 -10288 34865 6252 3283 27076 3500 15652 32110 8697 19257 4156 86760
"198401" 112413 900 74576 794 5183 603 156 1141 60503 4422 1695 79 14623 22314 116355 24794 -9517 34311 6159 3046 25199 3739 16358 37060 8919 19167 8974 87425
"198402" 116527 1000 74080 854 5068 599 106 1776 60045 4264 1289 79 16644 24803 120546 24344 -8764 33108 6349 3453 27996 3692 18510 36202 9269 14786 12147 89356
"198403" 115076 1100 75348 795 4996 756 171 2522 60112 4407 1514 75 19793 18835 119174 25548 -6193 31741 5590 3269 26638 3926 21840 32363 10018 20041 2304 93552
"198404" 121593 1300 81905 852 4812 597 77 2818 64369 5616 2760 4 20483 17905 125772 27656 -5690 33346 5218 3773 30951 3168 22921 32085 10326 19592 2167 99624
"198501" 123974 1450 81028 887 4807 581 75 3632 63492 5453 2032 69 20038 21458 128235 24074 -6608 30682 5494 3975 32042 4264 22505 35881 10555 21362 3964 98965
"198502" 124424 1600 83916 1164 3992 590 87 4287 65559 5380 2783 74 20667 18241 128769 26114 -11306 37420 5747 3718 29251 4370 23159 36410 10710 21025 4675 101726
"198503" 130105 1700 91467 1269 4424 708 71 5506 70753 5471 3180 85 21100 15838 134536 29895 -6741 36636 6900 4141 33281 4653 23012 32654 11499 20436 719 109302
"198504" 144253 2014 102000 1178 4773 1079 0 6337 75847 5743 6953 90 22095 18144 148771 39286 927 38359 7329 4915 30721 7643 24416 34461 11377 22679 405 117052
"198601" 146009 1852 101900 820 4148 1583 0 6553 75943 6174 6580 99 22144 20113 150616 37699 4082 33617 6820 3763 30530 8066 24309 39429 11698 25592 2139 117365
"198602" 150339 2566 108994 1029 5497 2078 0 7921 80519 6587 5283 80 22035 16744 155037 44192 8129 36063 8045 4216 29935 12421 24954 31274 11967 18861 446 125666
"198603" 166382 1965 117335 1095 6298 2378 0 10125 84938 6993 5423 85 24677 22405 171173 46697 7832 38865 7660 4120 34287 12745 27909 37755 12669 24477 609 136504
"198604" 186438 2606 135412 1026 6876 2589 0 11328 97738 8675 7083 97 23777 24643 191323 55056 17906 37150 8253 7143 38284 16081 27240 39266 12394 26850 22 152009
"198701" 180920 2234 142372 1698 8194 2584 0 12752 102928 8361 5750 105 24291 12023 185901 49280 17868 31412 7474 9073 36623 15012 27218 41221 12793 27370 1058 160808
"198702" 195913 2796 145528 1213 7169 2917 0 14566 105369 9777 4407 110 29514 18075 200992 53020 12251 40769 7568 6644 40105 16363 32669 44623 12227 30929 1467 170525
"198703" 224209 2701 151757 1344 7495 3540 0 13897 108242 11235 5903 101 30440 39311 229388 64584 31146 33438 7936 6560 41160 16267 32394 60487 13158 32855 14474 176193
"198704" 235664 2190 160935 2216 6493 3832 0 14364 115099 13921 5003 7 30249 42290 240881 70043 40817 29226 7647 7772 42125 14376 33830 65088 14354 34073 16661 186174
"198801" 233220 2130 165255 1616 7502 3983 0 14575 115485 15959 6129 6 29276 36559 238612 71928 27841 44087 8175 7457 42312 16386 32744 59610 15522 38721 5367 188396
"198802" 252108 1290 176791 1489 7390 4281 0 14643 125051 17863 6060 14 30169 43858 257660 77365 29662 47703 8979 7627 41337 20825 33269 68258 15784 42946 9528 200886
"198803" 250722 1361 176632 1441 7328 4599 0 14011 123904 19955 5380 14 29238 43491 256435 69306 26129 43177 8715 8224 43542 19404 32532 74712 15685 45603 13424 200476
"198804" 265924 1074 189525 1749 6610 4922 0 13659 135603 22063 4913 6 30988 44337 271798 74076 42576 31500 8662 8302 48435 18859 34360 79104 16906 46871 15327 215594
"198901" 278682 1020 190220 1812 6196 5597 0 12448 136076 23613 4471 7 27244 60198 284714 77299 36576 40723 8444 9120 51583 14205 30500 93563 17901 50758 24904 212986
"198902" 312842 1383 192009 2014 5790 5978 0 12499 135517 25554 4649 8 29870 89580 319033 78561 30760 47801 8531 8704 52373 19483 33087 118294 17976 49358 50960 217222
"198903" 368453 917 202467 2339 5816 5185 0 13774 142279 27917 5149 8 31829 133240 374806 70266 26240 44026 9250 9239 53152 16997 34250 181652 18544 47152 115956 229139
"198904" 359209 1035 213302 2111 6432 5222 0 14726 149601 30189 5013 8 34044 110828 365723 78805 38903 39902 8389 12000 52861 21164 35386 157118 18638 49482 88998 242325
"199001" 369472 1371 215870 2158 8933 5902 0 16064 142615 35761 4429 8 29747 122484 376144 72366 24437 47929 8993 9395 52660 23038 33173 176519 19312 46650 110557 241180
"199002" 311625 1033 225531 3179 9240 6194 0 15810 147640 38545 4914 9 29234 55827 318456 78045 13533 64512 8595 9791 52164 26914 32955 109992 20121 44250 45621 249842
"199003" 323475 1318 233258 3045 10468 6541 0 16272 150625 41326 4973 8 26844 62055 330467 76856 31083 45773 9212 9020 49246 28881 32129 125123 20278 50083 54762 255121
"199004" 367121 1210 250875 4133 11424 7153 0 17672 156537 45534 8414 8 28303 86733 374275 87050 46703 40347 8744 11031 49182 29600 34501 154167 18442 47640 88085 270756
"199101" 390433 525 260078 3317 14770 7942 0 17567 159870 49129 7479 4 22983 106847 397744 90418 38138 52280 8285 12467 75379 26398 28106 156691 18890 46732 91069 275578
"199102" 367675 424 270637 3151 12523 8660 0 17542 166998 51698 10061 4 23852 72762 375146 68335 10300 58035 8047 12632 86543 30036 28010 141543 18728 42634 80181 284424
"199103" 407247 832 286730 2621 14412 9000 0 18829 176447 52546 12863 12 23641 96044 414879 83556 30074 53482 8561 13199 94740 35381 26181 153261 18976 44470 89815 297496
"199104" 438560 943 313402 3085 20843 11151 0 21370 185795 54299 16832 27 22695 101520 446353 88877 41062 47815 8946 10980 99252 38350 24906 175042 24876 47233 102933 319238
"199201" 446000 791 308621 4239 18662 11720 0 20758 184303 54208 14720 11 19458 117130 453953 106120 56500 49620 8037 10433 106197 36586 23137 163443 25488 47688 90267 313348
"199202" 481731 490 325991 4463 23598 13532 0 20697 191796 54391 17503 11 19700 135550 489843 117698 74016 43682 8109 11158 102000 51806 22045 177027 25985 51548 99494 328177
"199203" 496292 1227 335153 3166 25342 13759 0 22258 192770 53517 24329 12 18114 141798 504566 121694 89463 32231 8399 10453 107675 37050 20142 199153 26162 51706 121285 328926
"199204" 510906 652 347352 3287 29591 14084 0 22358 195725 51605 30699 3 19125 143777 519341 134299 103500 30799 8320 11224 108207 39000 21155 197136 21238 51104 124794 335775
"199301" 511266 1174 332708 2074 31813 17036 0 23120 184731 50235 23696 3 17646 159738 519859 133734 103289 30445 8340 11296 112251 33147 19304 201787 21341 41999 138447 326655
"199302" 521313 854 340637 2045 31673 17988 0 22739 186628 48999 30408 157 17008 162814 530065 141460 111753 29707 8534 11974 111516 36065 18173 202343 22569 38059 141715 327080
"199303" 528028 1482 334614 1537 31927 19021 0 23647 182514 47801 28149 18 15813 176119 536941 151336 130309 21027 9192 9886 103745 30581 16490 215711 22589 44070 149052 322260
"199304" 544600 981 350154 2405 36113 21481 0 23789 182016 45060 39287 3 15115 178350 553675 151151 132701 18450 8347 10406 107403 34683 16027 225658 24035 44541 157082 325979
"199401" 547879 614 350855 1772 39220 25089 0 23786 184688 43536 32762 2 13681 182729 557111 171325 149171 22154 8805 10159 99008 32828 14372 220614 24462 43630 152522 331772
"199402" 560936 760 349398 1915 39562 24794 0 26009 182476 42514 32126 2 13542 197236 570328 164251 149626 14625 8605 10644 96686 37012 14163 238967 24658 46560 167749 330812
"199403" 568022 645 350868 1830 37341 23970 0 27993 189032 41424 29276 2 13942 202567 577575 162391 150888 11503 8701 9158 111623 32660 14652 238390 25539 41396 171455 335532
"199404" 593082 952 362269 2170 32656 23030 0 28863 197163 40261 38124 2 12987 216874 602796 162335 158461 3874 8768 9273 109985 41376 13439 257620 26261 44072 187287 337130
"199501" 625248 419 392132 1190 53242 31240 0 30366 206162 38826 31102 4 12531 220166 635120 172061 152967 19094 8135 8689 112222 35530 13041 285442 27851 50226 207365 373557
"199502" 644363 760 417041 1817 59959 36110 0 31319 216463 37658 33707 8 12640 213922 654395 176812 153950 22862 7933 9150 113853 43845 12876 289926 28083 52251 209592 395966
"199503" 654016 473 424420 1519 58937 36165 0 33706 222778 36829 34484 2 11167 217956 664209 173133 156650 16483 8138 8860 129033 38787 11643 294615 30943 51329 212343 401101
"199504" 670938 848 436928 1745 62276 37288 0 33477 232598 35123 34414 7 10056 223106 681292 181047 173596 7451 8659 8541 121017 43158 10356 308514 32662 50734 225118 412563
"199601" 678885 454 446157 1975 67778 39111 0 32619 237676 33204 33787 7 9787 222487 689399 190169 167565 22604 8564 8250 125439 41506 10033 305438 32726 52693 220019 422150
"199602" 687125 586 461119 1484 72038 40505 0 32826 249359 32310 32590 7 8612 216808 697798 179839 162352 17487 8727 7653 130164 53409 8780 309226 30752 52851 225623 437134
"199603" 693135 649 473838 1399 71857 43387 0 34908 261783 32228 28271 5 8611 210037 703969 178971 159134 19837 7988 7613 151776 46907 8898 301816 31394 59431 210991 454173
"199604" 720860 1119 506965 2259 80714 49722 0 36628 264847 32223 40569 3 9443 203333 731856 178554 162083 16471 7998 8676 176597 55141 9643 295247 30266 64468 200513 475836
"199701" 737827 653 531260 543 93987 54772 0 38808 271289 30765 41093 3 9314 196600 748980 165316 133988 31328 8001 19439 180660 58956 9738 306870 31648 79358 195864 499478
"199702" 768567 1019 544151 486 85764 57467 0 38645 281244 28277 52265 3 9891 213506 779880 144666 119129 25537 8857 16773 204624 65291 10347 329322 34970 74288 220064 501774
"199703" 774456 590 538105 428 90508 60320 0 39628 273449 27611 46161 0 9015 226746 785930 144684 127781 16903 8255 13104 218865 61014 9249 330759 36685 82895 211179 500959
"199704" 819140 2910 567189 382 95073 62196 0 41343 284049 26097 58049 0 6911 242130 830775 148188 144436 3752 8817 13078 221293 80694 7215 351490 38765 78803 233922 516051
"199801" 802288 876 572730 289 99679 67245 0 43530 278246 23957 59784 0 5243 223439 814081 116062 97996 18066 8303 12301 244468 89345 5511 338091 38740 87532 211819 518189
"199802" 806593 1693 590239 375 103805 70462 0 40548 284525 23026 67498 0 3861 210800 818546 122667 102831 19836 8842 14613 240830 103469 3996 324129 38940 79295 205894 526602
"199803" 854066 772 580739 247 86352 65883 0 42410 289173 22840 73834 0 3390 269165 866180 100577 84043 16534 8323 9692 255995 112609 3541 375443 43539 89468 242436 510295
"199804" 816478 998 568704 283 84795 67436 0 46919 282385 20396 66490 0 2244 244532 828753 93189 92743 446 8584 9358 257580 100381 2406 357255 46133 90559 220563 504458
"199901" 789472 543 546110 245 85984 70019 0 41737 270627 18362 59136 0 1995 240824 801905 82912 73070 9842 8882 7884 255734 97871 2132 346490 45841 89790 210859 488969
"199902" 772377 1208 522199 251 83161 64669 0 41147 257634 17147 58190 0 1570 247400 784969 70862 62435 8427 7865 6892 250679 101381 2100 345190 60372 88473 196345 465579
"199903" 760149 493 532500 417 92495 69718 0 38907 257322 16871 56770 0 1398 225758 772903 76242 61702 14540 8148 7294 258480 85828 1821 335090 60815 102479 171796 477128
"199904" 763455 1436 543020 636 94503 72350 0 42356 260000 15940 57235 0 1630 217369 776370 48199 41524 6675 9138 7524 314773 82526 2003 312207 61972 93031 157204 487415
"200001" 724226 457 548153 767 89739 71690 0 43220 259246 16652 66839 0 1644 173972 737300 -14249 -22792 8543 8250 7200 323242 83204 1959 327694 62962 114567 150165 482958
"200002" 743159 617 557274 785 84355 70440 0 43044 261423 17204 80023 0 1730 183538 756393 12993 3636 9357 9321 7451 308192 104920 2029 311487 63215 114542 133730 478981
"200003" 782295 432 575881 695 91203 70789 0 43678 261057 17004 91455 0 1627 204355 795690 240 -4346 4586 8039 6464 320176 120947 1940 337884 64604 119921 153359 486053
"200004" 804818 477 610179 569 94029 72703 0 50686 274583 17128 100481 0 1606 192556 818374 7383 -15534 22917 8740 7159 318221 134843 1962 340066 64236 138669 137161 511304
"200101" 777738 556 624431 588 97915 75316 0 47759 276428 17111 109314 0 1476 151275 791452 -17160 -34061 16901 8235 7572 337541 140555 1819 312890 63950 134244 114696 516593
"200102" 769220 460 588966 0 102192 56905 0 65330 258928 16739 88872 0 1222 178572 783094 -16595 -57185 40590 8072 13412 335277 116578 1353 324997 67988 126241 130768 501316
"200103" 768738 628 582863 0 108594 56271 0 67395 258265 17889 74449 0 910 184337 782773 -1805 -34211 32406 8503 9033 327144 107209 1030 331659 68312 109261 154086 509324
"200104" 810659 627 603000 0 103830 50682 0 81292 256059 17867 93270 0 1010 206022 824855 -9293 -50875 41582 9095 11638 371525 123856 1089 316945 67207 108718 141020 510740
"200201" 789207 563 584513 0 94055 51681 0 76807 265860 18252 77858 0 996 203135 803561 -13318 -58728 45410 8094 8464 417743 96144 966 285468 68268 102208 114992 507651
"200202" 811839 980 601443 0 105714 55258 0 76983 255205 18593 89690 0 850 208566 826352 -54498 -97933 43435 7456 9735 419073 121385 939 322262 68928 123404 129930 512603
"200203" 824001 942 610625 0 114976 61487 0 79899 244858 19016 90389 0 983 211451 838676 -29150 -69508 40358 7543 8276 385437 139336 1066 326168 69141 116654 140373 521219
"200204" 822958 1232 615027 0 116699 61559 0 81589 237468 18989 98723 0 624 206075 837794 -52233 -83128 30895 8444 9387 346395 163373 655 361773 73305 127291 161177 516928
"200301" 809171 1126 631750 0 44507 60338 0 163276 235965 19000 108664 0 531 175764 824165 -56164 -88326 32162 7951 8907 357264 191089 538 314580 77126 127473 109981 523617
"200302" 787265 1145 616744 0 44497 63426 0 166494 226891 19543 95893 0 440 168936 802418 -65732 -89389 23657 9599 9086 345797 197052 458 306158 77000 126110 103048 521291
"200303" 763771 2424 592119 0 39872 55002 0 161443 210399 24189 101214 0 484 168744 779086 -64472 -91384 26912 9086 9790 344867 167160 470 312185 76854 122928 112403 491389
"200304" 776961 854 599212 0 33412 53263 0 159777 225749 17502 109509 0 614 176281 792437 -68905 -95348 26443 9541 10180 354930 157700 592 328399 85195 134697 108507 490317
"200401" 789610 1114 628694 0 36540 50463 0 169672 222889 17782 131348 0 527 159275 805245 -110651 -149024 38373 9027 11184 394858 165623 550 334654 85516 158950 90188 497873
"200402" 766382 866 622022 0 33488 53519 0 161120 224904 15063 133928 0 552 142942 782177 -131364 -182439 51075 8569 10430 416802 187091 576 290073 86702 136478 66893 488646
"200403" 717263 1052 623506 0 34385 50170 0 166032 218000 15606 139313 0 629 92076 733219 -151899 -185334 33435 8755 9317 422468 187168 651 256759 98728 151060 6971 484822
"200404" 664148 713 606285 0 27725 51839 0 182210 233968 16866 93677 0 710 56440 680265 -135749 -167913 32164 8722 9496 430322 157508 736 209230 122674 167746 -81190 513318
"200501" 748741 691 685132 0 32173 50923 0 218526 250975 17811 114724 0 619 62299 765016 -108010 -165407 57397 11295 10822 447129 146440 641 256699 128107 169130 -40538 571027
"200502" 803987 1141 727334 0 27352 57916 0 233342 262791 18466 127467 0 745 74767 820422 -112932 -138637 25705 8318 10213 462933 160778 759 290353 130229 184756 -24632 600612
"200503" 860253 890 773525 0 27529 51132 0 263545 273386 21624 136309 0 768 85070 876849 -133436 -176353 42917 8833 10008 495217 169635 780 325812 131083 189781 4948 637984
"200504" 818064 895 792141 0 27843 50944 0 262765 294685 20848 135056 0 761 24267 834821 -141703 -176695 34992 9264 10041 501704 190928 770 263817 130184 188781 -55148 657846
"200601" 845464 926 830998 0 24043 44290 0 273000 312564 21519 155582 0 738 12802 862379 -141559 -182068 40509 8939 11724 552406 179944 756 250169 136580 212905 -99316 676154
"200602" 872930 906 875699 0 26992 51678 0 283228 325484 23165 165152 0 701 -4376 890004 -171172 -198748 27576 9291 11066 566256 192984 717 280862 137864 214981 -71983 711248
"200603" 845772 668 907361 0 29877 51905 0 284178 346317 23306 171778 0 664 -62921 863008 -187546 -231972 44426 8259 17152 615865 217331 700 191247 142367 211805 -162925 736247
"200604" 828188 604 946767 0 26795 55099 0 292526 361792 24925 185630 0 446 -119629 844582 -213028 -255254 42226 9260 18595 634518 239915 491 154831 135391 197338 -177898 761583
"200701" 839346 739 1003454 0 31250 54393 0 315147 377076 27669 197919 0 320 -165167 860220 -287703 -352035 64332 10452 20540 727006 245974 336 143615 139260 231086 -226731 805855
"200702" 910844 996 1036129 0 23261 56526 0 348501 396631 29990 181220 0 392 -126673 929578 -304012 -344884 40872 12802 23042 761262 240472 411 195601 143022 240738 -188159 855301
"200703" 1042187 787 1099411 0 30131 58065 0 352571 438516 35219 184909 0 277 -58288 1061945 -341800 -352973 11173 9787 25118 852182 235923 290 280445 155544 225287 -100386 914779
"200704" 1047987 978 1151397 0 30403 57135 0 369498 466764 38993 188604 0 493 -104881 1067497 -404108 -424617 20509 11829 25499 907902 226279 511 299585 107242 241003 -48660 963286
"200801" 1146566 1115 1140239 0 37893 54358 0 384441 484940 39853 138753 1 348 4864 1159523 -447830 -496050 48220 14888 31595 954203 214737 369 391561 117121 240432 34008 1001833
"200802" 1149684 690 1100549 0 35019 53932 0 360390 486927 41047 123233 1 311 48134 1160389 -504489 -541968 37479 14109 29416 983596 196858 332 440567 122606 237281 80680 977626
"200803" 1220575 34090 1085756 0 30815 44714 0 356623 506345 41721 105538 0 0 100729 1236597 -429666 -431577 1911 12341 22066 937230 179943 0 514683 124222 192610 197851 980218
"200804" 1624785 238954 1125998 0 35496 50497 0 401603 531910 44163 62329 0 0 259833 1639580 -163658 -179901 16243 13538 25575 784693 129986 0 849446 92565 276634 480247 1063669
"200901" 1505386 213623 1070648 0 44742 45573 0 352323 506314 44235 77461 0 0 221115 1520252 -233349 -250745 17396 13786 26193 761505 134316 0 817801 91210 269335 457256 993187
"200902" 1300221 145466 963424 0 33190 38705 0 304278 470885 43106 73260 0 0 191331 1316284 -404300 -439262 34962 14976 24124 829197 172386 0 679901 92074 224457 363370 890164
"200903" 1308511 229403 919449 0 56446 35187 0 289772 432564 40510 64970 0 0 159659 1325397 -359381 -386929 27548 14829 26976 893930 178533 0 570510 95984 199120 275406 854479
"200904" 1267810 284089 844248 0 61423 32051 0 244865 406523 37808 61578 0 0 139473 1283985 -322393 -356098 33705 16126 29928 958619 170255 0 431450 111913 200911 118626 782670
"201001" 1307371 331433 845176 0 63053 31435 0 236588 403890 37876 72334 0 0 130762 1323176 -257493 -305515 48022 16371 30239 904742 195258 0 434059 115526 186867 131666 772842
"201002" 1368676 299051 843592 0 58712 30384 0 252400 387256 36209 78631 0 0 226033 1384236 -250951 -307244 56293 16429 31569 836571 216056 0 534562 118601 150402 265559 764961
"201003" 1493919 315035 987184 0 73408 30192 0 362532 386556 35311 99185 0 0 191700 1511329 -306228 -359349 53121 18537 50751 886468 231673 0 630128 120894 177067 332167 887999
