"DATES" "FL794104005.Q" "FL793169175.Q" "FL403161705.Q" "FL413065005.Q" "FL793163005.Q" "FL693168005.Q" "FL793169005.Q" "FL643165005.Q" "FL794104005.Q" "FL764104005.Q" "FL724104005.Q" "FL753169600.Q" "FL734104005.Q" "FL444104005.Q" "FL473169333.Q" "FL543169333.Q" "FL404104005.Q" "FL413065005.Q" "FL674190005.Q" "FL614104005.Q" "FL644104005.Q" "FL664104005.Q" "FL504104005.Q"
"195201" 9337 1781 1941 45 1558 3423 589 0 9337 463 370 93 0 659 0 0 1941 45 0 6229 0 0 0
"195202" 9871 1923 2038 47 1640 3570 653 0 9871 420 336 84 0 724 0 0 2038 47 0 6642 0 0 0
"195203" 10303 2090 2128 50 1612 3708 715 0 10303 459 367 92 0 793 0 0 2128 50 0 6873 0 0 0
"195204" 11060 1915 2102 53 1682 4444 864 0 11060 497 398 99 0 953 0 0 2102 53 0 7455 0 0 0
"195301" 11043 2070 1996 55 2075 4236 611 0 11043 460 368 92 0 679 0 0 1996 55 0 7853 0 0 0
"195302" 11688 1951 2010 56 2624 4329 718 0 11688 432 346 86 0 789 0 0 2010 56 0 8401 0 0 0
"195303" 12553 2229 2127 58 2911 4427 801 0 12553 520 416 104 0 875 0 0 2127 58 0 8973 0 0 0
"195304" 12656 2222 2099 60 3057 4266 952 0 12656 579 463 116 0 1034 0 0 2099 60 0 8884 0 0 0
"195401" 12055 2454 1871 61 3092 3947 630 0 12055 586 469 117 0 700 0 0 1871 61 0 8837 0 0 0
"195402" 12278 2355 1967 62 3124 4095 675 0 12278 595 476 119 0 755 0 0 1967 62 0 8899 0 0 0
"195403" 12165 2331 2092 70 2930 4053 689 0 12165 615 492 123 0 773 0 0 2092 70 0 8615 0 0 0
"195404" 12281 2373 2064 78 2759 4140 867 0 12281 882 706 176 0 962 0 0 2064 78 0 8295 0 0 0
"195501" 12616 2612 2045 86 2852 4319 702 0 12616 815 652 163 0 776 0 0 2045 86 0 8894 0 0 0
"195502" 13527 2667 2361 95 2775 4612 1017 0 13527 662 530 132 0 1115 0 0 2361 95 0 9294 0 0 0
"195503" 14591 2649 2602 105 2944 5000 1291 0 14591 678 542 136 0 1416 0 0 2618 105 0 9774 0 0 0
"195504" 15266 2387 3005 116 3156 5119 1483 0 15266 648 518 130 0 1564 0 0 3071 116 0 9867 0 0 0
"195601" 16175 2964 3111 127 3724 5085 1164 0 16175 667 534 133 0 1236 0 0 3137 127 0 11008 0 0 0
"195602" 16796 2932 3316 138 3954 5189 1267 0 16796 691 553 138 0 1282 0 0 3410 138 0 11275 0 0 0
"195603" 17515 3000 3559 143 4192 5381 1240 0 17515 813 650 163 0 1267 0 0 3657 143 0 11635 0 0 0
"195604" 17884 2849 3448 149 4459 5390 1589 0 17884 977 782 195 0 1350 0 0 3809 149 0 11599 0 0 0
"195701" 18654 3440 3845 157 4893 5147 1172 0 18654 1029 823 206 0 1051 0 0 4056 157 0 12361 0 0 0
"195702" 19069 3195 4446 166 5107 5073 1082 0 19069 989 791 198 0 1183 0 0 4449 166 0 12282 0 0 0
"195703" 20137 3481 4635 170 5532 5082 1237 0 20137 1209 967 242 0 1230 0 0 4753 170 0 12775 0 0 0
"195704" 20766 3644 4848 173 5696 5059 1346 0 20766 1320 1056 264 0 1381 0 0 4929 173 0 12963 0 0 0
"195801" 21168 4436 4728 175 5976 5150 703 0 21168 1544 1235 309 0 789 0 0 4735 175 0 13925 0 0 0
"195802" 20965 4082 4625 177 5874 5278 929 0 20965 1366 1093 273 0 1036 0 0 4625 177 0 13761 0 0 0
"195803" 20383 3778 4840 183 5542 5011 1029 0 20383 1294 1035 259 0 1136 0 0 4859 183 0 12911 0 0 0
"195804" 20969 3395 4925 190 5554 5547 1358 0 20969 1206 965 241 0 1445 0 0 4985 190 0 13143 0 0 0
"195901" 21948 3792 5041 195 5716 6032 1172 0 21948 1065 852 213 0 1205 0 0 5126 195 0 14357 0 0 0
"195902" 24239 4036 5910 201 5917 6596 1579 0 24239 993 794 199 0 1676 0 0 5952 201 0 15417 0 0 0
"195903" 26019 3885 6722 202 6238 7142 1830 0 26019 964 771 193 0 1974 0 0 6757 202 0 16122 0 0 0
"195904" 27690 4050 7120 203 6544 7500 2273 0 27690 1163 930 233 0 2387 0 0 7259 203 0 16678 0 0 0
"196001" 29522 5448 6956 204 7812 7350 1752 0 29522 1380 1104 276 0 1690 0 0 7188 204 0 19060 0 0 0
"196002" 30907 5476 7610 206 8436 7409 1770 0 30907 1396 1117 279 0 1941 0 0 7610 206 0 19754 0 0 0
"196003" 31215 5631 7726 204 9052 6810 1792 0 31215 1685 1348 337 0 1888 0 0 7782 204 0 19656 0 0 0
"196004" 32545 5775 7860 201 9780 6911 2018 0 32545 2047 1638 409 0 2199 0 0 7897 201 0 20201 0 0 0
"196101" 31405 6708 7378 201 10230 5398 1490 0 31405 2253 1802 451 0 1628 0 0 7391 201 0 19932 0 0 0
"196102" 32059 6504 7715 200 10462 5309 1869 0 32059 2294 1835 459 0 2029 0 0 7715 200 0 19821 0 0 0
"196103" 32890 6304 8213 244 10382 5614 2133 0 32890 2446 1957 489 0 2289 0 0 8222 244 0 19689 0 0 0
"196104" 34880 6302 8474 290 10502 6546 2766 0 34880 2710 2168 542 0 2858 0 0 8578 290 0 20444 0 0 0
"196201" 34516 7107 8851 312 10672 5379 2195 0 34516 2523 2018 505 0 2298 0 0 8895 312 0 20488 0 0 0
"196202" 36049 7138 9188 336 10513 6107 2767 0 36049 2365 1892 473 0 2887 0 0 9188 336 0 21273 0 0 0
"196203" 37271 7518 9740 373 10314 6246 3080 0 37271 2304 1843 461 0 3163 0 0 9774 373 0 21657 0 0 0
"196204" 39433 7478 9988 413 10833 7153 3568 0 39433 2676 2141 535 0 3633 0 0 10077 413 0 22634 0 0 0
"196301" 38234 8502 9123 453 11245 6334 2577 0 38234 2615 2092 523 0 2609 0 0 9186 453 0 23371 0 0 0
"196302" 41012 8990 10028 495 11227 7002 3270 0 41012 2724 2179 545 0 3442 0 0 10028 495 0 24323 0 0 0
"196303" 43058 8811 10700 509 11402 7612 4024 0 43058 2771 2224 547 0 4219 0 0 10700 509 0 24859 0 0 0
"196304" 46630 8741 11524 525 12384 8672 4784 0 46630 3152 2568 584 0 5028 0 0 11524 525 0 26401 0 0 0
"196401" 46498 9975 10953 551 13475 7376 4168 0 46498 3553 2926 627 0 4336 0 0 10953 551 0 27105 0 0 0
"196402" 50111 10387 11685 581 14040 8645 4773 0 50111 3713 3077 636 0 4998 0 0 11689 581 0 29130 0 0 0
"196403" 50715 10654 11795 602 14625 8068 4971 0 50715 3884 3243 641 0 5081 0 0 11929 602 0 29219 0 0 0
"196404" 52951 10736 11937 624 15525 8673 5456 0 52951 4192 3508 684 0 5610 0 0 12068 624 0 30457 0 0 0
"196501" 53296 11688 12056 676 16015 8087 4774 0 53296 4251 3579 672 0 4953 0 0 12083 676 0 31333 0 0 0
"196502" 57836 12164 13234 730 16081 10041 5586 0 57836 4879 4201 678 0 5901 0 0 13234 730 0 33092 0 0 0
"196503" 59238 12284 13725 797 15885 10616 5931 0 59238 4864 4195 669 0 6185 0 0 13854 797 0 33538 0 0 0
"196504" 61872 11929 13846 869 16730 12165 6333 0 61872 5016 4331 685 0 6456 0 0 14182 869 0 35349 0 0 0
"196601" 63728 13636 14810 949 17121 11287 5925 0 63728 5055 4371 684 0 6079 0 0 15048 949 0 36597 0 0 0
"196602" 68980 13684 17380 1033 17438 12662 6783 0 68980 5148 4457 691 0 7350 0 0 17380 1033 0 38069 0 0 0
"196603" 69892 14061 18111 1167 17862 11115 7576 0 69892 5098 4417 681 0 7705 0 0 18512 1167 0 37410 0 0 0
"196604" 72854 15662 18904 1314 18330 11606 7038 0 72854 5333 4605 728 0 7467 0 0 19007 1314 0 39733 0 0 0
"196701" 70708 17557 18258 1480 18630 9552 5231 0 70708 5638 4890 748 0 5442 0 0 18314 1480 0 39834 0 0 0
"196702" 69946 17537 17613 1660 18263 10571 4302 0 69946 6092 5258 834 0 4562 0 0 17613 1660 0 40019 0 0 0
"196703" 70493 17677 17410 1821 18471 10495 4619 0 70493 6142 5305 837 0 4384 0 0 17907 1821 0 40239 0 0 0
"196704" 73573 18411 18350 1988 19298 11104 4422 0 73573 6323 5451 872 0 4778 0 0 18386 1988 0 42098 0 0 0
"196801" 74575 20024 19462 2169 19448 9101 4331 40 74575 6342 5466 876 0 4558 0 0 19524 2169 0 41837 145 0 0
"196802" 78971 20440 20856 2359 19447 10844 4945 80 78971 6468 5602 866 0 5248 0 0 20912 2359 0 43697 287 0 0
"196803" 79304 20418 21011 2444 19385 10566 5320 160 79304 6592 5718 874 0 5368 0 0 21305 2444 0 43100 495 0 0
"196804" 83982 21396 21579 2526 19895 12844 5542 200 83982 6693 5799 894 0 5718 0 0 21862 2526 0 46417 766 0 0
"196901" 86116 24053 22728 2616 19255 11776 5331 357 86116 6806 5704 902 200 5679 0 0 22728 2616 0 47305 982 0 0
"196902" 94275 26817 25059 2701 18802 14115 6413 368 94275 8183 5952 986 1245 6797 0 0 25059 2701 0 50437 1098 0 0
"196903" 100945 29985 27756 2949 19644 12293 7940 378 100945 9894 6242 1057 2595 8354 0 0 27756 2949 0 50754 1238 0 0
"196904" 111544 32750 30645 3204 20927 14299 9289 430 111544 11837 6442 1101 4294 9816 0 0 30645 3204 0 54562 1480 0 0
"197001" 117945 36646 34278 3499 20527 12817 9745 433 117945 14881 6385 1081 7415 10097 0 0 34278 3499 0 53664 1526 0 0
"197002" 124554 38090 35822 3713 20813 15432 10236 448 124554 16707 6919 1207 8581 10577 0 0 35822 3713 0 55990 1745 0 0
"197003" 123231 33786 37415 4132 21484 15369 10525 520 123231 13688 6835 1181 5672 10822 0 0 37415 4132 0 55360 1814 0 0
"197004" 127763 33067 38879 4755 23468 16433 10615 546 127763 12713 7838 1426 3449 11038 0 0 38879 4755 0 58199 2179 0 0
"197101" 127028 31607 37848 5957 25053 16291 9690 582 127028 13606 8346 1449 3811 9937 0 0 37848 5957 0 57095 2585 0 0
"197102" 128026 31767 36924 7572 25524 18382 7241 616 128026 14210 8815 1544 3851 7901 0 0 36924 7572 0 58408 3011 0 0
"197103" 131000 32477 38635 8369 26530 16719 7637 633 131000 15046 9358 1646 4042 8402 0 0 38635 8369 0 57093 3455 0 0
"197104" 138851 33847 40021 9516 28205 18646 7936 680 138851 15169 9364 1594 4211 9021 0 0 40021 9516 0 61013 4111 0 0
"197201" 140542 34142 40451 10542 29941 18745 5992 729 140542 16394 9938 1613 4843 6741 0 0 40451 10542 0 61117 5297 0 0
"197202" 145917 33380 41885 11748 31703 20195 6075 931 145917 15942 9335 1428 5179 7239 0 0 41885 11748 0 62740 6363 0 0
"197203" 150180 32919 42553 12815 33141 20973 6736 1043 150180 16534 9094 1334 6106 8029 0 0 42553 12815 0 63113 7136 0 0
"197204" 162790 34720 43542 14404 35622 25373 7979 1150 162790 17883 9701 1393 6789 9501 0 0 43542 14404 0 68710 8750 0 0
"197301" 168759 35109 45546 15160 37331 25919 8420 1274 168759 18903 9601 1386 7916 9918 0 0 45546 15160 0 69303 9929 0 0
"197302" 184207 37063 50584 16615 37868 29520 11145 1412 184207 20224 9806 1462 8956 12807 0 0 50584 16615 0 72733 11244 0 0
"197303" 197952 39558 56671 17057 39093 29858 14298 1417 197952 22280 10542 1650 10088 16191 0 0 56671 17057 0 73193 12560 0 0
"197304" 209781 41672 59837 18040 41014 32621 15147 1450 209781 23075 11320 1796 9959 17068 0 0 59837 18040 0 78066 13695 0 0
"197401" 214850 45708 59877 19709 41121 31922 14995 1518 214850 25843 12414 2054 11375 16582 0 0 59877 19709 0 78454 14385 0 0
"197402" 229607 48184 65391 20132 42522 34209 17642 1527 229607 30177 14955 2661 12561 19505 0 0 65391 20132 0 80615 13787 0 0
"197403" 246914 52702 73048 20537 44469 33721 20882 1555 246914 35002 17256 3239 14507 22984 0 0 73158 20537 0 81340 13893 0 0
"197404" 258296 55119 76439 21458 47941 33260 22499 1580 258296 37351 19225 3734 14392 23276 0 0 77134 21458 0 85108 13969 0 0
"197501" 253477 55480 76072 24420 48929 27881 19117 1578 253477 38286 19454 3783 15049 19067 0 0 77025 24420 0 81439 13240 0 0
"197502" 252089 54637 76022 25603 49081 27146 18050 1550 252089 36938 18681 3583 14674 17864 0 0 77269 25603 0 82816 11599 0 0
"197503" 249109 53028 76956 26785 50509 21433 18890 1508 249109 36019 17996 3392 14631 18778 0 0 78364 26785 0 79293 9870 0 0
"197504" 260444 56429 78781 28511 56064 19745 19404 1510 260444 42047 19610 3783 18654 19080 0 0 80340 28511 0 81727 8739 0 0
"197601" 260873 56795 79029 31152 56298 18737 17291 1571 260873 42667 19922 3818 18927 16707 0 0 80563 31152 0 81826 7958 0 0
"197602" 266013 57290 79556 34026 58562 18078 16808 1693 266013 43890 20886 3996 19008 16139 0 0 81090 34026 0 83267 7601 0 0
"197603" 271207 57618 80871 36984 60344 16040 17552 1798 271207 44689 20836 3959 19894 16902 0 0 82361 36984 0 82850 7421 0 0
"197604" 283935 62458 81241 40693 63015 17494 17034 2000 283935 48607 23359 4550 20698 16819 0 0 82413 40693 0 88528 6875 0 0
"197701" 288977 63901 82118 45418 64550 16138 14872 1980 288977 49596 23547 4584 21465 15702 0 0 82528 45418 0 89477 6256 0 0
"197702" 304325 68316 84671 47980 68973 16350 16147 1888 304325 51797 24332 4735 22730 17862 0 0 85101 47980 0 95983 5602 0 0
"197703" 314356 68365 86022 52412 70516 17646 17564 1831 314356 52815 24390 4710 23715 19098 0 0 86532 52412 0 98289 5210 0 0
"197704" 337775 75134 88197 56803 75277 19866 20688 1810 337775 56140 26444 5182 24514 22720 0 0 88712 56803 0 108373 5027 0 0
"197801" 346717 75985 92621 59512 77088 18139 21868 1504 346717 55889 25258 4885 25746 23923 0 0 93211 59512 0 109695 4487 0 0
"197802" 369572 80809 99279 62611 79145 20115 25964 1649 369572 58175 25442 4906 27827 28447 0 0 99969 62611 0 116017 4353 0 0
"197803" 383203 79545 105268 65755 79623 21302 29903 1807 383203 57034 23595 4434 29005 33821 0 0 106013 65755 0 116170 4410 0 0
"197804" 412516 89077 111266 70407 81853 24368 33585 1960 412516 63161 26182 4930 32049 37756 0 0 112181 70407 0 124632 4379 0 0
"197901" 427103 94963 117354 75627 82605 21626 32911 2017 427103 64000 26475 4990 32535 35261 0 0 118384 75627 0 129448 4383 0 0
"197902" 453808 104595 122559 80506 82812 25121 36211 2004 453808 69154 28648 5550 34956 39341 0 0 123699 80506 0 136704 4404 0 0
"197903" 475582 109697 126976 87309 82166 27597 39871 1966 475582 74945 32190 6440 36315 43806 0 0 128251 87309 0 137196 4075 0 0
"197904" 504906 115914 135522 94778 85429 27969 43343 1951 504906 76351 33459 6750 36142 47907 0 0 137027 94778 0 144701 4142 0 0
"198001" 526134 119384 144295 99954 87159 27493 45907 1942 526134 81984 36032 7450 38502 50101 0 0 146080 99954 0 144009 4006 0 0
"198002" 539021 122437 148876 104016 90588 26630 44544 1930 539021 86310 39283 8103 38924 47898 0 0 151056 104016 0 133099 3943 0 12699
"198003" 553182 123806 150744 109691 92227 28289 46506 1919 553182 88043 39487 8894 39662 50694 0 0 153089 109691 0 134484 3763 0 13418
"198004" 578082 128839 159926 113959 93021 28744 51683 1910 578082 91350 39855 8649 42846 55375 0 0 162646 113959 0 138474 3755 0 12523
"198101" 591334 136284 163383 117260 92019 27908 52570 1910 591334 95138 43380 9291 42467 55375 0 0 166778 117260 0 138898 3797 0 14088
"198102" 626088 147180 173398 120851 93275 29977 59495 1912 626088 101338 44491 10248 46599 62191 0 0 176798 120851 0 146813 3730 0 14367
"198103" 665661 158401 186719 124370 94084 31522 68647 1918 665661 108236 46294 10633 51309 71347 0 0 191019 124370 0 149662 3758 0 17269
"198104" 682355 161519 190431 128986 98882 30813 69794 1930 682355 112980 48272 11865 52843 71377 0 0 195031 128986 0 153439 3729 0 16813
"198201" 698973 161243 192214 137628 102155 32619 71162 1952 698973 116920 49663 12423 54834 72587 0 0 197214 137628 0 153015 3681 0 17928
"198202" 735272 174378 201009 146951 103797 32753 74398 1986 735272 124081 52104 13356 58621 75698 0 0 206009 146951 0 158771 3704 0 20058
"198203" 750205 167826 207102 160231 107898 32486 72642 2020 750205 121991 52645 12661 56685 74217 0 0 212102 160231 0 155585 3724 0 22355
"198204" 778076 174175 205373 178519 113667 33298 71001 2043 778076 131932 58388 13415 60129 72488 0 0 210373 178519 0 158294 3714 0 22756
"198301" 785094 168337 202193 196517 116157 34365 65467 2058 785094 128187 54214 12492 61481 66642 0 0 207193 196517 0 160939 3709 46 21861
"198302" 811682 176252 202669 213061 118018 34635 64980 2067 811682 132948 56732 12432 63784 65753 0 0 207669 213061 220 165489 3614 74 22854
"198303" 844480 182450 203580 231538 125138 34896 64807 2071 844480 142308 59097 14553 68658 65268 0 0 208580 231538 2229 168227 3544 122 22664
"198304" 882672 195463 206780 244807 131309 35829 66416 2068 882672 152092 62970 15652 73470 66786 0 0 211780 244807 3655 173769 3457 377 25949
"198401" 907561 201969 212323 255930 131762 38045 65382 2150 907561 149019 60277 16358 72384 69348 0 0 217323 255930 5630 179434 4121 128 26628
"198402" 957288 212570 221368 263344 141530 42417 73772 2287 957288 169267 68126 18510 82631 78506 0 0 226368 263344 7600 186328 4860 337 20678
"198403" 1001248 213566 233824 275538 152113 42780 81010 2417 1001248 167974 62109 21840 84025 86104 0 0 238824 275538 9570 189310 5587 515 27826
"198404" 1052439 219490 237210 288987 176649 44831 82793 2479 1052439 175914 63467 22921 89526 90348 0 0 242210 288987 21339 199169 6289 1071 27112
"198501" 1084216 226243 241132 304033 186221 41016 83082 2489 1084216 177962 61819 22505 93638 90545 0 0 246132 304033 25928 202500 6568 382 30166
"198502" 1131883 228196 249936 321090 202811 39085 88264 2501 1131883 178959 58974 23159 96826 96490 0 0 254936 321090 29733 212772 6909 548 30446
"198503" 1197392 243014 253532 343332 213489 46582 94927 2516 1197392 182037 58468 23012 100557 106088 0 0 258832 343332 33294 230170 7292 622 35725
"198504" 1257314 252396 257795 367864 233108 44588 99029 2534 1257314 188338 57766 24416 106156 111351 0 0 263880 367864 37174 241024 7636 1342 38705
"198601" 1308856 258389 256553 394587 256496 42424 97739 2668 1308856 181677 55007 24309 102361 110135 0 0 262753 394587 45700 253962 8076 990 50976
"198602" 1401463 269457 261301 429072 279499 53435 105804 2895 1401463 190335 54117 24954 111264 119815 0 0 267790 429072 53248 275039 8892 1696 55576
"198603" 1489775 276177 267223 475896 297952 59899 109747 2881 1489775 194342 53761 27909 112672 127376 0 0 273279 475896 59601 290290 9733 1322 57936
"198604" 1593574 284632 273010 531591 325358 56933 119260 2790 1593574 195918 51865 27240 116813 135659 0 0 278730 531591 74723 301542 13329 3397 58685
"198701" 1667435 295351 268376 575435 357605 50958 116829 2881 1667435 206528 52725 27218 126585 136330 0 0 273376 575435 93201 303341 14118 2952 62154
"198702" 1761770 311098 275771 615142 379851 51869 125154 2885 1761770 216475 52266 32669 131540 144229 0 0 280741 615142 104156 310998 16628 3340 70061
"198703" 1831030 312477 283725 647084 407261 46456 131105 2922 1831030 216397 50304 32394 133699 150371 0 0 288695 647084 116076 319401 18925 4022 70059
"198704" 1895513 322909 303214 669394 403960 48630 144296 3110 1895513 217414 52505 33830 131079 164357 0 0 308184 669394 118309 313552 21312 3248 79743
"198801" 1926936 331452 313519 677841 414970 45364 140693 3097 1926936 212686 48123 32744 131819 161410 0 0 318489 677841 130381 304862 22009 3498 95760
"198802" 2001718 352867 317882 695315 436356 50195 145988 3115 2001718 218148 47883 33269 136996 168064 0 0 322852 695315 138970 323365 22854 5327 106823
"198803" 2056405 357934 328487 721137 446377 46822 152557 3091 2056405 217153 48338 32532 136283 174485 0 0 333457 721137 145774 319849 22941 5511 116098
"198804" 2145750 377740 348097 745287 456138 51365 163740 3383 2145750 219378 48777 34360 136241 185992 0 0 353067 745287 154382 337507 24840 7517 117780
"198901" 2246685 392484 364316 770459 494387 46799 174809 3431 2246685 217685 47157 30500 140028 196104 0 0 369286 770459 194139 335309 26353 9649 127701
"198902" 2294123 399406 368986 794482 504790 50373 172635 3451 2294123 221011 46678 33087 141246 193900 0 0 373956 794482 195145 348936 26646 10865 129182
"198903" 2333488 398820 370429 827012 512192 59367 162088 3580 2333488 225282 47063 34250 143969 181617 0 0 375399 827012 196950 362301 27003 10128 127796
"198904" 2399268 409088 373327 869549 525455 64850 153289 3710 2399268 224564 46709 35386 142469 171039 0 0 378297 869549 209825 374996 26942 13783 130273
"199001" 2439113 409060 378070 905165 532572 65913 144493 3840 2439113 220269 45130 33173 141966 161490 0 0 383040 905165 220130 381116 26602 12289 129012
"199002" 2487497 400256 380974 944198 549871 69792 138436 3970 2487497 211560 44262 32955 134343 152004 0 0 385944 944198 236537 388974 27222 10825 130233
"199003" 2528018 409590 384410 978533 554534 66406 130345 4200 2528018 199901 44857 32129 122915 142140 0 0 389380 978533 250037 384982 26693 14312 142040
"199004" 2613644 417681 393694 1019861 579956 68882 129240 4330 2613644 197737 48453 34501 114783 140106 0 0 398544 1019861 269186 398118 27698 15289 147105
"199101" 2643013 400578 396972 1050307 596966 75042 118748 4400 2643013 189265 46738 28106 114421 128290 0 0 401822 1050307 279989 397932 28274 16421 150713
"199102" 2669051 389898 389601 1085984 616751 75687 106648 4482 2669051 186464 45110 28010 113344 115261 0 0 394451 1085984 293867 401322 28158 18154 145390
"199103" 2703672 386663 394741 1123313 629798 68741 95838 4578 2703672 182777 46042 26181 110554 101822 0 0 399591 1123313 310950 394798 27909 18212 144300
"199104" 2769603 385340 402903 1156489 651906 76229 91943 4793 2769603 184574 47370 24906 112298 95369 0 0 407723 1156489 322950 411740 28639 19000 143119
"199201" 2826410 392338 405736 1179728 675150 79364 89086 5008 2826410 185867 47708 23137 115022 90740 0 1 410556 1179728 339008 410221 30404 19686 160199
"199202" 2894895 389647 418289 1218988 695749 77463 89730 5029 2894895 186015 51257 22045 112713 88531 0 4 423109 1218988 351769 404536 29420 23104 169419
"199203" 2969623 393840 435214 1243647 717715 81654 92414 5139 2969623 190177 55665 20142 114370 89775 11 49 440034 1243647 367558 413419 29843 22706 172404
"199204" 3024085 393535 443609 1272047 741221 76974 91344 5355 3024085 194551 58823 21155 114573 88366 46 7 448399 1272047 385538 416647 28215 21694 168575
"199301" 3066172 379031 451677 1299796 767168 66390 96410 5700 3066172 199083 59924 19304 119855 90830 45 39 456467 1299796 401032 400916 28308 19323 170333
"199302" 3112646 375566 468841 1301300 788524 69114 103263 6038 3112646 202643 64281 18173 120189 93963 124 184 473631 1301300 416750 398691 27333 22754 175273
"199303" 3222510 372939 510764 1330555 826297 64675 109700 7580 3222510 203927 67130 16490 120307 97043 208 149 515554 1330555 437572 406819 28366 26419 175898
"199304" 3320997 393381 524171 1356766 861443 62590 113702 8944 3320997 207951 68556 16027 123368 99630 234 246 528961 1356766 468034 415299 29883 33734 180259
"199401" 3447564 407947 564165 1399296 900328 58081 106347 11400 3447564 207912 69298 14372 124242 98252 258 255 564165 1399296 492100 420788 32575 31258 200705
"199402" 3548062 409193 600793 1432417 926707 50645 113807 14500 3548062 213481 72557 14163 126761 99696 299 261 600793 1432417 504222 428151 35490 31324 201928
"199403" 3652442 419196 638791 1454933 952663 47342 122017 17500 3652442 222257 77970 14652 129635 103392 416 269 638791 1454933 521247 432744 39300 29419 209674
"199404" 3791124 441556 701044 1472405 976949 48894 131550 18726 3791124 228096 81032 13439 133625 112423 457 592 701044 1472405 538291 452484 40037 34255 211040
"199501" 3857508 453054 716783 1480246 1016060 46384 125414 19567 3857508 232716 81976 13041 137699 107690 379 585 716783 1480246 552219 465675 40561 26870 233784
"199502" 3967621 461821 748564 1499398 1059747 50819 125743 21529 3967621 242761 86974 12876 142911 105897 346 622 748564 1499398 578437 479552 41784 26844 243416
"199503" 4089384 472623 774093 1527030 1113715 52308 126965 22650 4089384 252370 90393 11643 150334 107171 369 609 774093 1527030 619031 484773 42487 27368 254083
"199504" 4233514 486868 807007 1570731 1158496 51386 134975 24051 4233514 250579 92221 10356 148002 115047 374 512 807007 1570731 666360 500431 44573 29300 248600
"199601" 4312409 490922 814908 1600095 1188217 59202 133612 25453 4312409 241818 90431 10033 141354 117790 352 1143 814908 1600095 692959 514075 46660 21360 261249
"199602" 4483836 517349 846568 1643705 1243585 58436 146778 27415 4483836 253026 95824 8780 148422 128316 296 1213 846568 1643705 728583 525921 49582 24649 281977
"199603" 4593457 538567 866605 1679364 1263922 60138 155105 29756 4593457 256825 98791 8898 149136 134768 370 1112 866605 1679364 748336 536168 53068 26068 290773
"199604" 4747474 579096 897443 1711708 1300394 64009 162916 31908 4747474 263558 103912 9643 150003 140514 442 1600 897443 1711708 781007 555093 56465 27281 312363
"199701" 4821363 623019 895813 1740359 1303896 64326 157893 36057 4821363 266926 105601 9738 151587 136315 399 1788 895813 1740359 786673 555734 62756 26567 348033
"199702" 4985323 642458 945532 1762521 1357090 63961 173651 40110 4985323 286218 115383 10347 160488 144279 448 1822 945532 1762521 803898 584773 71300 35301 349231
"199703" 5087119 684716 957099 1791088 1351853 77548 183034 41781 5087119 294008 120800 9249 163959 149842 490 1867 957099 1791088 845044 572009 79618 33583 362471
"199704" 5301443 745741 996511 1826294 1410294 77320 198467 46816 5301443 309223 133400 7215 168608 160262 574 1783 996511 1826294 918344 584385 96107 35340 372620
"199801" 5500699 804942 1032256 1847555 1476107 84108 206640 49091 5500699 329944 143227 5511 181206 162910 696 1785 1032256 1847555 963307 604966 111883 35082 410315
"199802" 5757780 838860 1073954 1909389 1565972 89915 225636 54054 5757780 350160 155647 3996 190517 170708 757 1632 1073954 1909389 1039059 634989 127986 40084 409062
"199803" 6014776 874206 1147570 1976247 1600833 105755 246206 63959 6014776 365694 166013 3541 196140 186629 1019 2037 1147570 1976247 1101201 630872 147799 39435 416273
"199804" 6328195 906724 1275425 2018969 1657141 109642 288689 71605 6328195 382105 186213 2406 193486 212437 1127 2475 1275425 2018969 1176428 645308 158800 42533 412588
"199901" 6604604 926443 1323758 2113010 1757622 108052 299083 76636 6604604 390016 185328 2132 202556 226942 1509 3288 1323758 2113010 1224068 664939 165210 34756 457108
"199902" 6851820 940869 1400457 2183642 1813578 111136 328567 73571 6851820 408148 200566 2100 205482 241583 1848 4033 1400457 2183642 1280012 694131 160274 30182 447510
"199903" 7116406 963430 1502334 2247217 1850089 112062 365361 75913 7116406 435982 222340 1821 211821 255390 2542 4307 1502334 2247217 1325417 686760 162243 34623 459591
"199904" 7349404 1082947 1594210 2293531 1805720 98356 395815 78825 7349404 449270 227977 2003 219290 260445 3366 3200 1594210 2293531 1330268 720854 164770 25309 504181
"200001" 7494322 1115708 1620483 2323499 1838718 110548 404399 80967 7494322 463593 240270 1959 221364 279189 2632 3016 1620483 2323499 1356150 734442 167407 36416 507495
"200002" 7703048 1136171 1682743 2356632 1892379 115628 436895 82600 7703048 494675 263363 2029 229283 292148 2859 2746 1682743 2356632 1380892 769958 168140 36247 516008
"200003" 7890519 1154050 1752603 2415896 1940777 114998 430197 81998 7890519 502037 263244 1940 236853 286760 3136 2659 1752603 2415896 1418206 792327 166046 42588 508261
"200004" 8157774 1214673 1826417 2493244 1983418 118196 438276 83550 8157774 509257 264779 1962 242516 301250 3393 2481 1826417 2493244 1503516 807111 167573 40944 502588
"200101" 8484637 1202824 1892900 2535825 2199229 124696 445275 83888 8484637 540297 271935 1819 266543 308103 3241 1884 1892900 2535825 1555355 788746 167839 35007 655440
"200102" 8621717 1086284 1964609 2637391 2271005 129774 446438 86216 8621717 543739 273371 1353 269015 305298 3453 1908 1964609 2637391 1604212 805114 167593 43913 544487
"200103" 8878218 1063494 2046278 2760457 2337139 131088 455807 83955 8878218 554099 280338 1030 272731 310946 3832 2773 2046278 2760457 1669674 808971 165940 47064 508184
"200104" 9155925 1097792 2130565 2831784 2407130 139163 463732 85759 9155925 562122 294937 1089 266096 301211 4932 3119 2130565 2831784 1758570 817992 171371 42343 531916
"200201" 9350421 1033276 2175623 2956420 2504449 136998 455921 87734 9350421 564785 294846 966 268973 289452 5530 3716 2175623 2956420 1803009 804084 173503 38425 535874
"200202" 9553538 981583 2210400 3042612 2615036 150749 459665 93493 9553538 574366 309249 939 264178 280110 6030 4025 2210400 3042612 1856461 834654 184732 42805 517343
"200203" 9751128 977827 2282789 3085197 2660054 179156 471208 94897 9751128 590555 317650 1066 271839 283184 6815 4518 2282789 3085197 1897011 861320 191362 46614 501763
"200204" 10042511 997856 2350398 3158604 2805944 162267 470482 96960 10042511 611842 324807 655 286380 278138 6906 5142 2350398 3158604 1987081 884204 198361 40624 521211
"200301" 10330397 976502 2406836 3230475 2963306 181145 476335 95798 10330397 627923 324592 538 302793 307054 7599 6250 2406836 3230475 2063073 883053 201586 50232 546316
"200302" 10528744 926950 2454945 3292961 3075766 194454 486026 97642 10528744 640138 337029 458 302651 306965 7997 6619 2454945 3292961 2117014 942260 205030 46175 508640
"200303" 10780156 912792 2569913 3375161 3142702 188367 490275 100946 10780156 638699 333394 470 304835 306420 8828 7405 2569913 3375161 2158850 956506 215895 48640 493839
"200304" 10949340 934352 2601271 3343251 3279236 183693 501682 105855 10949340 660355 337972 592 321791 313415 9073 8030 2601271 3343251 2222916 995291 230695 46991 518052
"200401" 11134612 940720 2602671 3346388 3422009 194740 516628 111456 11134612 678491 330454 550 347487 344396 8405 7939 2602671 3346388 2294109 1012010 246587 59978 533638
"200402" 11398002 913132 2656374 3366532 3567311 218980 558066 117607 11398002 710121 358036 576 351509 372840 9624 8615 2656374 3366532 2408374 1029952 264527 60596 510447
"200403" 11632643 912968 2685944 3380765 3740382 236755 554265 121564 11632643 728339 361073 651 366615 371801 9855 8639 2685944 3380765 2529191 1063194 287536 68897 498482
"200404" 11935560 956004 2676270 3384018 3962354 249741 575816 131357 11935560 738731 356712 736 381283 404789 11374 11063 2676270 3384018 2662226 1129623 340112 62237 515117
"200501" 12173595 981445 2640891 3407181 4178990 250090 578567 136431 12173595 776462 372554 641 403267 398306 11758 10662 2640891 3407181 2813436 1143914 359195 65026 546764
"200502" 12477455 1040184 2624974 3442350 4373226 242271 611878 142572 12477455 792442 383060 759 408623 414478 12544 11231 2624974 3442350 2988991 1143863 383139 63720 599723
"200503" 12569554 1075680 2557661 3484951 4431953 258485 614476 146348 12569554 810546 388273 780 421493 418023 12619 11335 2557661 3484951 3172341 1038618 397228 70720 595512
"200504" 12995960 1170177 2592229 3548483 4650870 268567 620167 145467 12995960 823857 393574 770 429513 427307 14656 11476 2592229 3548483 3391672 1108578 395483 62361 619858
"200601" 13337182 1196621 2589715 3627218 4886796 270354 616867 149611 13337182 837020 397610 756 438654 425333 14597 12186 2589715 3627218 3605658 1099322 411656 71136 643341
"200602" 13737607 1268251 2638504 3691812 5076058 267962 641491 153529 13737607 889579 421866 717 466996 427809 16308 12509 2638504 3691812 3791024 1122244 419490 72769 655559
"200603" 13975760 1278426 2617630 3768725 5246439 265983 643680 154877 13975760 900339 423421 700 476218 433540 16796 13107 2617630 3768725 3966859 1119521 425882 74011 639350
"200604" 14290663 1363167 2627811 3841119 5458901 206229 641386 152050 14290663 997963 497762 491 499710 319138 18885 14177 2627811 3841119 4199427 1144173 410987 68788 648195
"200701" 14785900 1400971 2644481 3956458 5789625 221917 624424 148024 14785900 1015586 494942 336 520308 311309 16249 15412 2644481 3956458 4360893 1234196 429156 83652 718508
"200702" 15177080 1481473 2684834 4077824 5907365 232408 641952 151224 15177080 1062488 510604 411 551473 311040 18897 18566 2684834 4077824 4516645 1240306 427135 93615 725730
"200703" 15809313 1299965 2823986 4252616 6195459 261114 821754 154419 15809313 1184292 597160 290 586842 401192 28373 25282 2823986 4252616 4564642 1280367 423033 86273 739257
"200704" 16207539 1251781 2910192 4464418 6280154 277124 867142 156728 16207539 1261160 629592 511 631057 423274 32300 28700 2910192 4464418 4535415 1279631 421212 64803 786434
"200801" 16425263 1184277 2938117 4602238 6323373 319589 895835 161834 16425263 1312922 647152 369 665401 436300 28500 31100 2938117 4602238 4473170 1301438 403763 120112 777603
"200802" 16684539 1137975 3102075 4760244 6294100 322484 906478 161183 16684539 1394175 655912 332 737931 431320 35400 33400 3102075 4760244 4364664 1299264 397530 85936 780531
"200803" 16971176 1007203 3152680 4892653 6178854 573703 1003427 162656 16971176 1460529 785885 0 674644 377950 43500 42900 3152680 4892653 4270430 1264678 389908 276660 799288
"200804" 17112740 1125849 3181923 4961428 6006370 773199 900464 163507 17112740 1421959 708648 0 713311 356136 40600 54900 3181923 4961428 4127522 1200265 372601 142551 1252855
"200901" 16992485 972203 3118309 5041969 6251317 649582 794208 164897 16992485 1724863 626106 0 1098757 321761 30300 52500 3118309 5041969 3922561 1148039 364037 102448 1165698
"200902" 16437371 846937 2948078 5170747 6089812 492520 722017 167260 16437371 1720828 617832 0 1102996 253244 28500 50500 2948078 5170747 3742083 1102233 352483 102207 966468
"200903" 15960921 699626 2800509 5297548 6002091 335472 658769 166906 15960921 1685123 562433 0 1122690 192344 28300 47500 2800509 5297548 3547897 1074944 347752 104052 834952
"200904" 15594359 679109 2706589 5376395 5775949 271552 617888 166877 15594359 1645261 576092 0 1069169 152329 26500 48300 2706589 5376395 3344357 1044063 338896 92851 818818
"201001" 14832793 623479 6602726 1006866 5624980 246052 561603 167087 14832793 1975122 906812 0 1068310 143334 25400 45600 6602726 1006866 2759674 1048106 343355 92252 790358
"201002" 14592725 567545 6535594 1071640 5489357 230811 530213 167565 14592725 1920432 881708 0 1038724 136150 25000 45600 6535594 1071640 2642644 1017651 345004 100907 752103
"201003" 14435311 574501 6448835 1120724 5436808 198483 487784 168176 14435311 1925510 836650 0 1088860 133812 25200 45300 6448835 1120724 2544936 979294 348097 106012 757591
