"DATES" "FL893190005.Q" "FL543077003.Q" "FL103190005.Q" "FL113190005.Q" "FL313190005.Q" "FL263190005.Q" "FL713190005.Q" "FL763190005.Q" "FL443190005.Q" "FL473193005.Q" "FL513190005.Q" "FL543190005.Q" "FL403190005.Q" "FL613190005.Q" "FL643193005.Q" "FL663190005.Q" "FL503190005.Q" "FL893090005.Q" "FL153090005.Q" "FL103090005.Q" "FL113090003.Q" "FL133090005.Q" "FL213093005.Q" "FL313090005.Q" "FL263090005.Q" "FL713090005.Q" "FL763090005.Q" "FL443090005.Q" "FL473090005.Q" "FL513092003.Q" "FL543090005.Q" "FL573090005.Q" "FL223093003.Q" "FL343150005.Q" "FL633093005.Q" "FL653093003.Q" "FL403093005.Q" "FL613090005.Q" "FL643093005.Q" "FL663090005.Q" "FL503094505.Q" "FL903090005.Q"
"195201" 52952 1105 5162 80 10747 15642 258 1344 1100 65 8488 4994 1428 1356 0 1107 76 46253 9456 14873 1591 1147 -250 1208 4824 206 998 1382 -25 86 1820 742 0 7552 0 0 216 427 0 0 0 6699
"195202" 55233 1123 5545 81 11033 16504 361 1440 1110 72 8750 5175 1386 1479 0 1109 65 48211 9633 15372 1644 1170 0 1208 4997 233 1164 1477 -27 88 1862 776 0 7938 0 0 218 458 0 0 0 7022
"195203" 56986 1142 5821 82 11376 16997 220 1568 1315 80 9011 5335 1328 1579 0 1071 60 49569 9811 15813 1698 1193 0 1200 5162 307 1007 1507 -29 90 1903 808 0 8363 0 0 222 514 0 0 0 7417
"195204" 58296 1162 5866 84 11342 17630 524 1606 1030 87 9267 5508 1384 1676 0 1064 66 51467 10648 16279 1748 1214 0 1211 5635 207 1075 1588 -31 90 1942 832 0 8411 0 0 81 537 0 0 0 6829
"195301" 59237 1184 5723 85 11355 18037 431 1608 1267 93 9492 5670 1514 1650 0 1057 70 52764 10829 16796 1797 1234 0 1222 5775 224 1200 1680 -32 92 1979 849 0 8471 0 0 229 419 0 0 0 6473
"195302" 60692 1207 6013 87 11622 18406 281 1741 1256 101 9708 5822 1543 1793 0 1052 60 53841 10996 17322 1842 1254 0 1194 5768 148 1118 1759 -35 94 2012 858 0 8804 0 0 228 479 0 0 0 6851
"195303" 62373 1231 6293 89 11674 18740 443 1907 1476 110 9911 5934 1537 1924 0 1046 58 55004 11146 17911 1890 1273 0 1184 5921 244 971 1761 -37 96 2047 867 0 8902 0 0 233 595 0 0 0 7369
"195304" 62405 1254 6255 91 11632 18967 572 1613 1169 123 10107 6038 1621 1849 0 1036 78 55810 11293 18159 1938 1291 0 1179 6055 205 1064 1881 -39 96 2087 876 0 8941 0 0 228 556 0 0 0 6595
"195401" 63434 1275 6090 93 11608 19287 458 1640 1426 140 10268 6264 1856 1924 0 1031 74 56640 11408 18593 1987 1309 0 1146 6110 219 833 2174 -40 98 2132 891 0 8961 0 0 234 585 0 0 0 6794
"195402" 65403 1294 6559 95 11844 19883 465 1735 1436 156 10400 6492 1900 2041 0 1035 68 58217 11487 18975 2037 1327 0 1184 6159 150 1236 2377 -43 100 2182 905 0 9273 0 0 252 616 0 0 0 7186
"195403" 66951 1315 6975 97 11835 20205 477 1884 1784 172 10529 6616 1855 2107 0 1029 71 58889 11573 19265 2087 1344 0 1251 6132 232 1164 2405 -45 102 2234 923 0 9281 0 0 233 708 0 0 0 8062
"195404" 68065 1341 7027 99 11840 20586 546 1839 1519 190 10721 6701 2024 2512 0 1043 77 59942 11668 19566 2133 1364 0 1350 6150 192 1289 2475 -48 113 2283 954 0 9359 0 0 321 773 0 0 0 8123
"195501" 69745 1371 6985 101 11839 21280 529 1681 1937 203 10891 6805 2115 2866 0 1047 94 61436 11810 20034 2173 1389 0 1447 6653 199 1187 2625 -49 115 2329 999 0 9347 0 0 306 872 0 0 0 8309
"195502" 73491 1405 7523 104 12063 22147 528 2154 1982 218 11075 6994 2161 3995 0 1052 91 63800 11918 20674 2209 1418 0 1538 7049 197 1358 2892 -52 117 2372 1057 0 9702 0 0 319 1032 0 0 0 9691
"195503" 76009 1442 7886 106 12232 22834 500 2404 2312 234 11265 7148 2025 4460 0 1057 104 65191 12009 21126 2246 1446 0 1604 7333 208 1360 2689 -55 119 2418 1123 0 9975 0 0 317 1273 0 0 0 10818
"195504" 77904 1482 7795 109 12270 23682 646 2603 1730 252 11484 7345 2027 5336 0 1052 91 66166 12173 21592 2283 1472 0 1661 7526 221 1286 2577 -58 123 2477 1191 0 10048 0 0 313 1281 0 0 0 11738
"195601" 78645 1525 7455 111 12187 24419 449 2732 2160 272 11667 7570 2149 4767 0 1047 135 68102 12247 22628 2315 1495 0 1766 7803 182 1385 2841 -61 125 2548 1263 0 10061 0 0 311 1193 0 0 0 10543
"195602" 80868 1573 7830 113 12466 25418 451 2959 2031 292 11843 7797 2198 4759 0 1040 98 70103 12356 23298 2346 1514 0 1881 7943 292 1592 2951 -64 128 2633 1344 0 10377 0 0 328 1184 0 0 0 10765
"195603" 83088 1622 8123 115 12971 26656 354 2909 2417 314 12028 7865 2088 4463 0 1043 120 72267 12433 24162 2377 1532 0 2098 8082 353 1712 2814 -66 131 2719 1425 0 10918 0 0 316 1261 0 0 0 10821
"195604" 84024 1669 7993 118 12914 27767 551 2791 1831 336 12243 8009 2285 4380 0 1029 108 74089 12548 25042 2413 1551 0 2236 8701 325 1778 2767 -70 133 2795 1492 0 10911 0 0 296 1171 0 0 0 9935
"195701" 85513 1714 7662 118 12928 28691 449 2744 2305 359 12480 8167 2327 4425 0 1024 120 75344 12672 25921 2454 1569 0 2560 8790 220 1722 2779 -73 135 2863 1548 0 10924 0 0 300 960 0 0 0 10169
"195702" 88302 1760 7870 120 13216 30251 199 3096 2138 384 12747 8379 2383 4605 0 1028 126 78064 12753 27129 2502 1587 0 2837 8974 212 2017 3076 -76 138 2927 1593 0 11224 0 0 301 870 0 0 0 10238
"195703" 89774 1804 8120 121 13146 30757 415 3207 2551 412 13017 8490 2238 4345 0 1032 119 79333 12828 27792 2547 1603 0 2959 9272 210 2100 2890 -78 141 2988 1633 0 11270 0 0 308 870 0 0 0 10441
"195704" 89999 1843 8218 123 13055 31035 412 3179 1952 443 13249 8648 2412 4285 0 1023 123 80349 12911 28370 2586 1618 0 2883 9422 308 2042 2939 -83 144 3046 1676 0 11346 0 0 300 841 0 0 0 9650
"195801" 90905 1877 8021 125 13193 31562 451 3039 2404 478 13472 8743 2790 3575 0 1023 153 81829 13027 28789 2618 1634 0 2989 9670 259 1986 3216 -86 147 3100 1715 0 11511 0 0 298 956 0 0 0 9076
"195802" 93193 1903 8323 127 13455 32169 879 3340 2344 511 13670 9067 2940 3259 0 1023 183 84887 13045 29764 2642 1649 0 3148 9829 259 2632 3721 -89 149 3145 1749 0 11859 0 0 314 1071 0 0 0 8306
"195803" 95224 1931 8840 129 13792 32420 492 3557 2954 544 13872 9211 2668 3630 0 1013 171 85469 13164 30263 2675 1666 0 3233 9836 244 2245 3428 -91 152 3194 1785 0 12170 0 0 318 1187 0 0 0 9755
"195804" 96462 1969 8923 131 13817 32827 599 3752 2468 577 14154 9255 2675 4188 0 1011 116 86778 13242 30797 2709 1684 0 3167 9904 240 2404 3580 -96 154 3258 1835 0 12280 0 0 320 1300 0 0 0 9684
"195901" 98621 2017 9151 134 13916 33475 737 3860 3133 604 14421 9244 2794 3988 0 999 149 88974 13379 31937 2751 1707 0 3266 10090 245 2566 3611 -99 157 3339 1894 0 12413 0 0 308 1410 0 0 0 9647
"195902" 100537 2074 9313 137 14242 34417 511 4199 3207 630 14723 9298 2778 3859 0 1000 150 91117 13513 33068 2796 1734 0 3471 9406 279 2667 4263 -103 160 3436 1965 0 12798 0 0 316 1348 0 0 0 9420
"195903" 102887 2133 9520 139 14513 35023 556 4439 3721 657 15027 9302 2539 4140 0 992 186 93231 13661 33743 2853 1759 0 3366 9759 319 3356 3869 -106 163 3537 2038 0 13121 0 0 342 1451 0 0 0 9656
"195904" 104001 2187 9658 142 14512 35660 885 4112 2871 686 15320 9496 2662 4663 0 995 152 93253 13801 33925 2896 1782 0 3411 9868 363 2597 3754 -111 166 3628 2117 0 13164 0 0 363 1529 0 0 0 10748
"196001" 104623 2238 9729 144 14543 36470 522 3923 3422 719 15570 9808 2722 3644 0 989 180 96354 13927 35800 2934 1801 0 3552 10354 365 2863 3641 -114 169 3711 2201 0 13251 0 0 343 1556 0 0 0 8269
"196002" 106438 2288 9736 145 15170 37076 1026 3333 3220 750 15803 10092 2933 3680 0 997 189 98190 14049 35607 2961 1815 0 3784 10539 535 2876 4132 -118 171 3787 2297 0 13936 0 0 360 1459 0 0 0 8248
"196003" 107700 2336 9877 147 15228 37783 532 2895 3819 776 16026 10275 2991 3801 0 1006 208 99046 14183 36458 3000 1829 0 3883 10317 384 2866 3846 -120 174 3863 2391 0 14038 0 0 392 1542 0 0 0 8654
"196004" 107726 2379 9845 149 15251 38387 728 2332 2982 798 16264 10459 3193 3787 0 995 177 99719 14332 37089 3035 1846 0 4104 9763 317 2801 4029 -126 178 3943 2476 0 14090 0 0 366 1476 0 0 0 8007
"196101" 111209 2417 10099 151 15261 39588 585 2800 3827 824 16481 10688 3465 3792 0 991 240 100539 14481 38147 3074 1867 0 4181 9344 321 2288 4216 -129 181 4029 2552 0 14141 0 0 370 1476 0 0 0 10670
"196102" 112895 2448 10154 154 16018 40216 508 2654 3529 849 16692 11038 3506 3936 0 991 202 104891 14643 39237 3112 1892 0 4288 9662 371 3126 4915 -133 184 4120 2616 0 14927 0 0 380 1551 0 0 0 8004
"196103" 115440 2478 10452 157 16056 40833 409 2754 4400 872 16896 11278 3371 4234 0 994 256 105330 14803 39761 3165 1914 0 4291 9533 354 2598 4768 -136 187 4210 2682 0 14996 0 0 384 1820 0 0 0 10110
"196104" 117023 2512 10493 160 16043 41869 605 2810 3751 890 17153 11450 3606 4484 0 1023 174 107544 14966 40383 3201 1931 0 4530 9972 348 2522 5093 -142 190 4291 2761 0 15006 0 0 387 2105 0 0 0 9479
"196201" 119324 2549 10678 161 15952 42266 547 3290 4818 903 17334 11517 3552 4424 0 1018 316 108771 15102 41752 3233 1942 0 4579 9651 379 2257 5110 -146 194 4365 2884 0 15054 0 0 386 2029 0 0 0 10553
"196202" 121763 2587 10929 161 16770 42929 592 3142 4518 915 17492 11774 3698 4979 0 1023 254 112656 15245 42483 3254 1945 0 4732 9738 365 2803 6006 -149 197 4430 3037 0 15908 0 0 384 2278 0 0 0 9107
"196203" 123315 2626 11080 163 16757 42941 582 3204 5263 921 17658 12008 3404 5422 0 1015 272 113574 15388 43395 3293 1949 0 4796 9469 398 2571 5711 -152 201 4494 3196 0 15923 0 0 404 2538 0 0 0 9741
"196204" 123777 2667 11361 164 16814 43229 707 2718 4442 923 17832 12440 3703 5511 0 977 289 115144 15545 43766 3329 1965 0 4891 9404 411 2980 5974 -158 204 4567 3323 0 15999 0 0 400 2544 0 0 0 8633
"196301" 126763 2711 11659 166 16837 43976 485 3457 5353 924 18087 12472 3858 5490 0 974 315 117020 15700 45542 3377 1997 0 4943 9436 394 2430 6130 -162 208 4649 3414 0 16048 0 0 382 2532 0 0 0 9743
"196302" 130541 2758 11903 167 17730 44963 501 3632 5292 919 18404 12803 3888 6318 0 974 288 122057 15862 47033 3433 2044 0 5218 9602 376 3133 6898 -166 211 4739 3466 0 17000 0 0 394 2814 0 0 0 8484
"196303" 133600 2806 12354 169 17775 44932 480 4587 6243 914 18704 12979 3522 6882 0 967 286 123252 16018 48084 3506 2092 0 5236 9586 392 2700 6538 -169 215 4831 3534 0 17073 0 0 439 3177 0 0 0 10348
"196304" 134450 2853 12395 172 17847 45934 617 4030 5439 906 18937 13182 3681 7169 0 982 306 124916 16178 48406 3545 2125 0 5345 9635 351 2885 6913 -176 219 4919 3680 0 17160 0 0 375 3356 0 0 0 9534
"196401" 136898 2898 12802 174 17938 47042 514 4191 6190 891 19232 13291 3546 6929 0 970 290 125979 16389 49937 3603 2171 0 5263 9410 437 2224 6692 -180 223 5003 3912 0 17268 0 0 376 3251 0 0 0 10919
"196402" 141199 2941 13008 176 18772 48823 547 4414 5923 876 19532 13579 3810 7491 0 973 334 130243 16611 51318 3657 2221 0 5241 9219 349 2786 7397 -186 227 5083 4233 0 18179 0 0 359 3549 0 0 0 10956
"196403" 144686 2986 13418 178 18923 50226 598 4729 6617 862 19854 13734 3542 7791 0 966 262 132181 16863 52433 3734 2271 0 5175 9055 458 3021 6955 -191 231 5166 4565 0 18348 0 0 394 3703 0 0 0 12505
"196404" 146530 3039 13351 180 18965 51688 1328 4264 5649 847 20253 13992 3824 7885 0 984 281 134441 17163 53043 3799 2317 0 5349 9370 359 3240 7153 -199 235 5261 4830 0 18409 0 0 387 3725 0 0 0 12089
"196501" 150664 3097 13913 183 19012 52926 1057 5161 6470 835 20616 14259 3767 8007 0 976 386 138260 17481 55579 3864 2362 0 5269 9647 464 3626 6889 -203 239 5367 5036 0 18480 0 0 381 3779 0 0 0 12404
"196502" 154267 3160 14159 185 20184 54340 942 5238 6355 823 20995 14664 3885 7968 0 966 404 143071 17824 57467 3930 2416 0 5358 9244 412 4147 7634 -208 243 5484 5192 0 19550 0 0 420 3958 0 0 0 11196
"196503" 158032 3228 14640 188 20346 55391 845 5949 7142 810 21389 14922 3601 8198 0 947 437 144825 18184 58252 4008 2455 0 5467 9755 446 3521 7277 -212 247 5606 5343 0 19728 0 0 434 4314 0 0 0 13207
"196504" 158557 3303 14765 191 20323 56375 840 5807 6155 796 21796 15168 3918 7677 0 947 496 151471 18540 64642 4083 2497 0 5416 8862 451 3821 7445 -221 252 5731 5543 0 19724 0 0 442 4243 0 0 0 7086
"196601" 161289 3385 15343 191 20326 57100 717 6611 7185 787 22219 15065 3923 7015 0 929 493 154836 18903 67814 4166 2546 0 5377 9128 609 3661 6777 -225 256 5690 5777 0 19747 0 0 441 4169 0 0 0 6453
"196602" 164281 3475 15287 193 21142 58610 799 7309 6702 780 22661 15648 4023 6142 0 928 583 160169 19172 69112 4247 2606 0 5505 9410 610 5183 7255 -230 261 5676 6043 0 20835 0 0 393 4091 0 0 0 4112
"196603" 167593 3568 15520 194 21455 59480 738 8142 7099 771 23117 16261 3779 5751 0 925 793 160023 19511 69976 4349 2654 0 5637 8541 690 4608 6590 -232 265 5657 6321 0 20935 0 0 486 4035 0 0 0 7570
"196604" 165946 3659 15818 196 21768 60625 956 6288 5755 761 23552 16385 4082 4459 0 876 767 158395 19884 68181 4442 2704 0 5775 8016 650 4533 6610 -240 270 5967 6604 0 20977 0 0 351 3671 0 0 0 7551
"196701" 169562 3736 16363 200 21656 61003 768 7573 6692 759 24051 16543 4569 4043 0 874 732 161116 20461 70052 4540 2763 0 5267 7844 733 3588 7381 -244 289 6690 6903 0 20925 0 0 296 3628 0 0 0 8446
"196702" 174100 3807 16684 205 22965 61657 889 7598 6957 757 24570 17174 5029 4148 0 860 800 167413 20866 70517 4641 2838 0 5410 9072 663 4424 8608 -251 309 6736 7222 0 22043 0 0 293 4022 0 0 0 6687
"196703" 177437 3876 17387 210 22941 62538 889 8421 8026 753 25108 17673 4434 3562 0 844 775 168936 21252 72068 4743 2903 0 5442 8682 848 3945 8025 -255 330 6773 7541 0 22074 0 0 419 4146 0 0 0 8501
"196704" 175925 3947 15978 215 23336 63763 1043 7100 7210 749 25664 18204 4616 2438 0 839 822 174328 21661 75341 4844 2967 0 5626 8594 671 4793 8309 -263 353 6851 7830 0 22292 0 0 392 4067 0 0 0 1597
"196801" 185312 4031 18437 220 23537 64669 1049 10072 8224 742 26237 18414 4555 2929 0 820 1376 178550 22095 77571 4955 3040 0 5547 9215 790 5432 8113 -269 378 6975 8098 0 22334 0 0 385 3891 0 0 0 6762
"196802" 188727 4121 18887 224 24962 66372 1153 8502 8187 734 26819 18835 4818 3197 0 803 1113 184204 22565 78703 5070 3134 0 5702 10150 787 5608 8723 -277 404 7125 8347 0 23603 0 0 376 4184 0 0 0 4523
"196803" 194110 4213 19851 229 24793 68143 1098 9152 9022 727 27441 19144 4377 3952 0 797 1171 184956 23051 79523 5191 3211 0 5555 9661 818 5400 8227 -280 432 7292 8586 0 23594 0 0 339 4356 0 0 0 9154
"196804" 197271 4302 20325 234 24843 69391 1410 10723 8030 721 28164 19662 4382 3280 0 782 1022 192613 23561 84072 5326 3346 0 5400 9459 906 7115 8247 -290 462 7468 8822 0 23628 0 0 405 4686 0 0 0 4658
"196901" 204489 4390 21728 239 24927 70163 1066 12919 9240 713 29007 19876 4409 3654 0 777 1380 199409 24169 86975 5478 3445 0 5191 10221 843 8776 8005 -298 494 7687 9049 0 23755 0 0 418 5201 0 0 0 5080
"196902" 211300 4478 22463 245 25861 72179 1371 12226 9540 708 29842 20411 4513 5215 0 760 1489 208965 24713 89138 5648 3568 0 5345 11390 776 11003 8474 -306 528 7910 9264 0 24871 0 0 526 6117 0 0 0 2335
"196903" 223034 4568 23549 250 26099 72683 1179 20530 10042 704 30537 20689 4352 5416 0 744 1691 211465 25104 90727 5823 3676 0 5454 11832 896 11510 7123 -310 565 8083 9479 0 25176 0 0 613 5714 0 0 0 11569
"196904" 221223 4688 24278 256 26064 73325 1753 17895 8865 703 31474 21093 4745 3846 0 653 1585 213377 25807 94718 5998 3782 0 5495 7974 776 11727 7416 -321 604 8330 9708 0 25147 0 0 761 5455 0 0 0 7846
"197001" 225579 4792 13304 7887 25502 76089 1631 19540 9521 706 32323 21285 4757 5813 0 644 1785 222255 26451 97431 6170 3898 0 5542 9217 930 14372 7219 -330 646 8539 9947 0 25185 0 0 833 6205 0 0 0 3324
"197002" 230572 4899 13369 8035 27227 78711 1791 18429 9904 711 33176 21849 5233 5689 0 632 916 230639 27144 100878 6344 4027 0 5628 8172 866 16199 7925 -341 691 8744 10191 0 26910 0 0 920 6341 0 0 0 -67
"197003" 239909 5008 13859 8385 27350 80490 1754 22041 10950 717 34034 22140 5344 5323 0 629 1885 235016 27846 101960 6514 4146 0 5633 9250 997 16498 8181 -346 739 8947 10445 0 27046 0 0 830 6330 0 0 0 4893
"197004" 243072 5118 13924 8869 27832 82277 2246 22407 10534 723 34912 22554 6525 3156 0 596 1399 243181 28519 106675 6682 4271 0 5746 7692 866 17201 9560 -360 790 9151 10711 0 27528 0 0 1528 6621 0 0 0 -109
"197101" 251824 5206 14710 9626 28040 80314 1755 25656 11086 710 35775 22866 7560 6713 0 589 1218 254038 29178 110166 7869 4403 0 5700 8222 964 18929 11129 -377 845 9375 10986 0 27726 0 0 1485 7377 61 0 0 -2214
"197102" 254242 5282 14592 10034 29894 80985 1716 22610 12883 693 36613 23444 6199 7617 0 584 1096 261486 29803 112310 9063 4539 0 5670 8666 990 18647 11347 -395 904 9611 11270 0 29583 0 0 1636 7825 17 0 0 -7244
"197103" 265769 5356 14634 10723 30125 81488 1519 29455 13687 676 37495 23838 5930 9247 0 570 1027 270916 30427 116229 10262 4669 0 5771 7482 971 22115 11357 -405 966 9847 11569 0 29814 0 0 1861 7877 104 0 0 -5147
"197104" 275148 5436 14433 11778 30682 88633 2057 29217 13372 660 38571 24465 5976 7974 0 591 1302 282592 31077 123788 11476 4839 0 5816 7398 1051 22036 11961 -422 1033 10069 11892 0 30371 0 0 1681 8359 167 0 0 -7444
"197201" 291108 5556 14581 12703 30601 93142 1782 34583 14383 642 39677 24965 6462 9863 66 756 1346 294199 31768 128743 12709 4986 0 5745 7704 880 24428 11735 -443 1105 10315 13265 0 30289 0 0 1719 8616 635 0 0 -3091
"197202" 303449 5701 14214 12993 32735 96099 2078 36615 15805 625 40895 25958 6282 11102 200 924 1222 308787 32475 131654 14165 5164 0 5802 9110 972 26232 12527 -462 1182 10572 15362 0 32423 0 0 1728 8968 913 0 0 -5338
"197203" 310308 5849 14059 13502 33005 93672 1993 41293 16773 608 42157 26603 6329 11728 293 1104 1341 321351 33213 134198 15622 5319 0 5835 8385 961 31010 12864 -472 1264 10830 17535 0 32693 0 0 1751 9179 1164 0 0 -11043
"197204" 320708 5976 13779 14483 33676 97966 2068 44636 16317 591 43497 27111 6380 11423 310 1322 1173 352015 33999 155852 17070 5513 0 5920 8197 1068 33700 13839 -492 1352 11076 19167 0 33364 0 0 1362 9734 1294 0 0 -31307
"197301" 328258 6087 14724 15477 33494 94138 2181 48317 17785 604 44694 27813 7056 12678 346 1218 1646 369080 34753 160995 19073 5665 0 6027 10841 945 38160 13691 -517 1446 11312 20340 0 33182 0 0 1664 9739 1764 0 0 -40822
"197302" 348264 6185 15947 15649 35809 105390 2146 49230 18756 619 45888 28585 6986 13800 347 1127 1801 383634 35523 164378 19782 5838 0 6133 13054 1131 40662 14427 -542 1546 11540 21135 0 35497 0 0 1711 10311 1508 0 0 -35370
"197303" 358222 6278 16514 16307 35505 105754 2530 54384 19140 636 47085 28972 7530 14184 358 1066 1979 395968 36294 167051 20436 6004 0 6104 15587 991 46622 13710 -544 1653 11764 21846 0 35193 0 0 2309 10067 881 0 0 -37746
"197304" 364624 6376 17410 17885 35811 108572 3343 52866 16520 655 48428 29607 8534 15472 425 1049 1671 381857 37058 180501 20882 6156 0 6871 -13442 1362 44439 12362 -556 1768 11993 22764 0 35499 0 0 2349 11197 654 0 0 -17233
"197401" 373878 6530 19689 19000 35113 108317 2554 56117 17022 735 49570 30059 8676 17122 618 999 1757 388121 37797 181445 21142 6307 0 7166 -13874 1023 47555 12770 -579 1891 12300 23806 0 35113 0 0 2108 11755 396 0 0 -14243
"197402" 380036 6715 19832 19896 38912 105429 2615 56375 17815 820 50734 30887 8741 16358 2008 1028 1871 400745 38522 181293 21241 6538 0 6808 -7024 1174 46479 14177 -602 2022 12643 24879 0 38912 -17 0 1435 11496 769 0 0 -20709
"197403" 392918 6908 22598 21538 38126 111764 2802 58171 17759 904 51891 31444 8760 15554 1942 1066 1692 417858 39248 187291 21241 6728 0 6747 4089 1161 45949 14048 -605 2162 13010 26049 0 38126 -48 0 1745 10463 454 0 0 -24940
"197404" 392489 7086 23347 23613 39961 114490 3152 54154 15758 983 52994 32185 8913 11371 1851 1224 1406 493964 39989 242620 21251 6910 0 6976 23768 3193 45714 13170 -623 2312 13386 27367 0 38238 -90 0 533 8975 275 0 0 -101475
"197501" 689001 7258 302932 24389 39489 117507 2398 63561 16535 968 54425 32748 9611 12920 2000 718 1542 605438 40860 349882 21270 7111 0 6809 16701 3122 53574 13910 -660 2473 13795 28896 0 37947 -146 0 462 8360 1072 0 0 83563
"197502" 713195 7431 315503 24385 44419 120679 2576 66955 17836 944 55852 33691 10360 9515 1457 247 1345 622479 41732 355384 21200 7312 0 6485 13516 2965 57257 15764 -697 2645 14258 32176 0 43043 -129 0 886 8175 507 0 0 90716
"197503" 736847 7596 325635 24775 43184 124959 2456 70657 19444 918 57447 34433 9710 14188 481 -112 1076 624622 42740 341145 21199 7522 0 6148 17672 2807 63630 16729 -712 2828 14700 36376 0 41962 -123 0 1791 8026 182 0 0 112225
"197504" 734435 7744 316958 26622 43186 127747 2902 69108 18922 895 59385 35478 10627 13883 111 -475 1341 648199 43993 353207 21467 7837 0 6114 25754 3201 61871 17136 -738 3024 15049 39115 0 42061 -76 0 1496 7558 130 0 0 86236
"197601" 782980 7902 346318 26336 42384 133607 2681 73831 20456 884 61672 36252 11161 15287 453 2723 1033 666274 45334 361988 22032 8159 0 6303 24740 3120 66261 17946 -778 3234 15427 39462 0 41323 -84 0 1287 7577 90 2853 0 116706
"197602" 802938 8045 352817 26464 48631 133569 2505 74197 22216 880 64340 37550 10663 16790 270 3082 919 693645 46828 376052 22868 8523 0 6555 28806 3048 66742 19623 -815 3459 15774 37262 0 47681 -65 0 884 7454 70 2896 0 109293
"197603" 834795 8196 368145 26926 47103 142149 2923 76333 23416 884 67158 38491 11348 18020 30 2906 767 712350 48383 385992 23815 8890 0 6874 29524 3088 70470 19693 -833 3699 16122 39477 0 46312 -26 0 1084 6967 30 2789 0 122445
"197604" 913371 8375 354278 27884 47307 231082 2959 73852 23022 892 69934 39364 12597 17769 185 2437 1433 747294 49905 390037 24751 9326 0 6061 55859 2982 66978 22194 -866 3956 16499 42623 0 46657 -56 0 1023 6878 0 2487 0 166077
"197701" 944035 8582 370218 28169 46042 232191 2372 79994 24308 1026 72944 40446 12902 19722 356 3043 1721 766389 51649 390104 25791 9727 0 6177 57911 2882 73741 23604 -915 4230 17081 47865 0 45466 -21 0 956 6557 2 3582 0 177646
"197702" 963169 8818 373155 27206 47409 237425 2626 83006 26481 1163 76087 41571 13479 19161 127 3749 1706 786876 53549 397229 26922 10138 0 6455 60685 2829 75945 25602 -959 4524 17675 48017 0 46928 -98 0 1344 6663 0 3428 0 176293
"197703" 1001631 9060 391150 27408 53497 239333 2960 86183 28684 1304 79348 42740 13094 21580 51 3436 1803 813537 55481 407036 28084 10531 0 6582 61227 2768 76203 26133 -991 4838 18265 52229 0 53102 -100 0 1370 7523 0 3256 0 188094
"197704" 1019549 9284 392073 27871 53232 253925 3142 85569 29052 1452 82637 43955 13929 19841 63 1700 1825 842274 57320 435876 29200 11052 0 6774 57477 2378 76080 27772 -1029 5174 18827 51451 0 53232 -163 0 1996 7502 80 1275 0 177275
"197801" 1067664 9534 417226 29435 51966 258404 2736 93371 30495 1474 86055 45133 14496 21103 425 3462 2349 881492 59118 451741 30290 11537 0 7110 63387 2211 80996 29641 -855 5351 19314 56413 0 51966 -193 0 2518 7191 18 3738 0 186172
"197802" 1096372 9790 425174 30072 53425 264075 3073 98736 31180 1499 89635 46315 15695 21200 480 3850 2174 890878 60866 450037 31417 12026 0 7249 61659 2340 86895 31427 -350 5534 19826 55223 0 53425 -203 0 2421 7608 61 3417 0 205494
"197803" 1149275 10059 448879 30297 59653 268173 3186 105962 30695 1516 93282 47521 17107 26231 216 4552 1946 928990 62622 463655 32514 12533 0 7408 61630 2358 94969 31769 89 5724 20358 58391 0 59653 -412 0 2624 8982 15 4108 0 220285
"197804" 1212670 10349 465003 31336 60259 301369 4089 106417 29468 1516 96944 48765 18472 30505 291 4989 2898 995299 64442 494330 33634 13017 0 7516 80731 2887 98021 33008 629 5920 20963 62416 0 60259 326 0 2442 9860 230 4668 0 217371
"197901" 1270785 10665 501525 33432 58551 309133 3243 113273 31646 1557 100753 50077 19343 30759 244 4188 2397 1011965 66341 507672 34789 13458 0 7994 75807 2580 99590 34001 938 6122 21642 65276 0 58551 432 0 2759 9558 289 4166 0 258820
"197902" 1306473 11010 516893 33949 60046 315619 3463 110807 33098 1579 104601 51483 21255 35304 160 4758 2448 1044359 68280 519793 35990 13942 0 8165 79964 2748 102115 36654 1271 6332 22396 67412 0 60046 527 0 2300 11171 336 4917 0 262114
"197903" 1371836 11360 553242 34862 67607 320039 3745 110462 34476 1581 108494 52858 21397 42981 421 5610 2701 1091960 70254 553815 37194 14377 0 8274 78029 3733 101419 35707 1702 6549 23166 67783 0 67607 638 0 2332 13643 378 5360 0 279876
"197904" 1445015 11692 577212 38754 68259 356960 4763 112142 32799 1566 112422 54081 24157 40894 268 6094 2953 1153092 72256 584771 38356 14942 0 8471 100139 3045 102346 34643 2331 6773 23893 69906 0 68259 700 0 2856 12497 400 6508 0 291923
"198001" 1510887 12003 619943 40363 66161 367081 3366 117382 33224 3375 116442 54964 24491 42927 317 6194 2654 1159162 74399 578690 38629 15427 0 8394 106490 2585 106147 36149 3508 7005 24580 71808 18 66161 419 0 2912 10050 430 5361 0 351725
"198002" 1570821 12288 652623 43082 67358 365385 4521 122531 32169 3350 119878 55526 25891 57009 300 6430 2480 1200680 76062 595394 37397 15874 0 8449 99007 3123 115313 35001 4338 7245 25224 73693 35 67358 713 0 2886 14081 467 6321 12699 370141
"198003" 1640807 12587 704312 44665 76924 364306 3199 124799 33928 2425 123185 56122 26407 55999 401 7605 3944 1274317 77696 649751 37522 16280 0 8794 98000 3226 115653 34984 4710 7493 25888 76360 53 76924 771 0 3236 15003 497 8058 13418 366490
"198004" 1690595 12939 700608 47875 77183 402522 3768 126792 34238 3100 127024 57106 27713 57505 325 8470 3427 1361752 79428 678301 41940 16809 0 10092 141455 3526 120755 38730 5652 7750 26634 75395 70 77183 588 0 4106 12503 510 7802 12523 328843
"198101" 1811311 13358 807360 46510 74439 412049 3262 134116 34513 2927 130190 58694 28053 62582 267 6679 -3687 1460762 81458 759734 46017 17194 0 10058 145221 3056 127239 37793 5036 8015 27417 74125 88 74439 521 0 5485 16455 540 6783 14088 350549
"198102" 1844089 13859 805262 45470 75653 416821 3876 142563 37805 2453 133267 60758 28445 64344 322 7604 5587 1478535 83546 763685 49930 17613 0 10551 143748 4149 132119 38983 4505 8290 28176 75186 105 75653 1095 0 3524 15328 553 7429 14367 365554
"198103" 1919234 14345 838776 46401 86895 419176 4278 148477 39406 3277 136218 62941 31035 65740 263 8061 13945 1524128 85536 767211 53205 18028 0 10850 155731 3592 136347 41664 5378 8573 29069 76718 123 86895 1220 0 3936 15986 544 6253 17269 395106
"198104" 1968315 14722 842899 47826 87179 426821 4396 184585 34456 3200 138775 64888 32384 67128 251 9476 9329 1608544 87432 807754 56136 18549 0 10873 178997 3954 147484 44352 4738 8867 30257 74309 141 87179 1627 0 4747 14328 540 9467 16813 359771
"198201" 2053546 15001 888588 54627 84313 464262 3551 170102 39691 2747 141017 66567 33212 70750 357 7720 11040 1648391 88916 832324 53650 19028 0 11186 183753 3921 155737 49476 3666 9307 31738 69539 171 84313 2122 0 4970 17014 582 9050 17928 405155
"198202" 2085703 15194 888822 61793 86345 467585 3493 171352 47791 2780 143154 68164 33780 72397 317 8691 14045 1672071 90268 837039 51423 19341 0 12011 185308 3871 153429 58500 4868 9478 33510 70550 202 86345 1706 0 4807 18570 551 10236 20058 413632
"198203" 2151178 15349 919366 69141 98516 473595 3440 184800 35705 2698 145284 69809 32117 75872 329 9415 15743 1737404 91856 869387 49663 19750 0 12113 180994 4386 167079 58928 4673 9681 35419 77816 233 98516 1359 0 2241 18756 578 11621 22355 413774
"198204" 2127914 15515 906562 77117 99245 462540 4350 178658 29115 2300 150081 71703 38041 74515 325 3264 14583 1783432 96097 900067 47665 20225 0 12372 179275 3947 172741 63549 4229 9521 37309 78345 264 99245 1013 0 5668 16694 578 11872 22756 344482
"198301" 2181946 15665 921153 79921 96374 461021 3318 187607 30987 2433 152515 73833 38096 77699 305 11824 29195 1837853 99238 933791 47880 20504 49 12501 187972 4036 164800 68565 4066 9589 38580 83708 299 96374 901 0 6234 20653 646 15606 21861 344093
"198302" 2218589 15810 936454 83617 98735 463119 3543 180085 37598 2460 154669 76185 38184 79809 348 14512 33461 1879752 103046 959953 47285 20728 173 12898 182908 3905 167361 69244 2713 9962 40801 93545 351 98735 1022 0 6617 20681 689 14281 22854 338837
"198303" 2292060 15950 957247 86966 111500 468366 3903 195232 44237 2483 158103 78613 38279 79535 275 12528 38843 1929383 107708 965255 47416 20996 62 12925 185236 4428 185212 72408 3929 10252 43707 93443 422 111500 1035 0 6434 20328 667 13356 22664 362677
"198304" 2277627 16099 938518 90534 113787 440571 4234 198330 48230 2300 162979 80975 37797 84066 329 16486 42392 2003237 112505 966951 48941 21346 69 13073 233584 4860 187580 76447 4242 9859 45320 95511 509 113787 816 0 6748 17227 812 17101 25949 274390
"198401" 2323053 15949 989324 93555 111640 436465 3945 193487 49168 2219 166547 84311 37532 86159 349 14543 37860 2053765 107437 981401 55609 21420 227 13105 246004 4882 221120 78825 3818 9846 45402 91560 474 111640 1033 0 7716 7024 804 17790 26628 269288
"198402" 2369936 15600 1017435 94255 115547 435476 4053 180502 54519 2426 170157 88328 40386 88853 395 15565 46439 2116477 110091 1031768 54437 21285 1007 13413 253941 5630 218361 86956 3853 10020 46995 89120 439 115547 1073 0 8094 6524 985 16260 20678 253459
"198403" 2469049 15255 1067041 97669 128964 446629 4121 197881 57561 2320 173570 92297 42538 89951 467 17076 35709 2244599 112567 1108550 52688 21217 1798 14022 247316 8461 232429 94463 3528 10217 48064 95380 422 128964 1149 0 8952 6342 1180 19064 27826 224450
"198404" 2426950 15108 1011364 100777 132262 431694 4753 211019 60663 2900 177182 95569 48035 91071 519 19638 24396 2314026 115370 1130539 50600 21423 1447 14444 261475 8523 244542 107652 3545 9906 52151 98609 369 132262 1655 0 9529 1769 1472 19632 27112 112924
"198501" 2566996 15071 1091586 107289 140863 430766 4065 218591 64093 2772 181479 99269 47275 94078 419 21697 47683 2388870 117474 1180716 51391 22084 1106 14914 255523 8272 252189 106781 4220 9472 52568 105101 386 140863 1790 0 9404 3843 1673 18934 30166 178126
"198502" 2644037 15180 1123520 111475 144839 433011 3940 230197 69660 2230 190481 103211 51326 98304 218 19150 47295 2449322 124284 1197408 52015 22748 1532 15164 258926 8041 256214 118728 4223 9725 54729 112040 404 144839 1642 0 9422 3972 1752 21068 30446 194715
"198503" 2761649 15279 1172816 125885 158741 428143 4040 226969 74497 2073 203232 105593 58203 99943 15 22168 64053 2537175 134776 1230521 53237 23539 2610 15482 275116 8422 265595 115717 5246 10078 55781 108389 440 158741 1985 0 7785 5791 1830 20369 35725 224474
"198504" 2982394 15209 1171758 130777 172130 444370 4845 232804 79524 2800 214720 241389 54874 104727 654 26983 84831 2853607 146692 1311264 54833 21961 7460 15836 292900 8035 286483 122061 4768 10032 57767 262819 490 172130 1991 1000 3920 3991 1692 26777 38705 128787
"198601" 3011263 14968 1163312 133376 169702 450305 3646 254274 81569 2647 224061 250350 56097 103335 1144 27853 74625 2911278 150920 1344657 57032 22157 7806 16022 283631 7707 299817 122124 5571 10400 57119 267618 589 169702 1576 1532 4444 4742 972 32209 42931 99985
"198602" 3020373 14548 1149109 134486 175169 451626 3668 241077 86607 2279 234003 253132 56335 101619 1992 34279 80443 2938045 155787 1352343 59752 22355 9045 16373 275085 7341 299430 125312 6550 10764 59595 270559 680 175169 2319 1944 514 3924 1133 36108 45963 82328
"198603" 3094325 14129 1193794 136070 186641 437774 3689 256346 88066 2997 245647 255129 58902 108123 2809 32147 72062 3038599 161828 1403299 62764 22556 9822 16135 290178 7635 311318 124305 6808 11256 62339 274365 671 186641 3110 2318 1437 8213 1984 22882 46735 55726
"198604" 3129565 13885 1137454 139408 201682 478330 3749 264172 89863 3000 258364 261159 63109 105690 771 33131 75798 3191212 167440 1455786 65071 22757 9139 16307 319842 7734 319778 124339 7676 11848 64796 295731 702 201682 3578 2675 5823 6234 1306 34731 46237 -61647
"198701" 3192541 13853 1165934 130113 198583 464415 3631 282420 99255 3144 268884 277748 65167 104824 1216 32558 80796 3311755 175068 1532914 65773 22867 9050 16649 308745 6892 321979 132426 9488 12655 67831 321110 770 198583 3435 3372 7649 7375 991 39022 47111 -119214
"198702" 3255454 14193 1172247 129732 204244 467903 3999 284880 105378 2975 280278 287775 62925 108614 973 33782 95555 3372297 182217 1566780 65354 22979 9405 16772 308563 6243 313036 132881 9305 13087 71436 332189 765 204244 3496 2603 9091 6724 1683 42107 51337 -116843
"198703" 3321237 14503 1173880 127688 218803 470662 4016 315960 105973 3794 291025 303777 59406 103630 1199 37085 89835 3519302 188943 1608933 65404 23091 10213 17183 322595 9713 338577 129968 9230 13343 75855 363506 619 217841 3360 4231 8668 9699 1833 45120 51377 -198065
"198704" 3433202 15093 1169909 127946 233116 524518 4715 314982 100606 3900 304296 305832 60660 135085 1188 39364 91993 3637039 195779 1620099 66733 23204 13019 17372 389939 9907 351852 145770 5016 15512 77783 343022 571 231950 4361 3805 12696 12356 2235 38239 55819 -203837
"198801" 3461023 14963 1199459 134921 229722 509890 4293 308270 95976 3819 312849 307721 65221 155574 1985 33386 82974 3699903 200504 1661310 70357 23329 6284 17543 380856 8128 347480 161823 7059 16496 81874 343350 527 227959 6850 4406 12853 12991 1841 42004 64079 -238880
"198802" 3530578 15023 1202059 139440 237736 515097 4593 328572 97714 3525 320272 312775 61729 159432 1939 33279 97393 3781890 204896 1680573 74290 23453 6973 17818 392992 8291 361009 161497 6061 16962 82161 352346 483 234929 5338 4117 13753 15587 1845 46647 69869 -251312
"198803" 3597623 15187 1226087 143935 251776 518214 4992 351557 107773 4719 327441 310781 64271 154541 2910 33182 80258 3868773 210368 1706068 77916 23579 6538 18083 404589 8452 366446 175468 7418 17537 84287 358446 512 248193 5002 3379 15501 14586 1622 39945 74838 -271150
"198804" 3856273 15542 1337791 148710 270552 601443 5212 356259 120935 4300 335645 314941 61770 152137 3520 41955 85561 4176718 216737 1880321 81388 23705 7189 18634 471638 9401 374253 177035 5061 18863 86395 370123 2117 264730 4648 3518 20215 15098 3053 47223 75373 -320445
"198901" 3958518 15450 1454445 155490 266282 608092 4366 382210 77814 3200 343863 323798 60766 146964 1511 35825 78442 4286838 220288 2001369 83862 23847 7015 18892 469432 8269 395191 128622 6602 19396 88271 378482 2733 260176 5408 4200 18086 15574 3689 45836 81598 -328320
"198902" 4062726 15565 1449734 161225 275343 624840 4381 414779 80063 3100 352552 329371 61878 153289 1858 39470 95277 4375535 224139 2002355 86903 23989 7564 19096 472508 9729 436681 136900 5312 19839 92089 377115 3919 268190 6845 5200 23021 16534 4909 51627 81071 -312810
"198903" 4201405 15693 1492601 166525 288662 620735 4236 477674 88624 3400 361410 336889 66721 155524 1620 25700 95390 4510773 229015 2029349 89166 24134 8229 28541 486313 7978 492616 140543 5904 20403 94475 373301 5200 281179 7839 6200 28430 17119 5076 50493 79270 -309368
"198904" 4259371 16371 1487158 171833 307059 661097 5178 459556 84080 3700 369858 342765 68032 156998 2148 35171 88367 4629322 233853 2034927 90154 24278 8570 33976 559242 7196 476792 138090 6162 22371 95137 381104 6269 299287 7531 7127 30259 17978 4690 66498 77831 -369951
"199001" 4375885 16011 1487618 165812 301478 710654 5208 482707 114412 3400 376788 344247 61688 147776 2313 41900 113873 4650710 242529 2077180 89080 24528 8444 33299 573907 5397 487308 97392 6994 23047 90854 378026 6609 294038 8333 7500 29357 15967 4357 70053 76511 -274825
"199002" 4300260 16022 1462764 165302 308768 691199 5029 417192 104256 3600 382954 345798 62701 159468 1584 45043 128580 4592002 244231 2050873 87139 24780 9402 51988 578134 4951 419624 94348 8702 22855 90885 372663 7829 301075 10789 8000 32687 15844 3569 74480 77154 -291742
"199003" 4434478 15972 1504106 164566 322185 741108 5264 450698 100199 3800 388910 344995 59863 173136 2292 41084 116300 4716983 249142 2070554 85809 25036 7957 56321 624244 5693 442743 92966 9209 23364 90542 373627 7625 314748 5565 8500 31220 15701 3061 92482 80874 -282505
"199004" 4426010 16459 1522298 163676 340329 720089 4179 465338 86926 3900 396920 348102 69244 161350 1202 37541 88457 4796790 253804 2133096 85939 25291 9839 68138 590545 6046 454964 96585 8176 24822 90997 363429 7831 332641 4000 8876 32941 16088 4270 97042 81430 -370780
"199101" 4519850 16331 1597905 163605 334052 709447 3864 482256 80522 3800 403033 361135 70254 163065 1171 40692 88717 4900400 255650 2214872 87780 25651 10903 61608 583055 5318 475042 102702 10158 25054 93865 369904 3910 326631 4833 8500 32294 17615 4273 98834 81948 -380550
"199102" 4560217 16104 1603740 163961 343676 724070 3834 464365 74323 3900 405567 373499 72025 172091 1777 42757 94528 4922614 258023 2203164 90790 26016 11616 68605 603750 5044 441412 94922 13616 25092 95774 387293 4763 336001 6569 8400 31129 18286 4293 108317 79739 -362397
"199103" 4650144 15875 1660503 166341 357339 713135 4125 474885 73771 4800 408452 381530 78203 172587 1745 42610 94243 5041043 260429 2210749 91995 26385 10404 101880 612151 5136 466938 87261 15459 24786 101231 396727 5032 350634 5761 8300 32173 22775 3775 115959 85103 -390899
"199104" 4776252 15737 1664281 167412 377958 734874 3839 509403 69295 4500 416421 388263 76508 178128 2851 41523 125259 5175447 264525 2212901 93995 26754 15324 104245 666424 5572 473721 85536 12768 23730 102180 403733 4621 370999 7727 8157 39208 27198 5411 128998 91720 -399195
"199201" 5052998 15673 1891293 171475 371354 763330 3490 497210 64824 4000 421455 394363 88388 189737 247 45322 130836 5286749 268694 2336030 94804 27167 10128 112004 643792 5093 493526 81736 16935 24225 99808 394946 4738 364685 7745 513 31073 24698 6400 140629 97380 -233751
"199202" 5064164 15652 1875940 175005 381298 762278 2701 526554 59908 4400 427784 397555 83996 178946 1147 48539 122461 5290080 273440 2273166 95062 27579 11262 120570 652953 5154 521582 83580 16670 24505 99615 402049 4741 374374 10327 2525 32356 19414 6028 128791 104337 -225916
"199203" 5163057 15680 1885592 177246 396533 756870 2937 562511 58488 4989 433969 400921 88805 180579 1041 50921 145975 5371913 278423 2270239 96357 27996 7750 121846 646667 7047 540936 81608 17616 20713 99386 404709 4037 389902 11256 2471 33069 20891 6433 171784 110777 -208856
"199204" 5192428 15762 1879821 181688 417670 742206 3421 557061 56258 4554 439927 402487 88966 189165 2424 52163 158855 5452118 282796 2303414 97521 28412 9978 119583 653675 7351 550977 78240 16486 24000 99383 403843 4544 410786 12705 3007 26901 20202 3134 180413 114767 -259690
"199301" 5245608 15889 1982045 183840 409611 714496 4004 581475 52797 4755 444474 413060 76459 182278 646 50117 129661 5551915 286453 2374983 100318 28944 1965 119129 649090 7690 576334 66717 18682 24784 100708 413905 4637 402820 15042 3638 29477 23981 2248 188501 111869 -306307
"199302" 5334725 16015 2024268 185039 419171 694624 3823 594549 55219 4976 447965 418924 82678 198022 1500 65618 122334 5654865 289537 2408768 103513 29480 -1761 118189 675348 9204 591962 64203 18661 25308 104130 414878 4725 412383 17852 1641 28763 25729 3277 195012 114063 -320140
"199303" 5430931 16141 2056295 186357 433778 671951 5148 615498 56030 5192 451489 426255 80017 195247 1619 75238 154675 5756878 293805 2445640 107488 30023 -13397 114019 683382 8348 612671 59215 19727 25921 102371 415656 4302 427230 21281 1581 33867 28095 4437 207903 123313 -325947
"199304" 5680780 16268 2075054 187575 454664 841141 4345 634192 51211 5066 456119 435878 84048 196009 2337 86056 150817 5983736 296097 2553901 111733 30565 -26715 115747 734017 9564 629401 61045 18188 28826 98340 423835 4109 447864 23687 3334 32538 29104 4580 228594 125382 -302956
"199401" 5757159 16400 2076936 188553 446451 875402 4527 686742 51559 5042 460197 443139 71630 190467 4325 89737 146053 6085732 299686 2553128 117171 30772 -20592 113927 744427 8572 679895 59754 19778 28128 110554 428663 3822 439948 28188 3213 30753 24904 6134 240450 134457 -328573
"199402" 5780423 16533 2079568 193490 455928 862810 5854 716304 52104 5401 464039 450758 64417 186231 4110 87769 135106 6182980 302387 2563122 121421 30981 -4914 118991 752177 8865 707592 58262 19537 28205 103228 441803 4074 449373 28098 2572 28368 21159 5448 254753 137478 -402557
"199403" 5863284 16665 2079864 198400 470523 874917 5739 740029 52162 5884 468031 458282 62121 190893 4800 91344 143629 6280008 307118 2603766 126269 31191 13169 117020 744238 8736 717215 52228 14454 28555 110275 451378 4631 463883 26675 4652 26384 17319 5644 267946 137262 -416724
"199404" 5972805 16797 2102016 203256 492308 907227 5242 758183 49633 6443 471880 474466 59123 198302 5284 77213 145432 6496753 310751 2712458 130300 31401 28368 118964 777474 9833 741453 52993 14786 32199 105100 465204 4587 485506 27782 5871 27293 12883 6376 254196 140975 -523948
"199501" 6033406 16977 2093873 204737 483482 915321 6774 810546 49089 4921 481026 488410 55310 203296 5330 75082 139232 6640368 317800 2794897 139342 31643 26945 115302 760159 8624 777221 51487 15201 32771 109960 473718 4227 476892 27736 5644 27502 15667 6396 265709 155525 -606962
"199502" 6071203 17156 2092834 208105 493671 941414 7170 783606 46017 4654 491299 499745 61091 213485 5950 78029 126977 6748745 324802 2842044 148480 31887 68621 114001 749875 9427 773150 54436 14603 32745 112394 482180 4581 486918 30674 7333 29030 15512 7195 248520 160337 -677542
"199503" 6135882 17336 2122684 211497 508235 923097 6780 808913 46310 4631 489346 506850 63539 213929 6302 81461 124972 6932440 324473 2939750 157180 32134 85145 115444 749477 9299 787702 53407 13895 33746 113045 491740 4834 501617 34459 8021 39114 15478 7578 248165 166737 -796558
"199504" 6356902 17515 2150166 214844 512993 1036241 6603 852839 45483 4526 501629 514512 65129 218932 6677 91666 117147 7281496 328327 3075105 166968 32382 89477 116893 899822 10737 802426 54683 13944 37759 118814 501193 4801 506332 39430 6335 26883 18214 7327 258158 165486 -924594
"199601" 6460275 17713 2197688 223037 517450 1035366 6526 845369 45260 4648 505380 520206 66033 222453 7051 88575 157520 7466807 329891 3211857 175535 32368 65816 115166 896743 9812 810506 51038 16581 38303 118140 511592 5156 510850 45125 5054 30171 17701 7077 283023 179302 -1006532
"199602" 6497826 17911 2193791 230340 529976 1038702 6684 865730 44445 4804 507611 527033 60683 217054 7573 90359 155130 7603584 331640 3256579 184106 32355 44889 114266 916848 10203 825608 49284 15280 38937 122347 522384 5438 522650 45860 8087 52654 16527 7054 289978 190610 -1105758
"199603" 6638521 18108 2254836 237719 542962 1031877 7334 861184 57455 4830 513274 539651 60568 213258 8199 105911 181355 7786352 335653 3318208 193662 32341 70812 114450 936080 10155 821848 66213 13727 39770 122984 536895 5268 535788 44992 3047 52673 17691 5173 304684 204238 -1147831
"199604" 6852056 18306 2261402 245479 568661 1161397 6575 866098 43780 4558 509850 547403 65697 222572 9174 122083 199021 8077073 338882 3417461 203522 32327 95274 110190 1011184 11201 829778 52870 13733 33646 126371 545235 5519 561392 43817 4681 60102 22895 5607 320660 230726 -1225017
"199701" 6999233 18390 2267587 260301 558090 1217207 6756 923736 36223 4701 512472 544192 72590 228105 10569 120989 217326 8227682 342331 3437941 215990 32438 121792 107239 1049343 10558 847939 43715 13253 35404 131798 543252 4936 551537 48312 5354 52769 30029 6466 335501 259785 -1228449
"199702" 6890153 18473 2223213 274318 567739 1095910 8185 942346 39308 4952 514709 572754 66532 207253 12138 125501 216822 8348348 345906 3472434 229672 32550 135849 105482 973172 12783 878720 44009 16174 37043 139101 559812 5173 561040 50837 7013 56689 36181 7614 384660 256434 -1458195
"199703" 7047303 18557 2211983 288552 580794 1118500 7400 967510 36165 4810 523235 588853 71855 235545 14312 139577 239655 8559225 351480 3565080 244398 32664 163573 104780 950385 12316 908906 43276 15883 38749 147651 570443 5331 576602 59881 7950 57643 28815 10019 387013 276387 -1511922
"199704" 7230431 18641 2105898 301309 608328 1243264 8657 1023426 37976 4626 522310 610510 74608 222025 18020 152036 278797 8984810 351547 3627082 259894 32776 170891 106728 1182876 13217 941876 49654 17568 42769 149205 574158 5578 601693 58107 11813 67695 37312 10466 391824 280081 -1754379
"199801" 7316538 18607 2133151 326309 597074 1161460 8360 1020260 40961 5004 526863 635946 89664 193157 22534 233247 303941 9153806 354731 3722000 288117 33603 208381 108088 1068401 13426 955341 54444 21483 42391 162369 590225 5765 590469 73125 8046 65634 11367 17088 447633 311679 -1837268
"199802" 7500875 18892 2194447 348091 608105 1259247 8528 1025956 37675 5543 528389 629889 87299 184359 26298 204742 333415 9421036 355764 3865648 320735 34439 197373 109586 1112886 14629 990560 54898 18001 44530 165758 587145 5916 601532 61330 4950 67938 12697 19696 467269 307756 -1920161
"199803" 7861540 18379 2202461 368540 622976 1455309 7787 1125509 38870 5381 532105 616045 89673 179474 29305 207507 362219 9791603 359656 3873811 353942 35284 211028 111263 1257251 15388 1078434 58884 19847 45755 173919 573205 5803 616276 67726 6604 65794 2017 21148 513391 325177 -1930062
"199804" 8178008 17227 2490393 392948 649611 1398083 9245 1114354 33870 5173 527727 624164 95597 211566 31630 195435 380986 10441418 360788 4475716 382086 36129 174044 113830 1278866 16139 1075212 62083 24342 46954 170118 584497 5812 642911 65671 7662 67597 3110 21194 499335 327322 -2263410
"199901" 8297066 18523 2577824 409129 639251 1430591 7795 1084263 31224 4991 529172 638527 89066 223286 33421 176756 403247 10667605 362210 4693509 407519 36419 174886 115049 1258156 15636 1090859 60689 26538 49523 168406 586942 6258 632554 65258 13362 70415 10848 21541 436315 364713 -2370539
"199902" 8555016 18604 2667807 430050 649393 1465756 8982 1086927 31391 4952 535978 650711 85957 228219 32114 192183 465992 11070686 364296 4921620 424587 36712 172428 116895 1362841 16406 1109184 59616 23041 50537 164665 589342 6524 642736 70606 5387 69599 11872 20406 462081 369305 -2515670
"199903" 8716868 18645 2722820 448505 664169 1515857 9658 1062185 29073 5058 546265 661739 82583 234876 35337 196603 483495 11426285 371537 5033415 445293 37008 168647 118093 1512269 16370 1118459 58781 19851 53302 173106 585356 6570 657468 72392 5011 73469 8116 19980 486495 385297 -2709417
"199904" 9199712 19435 2837587 466808 690583 1707750 8318 1075482 20891 6034 534408 651750 90131 283703 36159 208300 562373 11991234 372593 5416265 463760 37304 165581 118982 1613349 16798 1110166 59981 7971 47768 159073 587626 7114 684033 90567 4150 72549 17214 19851 522811 395728 -2791522
"200001" 9272097 18702 2917522 488692 679579 1698914 9942 953359 17637 5368 536538 661758 94639 360073 35796 213186 580392 12550762 373840 5605551 485785 37394 167159 120844 1733570 16494 1299547 60765 11247 48498 164160 586967 6977 672950 48077 2924 75758 47393 20326 549738 414798 -3278665
"200002" 9604969 18896 3056987 507499 689843 1835097 9565 922981 20440 6141 541848 652398 91051 365834 37275 226303 622811 12959845 377230 5787528 511108 37483 160875 121806 1876958 16564 1317897 64511 13873 50929 167101 566652 7232 683329 57708 2629 79187 44624 20238 573021 421362 -3354876
"200003" 10146369 18750 3254969 530169 703917 2019253 9575 1017449 24248 7464 546017 648734 89046 390445 37700 230175 618458 13455003 381043 6008961 532501 37574 156863 122538 2009914 18328 1391310 63094 10467 52119 180962 552796 7469 697363 65401 3518 80861 48963 20857 589103 422998 -3308634
"200004" 10194364 19560 3359098 552434 711325 1853550 9324 1045686 31937 5607 542997 631238 97042 417558 38001 216579 662429 14341935 378726 6698917 553680 37664 143080 123622 2100526 19277 1423224 67641 12910 47887 188127 527310 8216 704935 68329 3507 63374 51723 21748 655088 442424 -4147571
"200101" 10638273 18723 3436774 566771 719752 2143577 8706 1055141 31517 3459 549240 611691 130164 446138 37914 212212 666495 14983635 376631 6756991 581826 37961 138742 124580 2636584 19254 1496868 84816 12705 48629 214687 462982 9350 713274 53009 1304 62923 55017 21983 588751 484768 -4345361
"200102" 10853497 18461 3465710 580595 731272 2182390 8030 1082160 43115 6047 553727 629074 127387 451666 37790 299278 636795 15267321 385458 6842553 614457 38261 138093 125446 2635863 20168 1537176 85032 17216 48343 210225 466772 9394 724915 59962 1029 63688 42900 22807 723609 453954 -4413824
"200103" 11272072 19264 3451790 594401 744625 2486034 7971 1193706 49240 5468 571748 605043 147650 450004 37515 277723 629889 15544188 398243 6816950 644192 38566 132667 125719 2810046 20444 1670198 90454 27916 48338 210446 411230 10211 738233 59593 1038 71510 50644 22702 717885 426963 -4272117
"200104" 10926936 19117 3465769 607655 771987 1987280 7031 1069822 46940 3768 574616 629901 148186 471475 38049 358516 726824 15335831 397775 6910849 683560 38869 124444 125619 2362910 20305 1626820 84219 18298 49282 208060 426819 10000 765770 65068 911 68910 67465 22385 821038 436455 -4408895
"200201" 10994151 19436 3493849 613244 760041 2063372 7928 1059501 38221 5170 582515 675759 146247 469970 38539 344167 676191 15469098 402498 6918746 693225 39122 121442 125567 2437320 21173 1608938 94517 29785 54244 221082 455536 8893 753737 57740 1272 68694 64567 22751 820503 447746 -4474947
"200202" 11309823 19306 3505113 618105 768747 2219179 8506 1200479 36464 4770 598982 660117 152854 483514 38984 331785 662918 15761158 415178 6886306 703650 39378 110825 126155 2661733 21006 1690915 94187 19833 55816 224761 430920 9921 762571 66657 1310 74141 66483 23529 812627 463256 -4451335
"200203" 11764400 20028 3490557 622766 779888 2533476 9388 1243882 53814 5585 614438 647991 173349 519334 40234 334867 674803 16084422 425201 6874456 714305 39636 101778 127633 2900133 20094 1766409 97557 23993 55594 225464 397703 10338 773685 68741 1164 85291 73977 23636 825009 452625 -4320022
"200204" 11559877 20003 3513904 627044 811696 2288573 8134 1270424 61649 5694 615672 642632 188428 539243 40813 258502 667466 15897899 444914 7042983 724224 39894 91289 128732 2549067 19616 1781429 103277 30402 79000 206352 402727 10444 790299 56460 949 90867 81075 25019 723677 475203 -4338022
"200301" 11575196 20695 3530952 632741 790003 2332116 7712 1265356 55382 6301 628845 672672 182718 545340 39590 268848 595924 15938592 455922 6945827 736841 40218 82746 128118 2647303 19309 1785273 103512 23341 79962 234988 402045 10652 767803 60072 1676 92224 89392 24703 723199 483466 -4363396
"200302" 11539437 20996 3477359 638631 801838 2097395 8548 1309939 68759 6803 641150 724012 184979 590140 40338 279045 649505 15962857 465116 6952211 749458 40547 85871 129483 2437855 18852 1862397 108418 24820 82447 233552 431016 10316 778644 52313 1751 101080 102031 25196 791298 478185 -4423420
"200303" 11654288 21018 3459492 644218 812591 2032139 8652 1348839 82582 6772 658955 734893 173016 655635 40192 281293 694001 16056576 482494 6933522 762074 40878 82132 129895 2400316 18510 1902830 121683 23913 84497 231583 435726 10762 788146 58596 3146 105571 114464 26511 827452 471875 -4402288
"200304" 11828673 20920 3413568 649727 855769 2283466 8297 1336876 28120 7427 667224 746580 151543 666389 42305 296443 654019 16430855 501297 7109309 774691 41210 72964 130696 2469407 18231 1915686 98091 26329 84606 225307 467279 11326 814966 56213 1958 109362 120546 29269 858759 493353 -4602182
"200401" 12143332 20963 3468148 666682 841551 2379752 9052 1373808 29007 7995 678602 780051 171673 690603 43998 310351 671095 16766278 508461 7150495 833405 41713 65544 131529 2585285 18117 1932884 91884 24300 90691 255433 458482 11706 801183 56010 5414 104287 110748 32149 931069 525489 -4622946
"200402" 12323888 21723 3526693 683859 850287 2549850 9371 1326712 31755 9376 690274 783679 143572 704925 42444 338009 611359 16953278 515492 7270634 892120 42215 70535 132271 2557525 17857 1969031 95634 26925 93804 251695 470948 12017 809232 51509 4176 102724 97777 34210 939540 495407 -4629390
"200403" 12608111 22032 3547046 701167 865991 2634744 13050 1384096 37050 9245 713588 783795 153581 713678 45151 338862 645035 17423290 532428 7362268 950834 42723 71759 133558 2697598 17707 2105106 95206 26548 96936 253280 451781 13951 824347 47797 5149 109394 98297 36591 945706 504326 -4815179
"200404" 13290928 22474 3594870 718243 913870 3091632 12523 1426762 33224 9326 708283 801206 143652 719611 50428 376356 668468 18356416 553762 7689639 1009548 43230 64575 134033 2985550 18575 2136437 166651 24495 89910 251127 479221 15948 855900 53264 7013 113852 94477 40350 994023 534836 -5065488
"200501" 13447684 22743 3714817 754290 904229 3072454 13232 1460437 34206 8742 718211 820468 153162 680857 46902 368573 674361 18604002 560562 7738637 1073540 43550 54218 131741 3117490 17551 2149377 87486 28485 90944 277620 471026 6452 844345 45474 8265 135198 86310 43234 1045569 546928 -5156318
"200502" 13716269 23454 3789713 790047 896558 3157514 13936 1505009 39350 12056 725209 827682 152509 694511 49784 388090 650847 18992829 562780 7882790 1137532 43873 49155 132529 3130268 17898 2194843 87306 30335 98333 277414 469245 13387 840123 47128 8039 124607 88108 46009 1129338 581789 -5276560
"200503" 13590764 22684 3836966 825616 912580 2848484 14980 1424581 48966 14181 749933 848638 152131 737986 51691 409496 691851 19313378 583135 7996746 1201523 44200 53298 133529 3149116 17324 2247283 89892 29248 100737 278451 476382 11976 854157 51960 9832 75986 37991 48234 1236973 585405 -5722615
"200504" 14270562 22369 3869506 861232 963655 3468112 15292 1388530 60490 11944 759259 824036 141785 702778 54685 405533 721356 19599069 608671 8140439 1265515 44527 30008 133748 3177517 18143 2223661 107898 24159 103250 267323 480175 15372 882907 43256 10707 117830 46667 51926 1202619 602751 -5328507
"200601" 14273251 22602 3867037 897072 948377 3307998 16236 1420687 68966 9903 766572 857969 154050 705714 52137 418744 759186 19973559 614787 8285688 1360228 45535 24871 135169 3160947 17484 2255974 97356 20218 104736 272772 489212 13228 868760 43672 14392 109431 42317 50816 1311657 634309 -5700308
"200602" 14463157 22717 3898840 933278 951784 3355159 17565 1450147 74417 9792 774705 872036 163317 697565 54950 449161 737725 20616904 620748 8482794 1454941 46553 20005 135291 3329312 17659 2294985 98988 19666 104627 276991 479867 14554 873308 45349 13548 114048 27633 54289 1447130 644618 -6153747
"200603" 14720341 22681 3960645 969455 966283 3365516 18362 1409814 109345 12604 784413 904502 149435 711963 58189 471444 805690 21175261 625547 8667704 1549653 47584 9372 136276 3419237 17785 2315861 102036 23886 107550 297289 493278 16022 888247 58285 15449 122828 17303 54923 1550137 639009 -6454920
"200604" 15659214 22840 3928251 1006101 1017231 4151047 18519 1420256 80204 9215 815660 925924 153420 715673 62435 519539 812900 22232128 646082 8901138 1644366 48613 -464 136809 3977725 17026 2347205 109294 24912 105468 308444 532532 16342 918667 59167 13959 114651 16424 59740 1599426 634602 -6572913
"200701" 15860112 23411 4061093 1029250 1000819 4182655 19384 1386076 87069 10451 801899 947434 151906 664483 57880 565034 871267 22928284 652559 9110568 1726475 49452 6287 137412 4210662 16772 2249058 121322 22861 109672 301308 534928 16975 903380 78739 16374 123531 21312 54795 1780261 683581 -7068173
"200702" 16232750 23411 4120402 1052831 1010693 4080445 19272 1528566 94068 8303 815322 974655 159108 673918 56761 657851 957143 23737990 677908 9325039 1808585 50301 77936 138234 4307278 17388 2340718 124367 28040 114316 308816 560328 17103 892812 76442 16783 140335 23878 57461 1938847 695075 -7505240
"200703" 16398802 23809 4203582 1076371 1031724 3905252 20653 1636936 87345 3527 829683 1008715 170609 662820 60954 597543 1079278 24306883 692097 9530937 1890694 51158 19246 138958 4408649 16715 2556759 131368 29774 117121 323951 568172 16533 909027 88744 17779 135466 25466 56887 1880275 701107 -7908081
"200704" 17474212 23852 4223838 1099870 1094182 4881530 20971 1686555 102406 3600 813811 1010588 171146 654419 65787 559468 1062189 24703208 712210 9838655 1972803 52016 -6361 138743 4544470 40474 2546560 115465 35878 121095 348341 567112 15704 951977 90937 16771 141695 18156 55381 1633652 751474 -7228997
"200801" 18528153 25152 4210918 1124443 1078365 5506603 21011 1858871 91697 7600 821484 1017695 193315 665776 65335 533990 1305898 25429285 724662 9663444 2021568 52469 3636 139584 5082238 37260 2821085 114107 38351 122757 374230 525927 15836 936888 69742 20099 126481 26224 57228 1712134 743335 -6901132
"200802" 18793420 25544 4232509 1141681 1086467 5603741 21355 1863111 86188 3200 838695 1019999 181182 659421 63684 518651 1447991 25321277 732236 9534292 2053504 52923 3699 138559 5019548 77202 2900026 104901 40464 125169 358717 527801 15842 943460 56896 17310 125614 27052 59720 1669403 736939 -6527857
"200803" 20277189 25332 4210442 1163167 1111714 6965072 22201 1882262 58657 1900 856211 934313 207564 670373 65638 599425 1502917 25648325 749528 9432350 2089151 53382 8237 116910 5354225 303236 3075081 90489 41357 127920 328672 492683 15628 962291 45116 18933 105814 26150 61300 1456245 693627 -5371137
"200804" 19655454 27007 4392127 1173557 1183455 5600762 23144 2481534 72304 4700 821204 905047 212128 664796 62113 429531 1602045 24754420 766378 9312301 2100911 53841 3493 110792 4154128 569807 3441717 90021 44238 106552 396006 426514 15701 1015287 47872 19981 95032 29964 54676 1105671 793537 -5098966
"200901" 19990561 26511 4394960 1172408 1157108 5815256 24495 2613190 74676 20700 810970 853063 245022 664244 50066 393171 1674722 25378390 763105 9272099 2070677 54253 -3307 113578 4485479 332512 4134426 99886 60121 108285 404310 392578 15550 993222 51372 16042 95479 44395 57553 1014449 802326 -5387829
"200902" 19073637 24833 4428263 1168385 1162530 5039465 33011 2459369 48451 20800 812308 894339 247233 634088 51111 418808 1630643 24853367 764976 9255828 2023866 54668 13293 108968 4207539 163024 4058349 80342 59554 109940 372523 454833 15640 997560 53425 17259 107768 56087 57130 1083188 737608 -5779730
"200903" 18765524 24461 4521425 1164949 1179525 4550290 31700 2471924 41494 20800 817834 968502 263097 609866 45279 435305 1619073 24634840 771591 9297527 1967437 55090 28261 97651 4003591 113968 4003921 72778 55095 115385 382930 509862 16078 1013520 51899 19000 79405 55072 60604 1162992 701183 -5869316
"200904" 19915292 22085 4560845 1163123 1261614 5727929 29200 2316231 21790 19400 829675 985636 270426 573555 39311 470805 1623667 25115549 787141 9465347 1914892 55510 23163 145844 4359553 75858 3897745 74937 50626 131076 377925 533295 16249 1077221 59143 14876 66849 61905 60710 1141049 724634 -5200257
"201001" 19926520 24610 4484015 1167877 1243792 5856832 28742 2352189 22358 11400 829312 994959 272852 570989 49078 491357 1526158 25004718 787918 9509756 1865444 55633 52695 147222 4349332 68243 3892223 74706 43469 133133 360328 545462 16337 1060564 55792 8286 12891 45316 66918 1142244 710805 -5078198
"201002" 20747100 25509 4542908 1159198 1249088 6471891 32761 2544994 20252 12000 837490 1020101 242329 568670 47946 458461 1513502 25578023 798672 9594060 1819408 55757 74700 130379 4812407 68559 4068914 73007 40805 135674 405942 517156 16511 1064808 58760 2833 5150 52228 76481 1040598 665214 -4830923
"201003" 20181460 22560 4523185 1151813 1269592 5715850 31806 2731440 20583 13500 841357 1035438 216527 572147 41958 479872 1513832 25672169 812788 9683013 1787142 55883 90954 137907 4697353 67195 4059610 72878 39615 135072 386511 543544 17061 1081484 60870 2823 39912 47514 75071 1080184 697786 -5490709
