"DATES" "FL404090005.Q" "FL403020005.Q" "FL403030005.Q" "FL402050005.Q" "FL404004005.Q" "FL403069105.Q" "FL403061105.Q" "FL403061705.Q" "FL403062005.Q" "FL403063005.Q" "FL403069305.Q" "FL403069385.Q" "FL403069345.Q" "FL403069330.Q" "FL403065005.Q" "FL403065105.Q" "FL403065405.Q" "FL403065605.Q" "FL403066005.Q" "FL403093005.Q" "FL404190005.Q" "FL404104005.Q" "FL403161705.Q" "FL403169283.Q" "FL403190005.Q"
"195201" 3687 79 0 0 3392 0 565 0 0 0 1799 0 1210 589 1028 0 0 1028 0 216 3369 1941 1941 0 1428
"195202" 3747 89 0 0 3440 0 496 0 0 0 1898 0 1245 653 1046 0 0 1046 0 218 3424 2038 2038 0 1386
"195203" 3789 81 0 0 3486 0 483 0 0 0 1935 0 1220 715 1068 0 0 1068 0 222 3456 2128 2128 0 1328
"195204" 3824 96 0 0 3647 0 495 0 0 0 2061 0 1197 864 1091 0 0 1091 0 81 3486 2102 2102 0 1384
"195301" 3859 100 0 0 3530 0 695 0 0 0 1721 0 1110 611 1114 0 0 1114 0 229 3510 1996 1996 0 1514
"195302" 3903 98 0 0 3577 0 574 0 0 0 1867 0 1149 718 1136 0 0 1136 0 228 3553 2010 2010 0 1543
"195303" 4019 111 0 0 3675 0 592 0 0 0 1925 0 1124 801 1158 0 0 1158 0 233 3664 2127 2127 0 1537
"195304" 4075 139 0 0 3708 0 589 0 0 0 1939 0 987 952 1180 0 0 1180 0 228 3720 2099 2099 0 1621
"195401" 4086 86 0 0 3766 0 901 0 0 0 1654 0 1024 630 1211 0 0 1211 0 234 3727 1871 1871 0 1856
"195402" 4227 91 0 0 3884 0 872 0 0 0 1770 0 1095 675 1242 0 0 1242 0 252 3867 1967 1967 0 1900
"195403" 4314 115 0 0 3966 0 896 0 0 0 1808 0 1119 689 1262 0 0 1262 0 233 3947 2092 2092 0 1855
"195404" 4457 112 0 0 4024 0 849 0 0 0 1894 0 1027 867 1281 0 0 1281 0 321 4088 2064 2064 0 2024
"195501" 4533 102 0 0 4125 0 982 0 0 0 1799 0 1097 702 1344 0 0 1344 0 306 4160 2045 2045 0 2115
"195502" 4898 104 0 0 4475 0 869 0 0 0 2189 0 1172 1017 1417 9 0 1408 0 319 4522 2361 2361 0 2161
"195503" 5028 99 0 26 4586 0 637 0 0 0 2466 0 1191 1275 1483 30 0 1453 0 317 4643 2618 2602 16 2025
"195504" 5485 132 0 40 5000 0 936 0 0 0 2481 0 1064 1417 1583 86 0 1497 0 313 5098 3071 3005 66 2027
"195601" 5679 92 0 40 5236 0 1256 0 0 0 2256 0 1118 1138 1724 156 1 1567 0 311 5286 3137 3111 26 2149
"195602" 6000 76 0 37 5559 0 1267 0 0 0 2420 0 1247 1173 1872 233 1 1638 0 328 5608 3410 3316 94 2198
"195603" 6146 88 0 22 5720 0 1257 0 0 0 2422 0 1280 1142 2041 352 0 1689 0 316 5745 3657 3559 98 2088
"195604" 6494 132 0 18 6048 0 1226 0 0 0 2432 0 1204 1228 2390 649 0 1741 0 296 6094 3809 3448 361 2285
"195701" 6809 85 0 18 6406 0 1342 0 0 0 2229 0 1268 961 2835 1031 0 1804 0 300 6383 4056 3845 211 2327
"195702" 7256 92 0 15 6848 0 1269 0 0 0 2462 0 1383 1079 3117 1249 0 1868 0 301 6832 4449 4446 3 2383
"195703" 7425 81 0 16 7020 0 1137 0 0 0 2545 0 1426 1119 3338 1445 0 1893 0 308 6991 4753 4635 118 2238
"195704" 7778 113 0 18 7347 0 1143 0 0 0 2651 0 1386 1265 3553 1636 0 1917 0 300 7341 4929 4848 81 2412
"195801" 7969 84 0 12 7575 0 1742 0 0 0 2163 0 1467 696 3670 1718 0 1952 0 298 7525 4735 4728 7 2790
"195802" 8009 109 0 10 7576 0 1631 0 0 0 2564 0 1635 929 3381 1394 0 1987 0 314 7565 4625 4625 0 2940
"195803" 7987 79 0 7 7583 0 1497 0 0 0 2716 0 1706 1010 3370 1333 0 2037 0 318 7527 4859 4840 19 2668
"195804" 8129 125 0 0 7684 0 1252 0 0 0 2964 0 1666 1298 3468 1381 0 2087 0 320 7660 4985 4925 60 2675
"195901" 8403 83 0 0 8012 0 1457 0 0 0 2918 0 1831 1087 3637 1464 0 2173 0 308 7920 5126 5041 85 2794
"195902" 9208 120 0 0 8772 0 1328 0 0 0 3610 0 2073 1537 3834 1574 0 2260 0 316 8730 5952 5910 42 2778
"195903" 9789 112 0 0 9335 0 1317 0 0 0 3931 0 2136 1795 4087 1777 0 2310 0 342 9296 6757 6722 35 2539
"195904" 10418 157 0 0 9898 0 1352 0 0 0 4146 0 2012 2134 4400 2040 0 2360 0 363 9921 7259 7120 139 2662
"196001" 10420 102 0 0 9975 0 1556 0 0 0 3625 0 2105 1520 4794 2370 0 2424 0 343 9910 7188 6956 232 2722
"196002" 11049 146 0 0 10543 0 1437 0 0 0 4019 0 2249 1770 5087 2600 0 2487 0 360 10543 7610 7610 0 2933
"196003" 11295 104 0 0 10799 0 1450 0 0 0 4017 0 2281 1736 5332 2806 1 2525 0 392 10773 7782 7726 56 2991
"196004" 11613 152 0 3 11092 0 1494 0 0 0 4131 0 2150 1981 5467 2901 2 2564 0 366 11090 7897 7860 37 3193
"196101" 11392 81 0 0 10941 0 1757 0 0 0 3768 0 2291 1477 5416 2768 2 2646 0 370 10856 7391 7378 13 3465
"196102" 11748 115 0 0 11253 0 1708 0 0 0 4295 0 2426 1869 5250 2520 2 2728 0 380 11221 7715 7715 0 3506
"196103" 12130 115 0 0 11631 0 1635 0 0 0 4612 0 2488 2124 5384 2604 2 2778 0 384 11593 8222 8213 9 3371
"196104" 12722 207 0 0 12128 0 1419 0 0 0 5009 0 2347 2662 5700 2870 2 2828 0 387 12184 8578 8474 104 3606
"196201" 13006 103 0 0 12517 0 1952 0 0 0 4644 0 2493 2151 5921 3020 3 2898 0 386 12447 8895 8851 44 3552
"196202" 13422 148 0 0 12890 0 1594 0 0 0 5457 0 2690 2767 5839 2863 8 2968 0 384 12886 9188 9188 0 3698
"196203" 13761 134 0 0 13223 0 1622 0 0 0 5743 0 2697 3046 5858 2840 8 3010 0 404 13178 9774 9740 34 3404
"196204" 14372 227 0 0 13745 0 1792 0 0 0 6054 0 2575 3479 5899 2835 12 3052 0 400 13780 10077 9988 89 3703
"196301" 13655 107 0 0 13166 0 2232 0 0 0 5280 0 2766 2514 5654 2517 12 3125 0 382 13044 9186 9123 63 3858
"196302" 14546 193 0 0 13959 0 2326 32 0 0 6264 0 2994 3270 5337 2127 12 3198 0 394 13916 10028 10028 0 3888
"196303" 14867 147 0 0 14281 0 1832 38 0 0 7077 0 3053 4024 5334 2070 11 3253 0 439 14222 10700 10700 0 3522
"196304" 15864 201 0 0 15288 0 2159 45 0 0 7723 0 2939 4784 5361 2040 12 3309 0 375 15205 11524 11524 0 3681
"196401" 15185 126 0 9 14674 0 1952 54 0 0 7221 0 3053 4168 5447 2023 11 3413 0 376 14499 10953 10953 0 3546
"196402" 16182 188 0 16 15619 0 1988 64 0 0 8030 0 3261 4769 5537 2010 11 3516 0 359 15499 11689 11685 4 3810
"196403" 16174 151 0 20 15609 0 1773 74 0 0 8162 0 3325 4837 5600 1972 11 3617 0 394 15471 11929 11795 134 3542
"196404" 16608 187 0 27 16007 0 1677 85 0 0 8530 0 3205 5325 5715 1986 11 3718 0 387 15892 12068 11937 131 3824
"196501" 16592 123 0 23 16065 0 1925 88 0 0 8134 0 3387 4747 5918 2019 11 3888 0 381 15850 12083 12056 27 3767
"196502" 17842 150 0 19 17253 0 1835 97 0 0 9203 0 3617 5586 6118 2049 11 4058 0 420 17119 13234 13234 0 3885
"196503" 18216 140 0 8 17634 0 1734 98 0 0 9467 0 3665 5802 6335 2154 11 4170 0 434 17455 13854 13725 129 3601
"196504" 18879 172 0 0 18265 0 1798 98 0 0 9568 0 3571 5997 6801 2510 10 4281 0 442 18100 14182 13846 336 3918
"196601" 19778 143 0 12 19182 0 1755 121 0 0 9532 0 3845 5687 7774 3261 10 4503 0 441 18971 15048 14810 238 3923
"196602" 22190 201 0 22 21574 0 2036 151 0 0 10953 0 4170 6783 8434 3699 10 4725 0 393 21403 17380 17380 0 4023
"196603" 23110 143 0 37 22444 0 1923 152 0 0 11450 0 4275 7175 8919 4068 10 4841 0 486 22291 18512 18111 401 3779
"196604" 23908 175 0 49 23333 0 2684 147 0 0 11148 0 4213 6935 9354 4386 10 4958 0 351 23089 19007 18904 103 4082
"196701" 23723 140 0 31 23256 0 3658 160 0 0 9706 0 4531 5175 9732 4592 9 5131 0 296 22883 18314 18258 56 4569
"196702" 23458 130 0 20 23015 0 3800 175 0 0 9145 0 4843 4302 9895 4582 9 5304 0 293 22642 17613 17613 0 5029
"196703" 23189 120 0 20 22630 0 2974 179 0 0 9029 0 4907 4122 10448 4983 9 5456 0 419 22341 17907 17410 497 4434
"196704" 23859 178 0 0 23289 0 2690 165 0 0 9303 0 4917 4386 11131 5513 9 5609 0 392 23002 18386 18350 36 4616
"196801" 24970 125 0 2 24458 0 2850 169 0 0 9481 0 5212 4269 11958 6154 11 5793 0 385 24079 19524 19462 62 4555
"196802" 26593 148 0 10 26059 0 2998 182 0 0 10283 0 5394 4889 12596 6612 11 5973 0 376 25730 20912 20856 56 4818
"196803" 26519 151 0 8 26021 0 2585 182 0 0 10346 0 5320 5026 12908 6830 14 6064 0 339 25682 21305 21011 294 4377
"196804" 27116 181 0 12 26518 0 2550 185 0 0 10490 0 5231 5259 13293 7151 16 6126 0 405 26244 21862 21579 283 4382
"196901" 28046 194 0 46 27388 0 2275 192 0 0 10915 0 5584 5331 14006 7671 18 6317 0 418 27137 22728 22728 0 4409
"196902" 30453 216 0 90 29621 0 2334 193 0 0 12362 0 5949 6413 14732 8155 20 6557 0 526 29572 25059 25059 0 4513
"196903" 32893 394 0 122 31764 0 1725 183 0 0 13854 0 5914 7940 16002 9298 28 6676 0 613 32108 27756 27756 0 4352
"196904" 36291 230 0 193 35107 0 1964 183 0 0 15296 0 6007 9289 17664 10919 31 6714 0 761 35390 30645 30645 0 4745
"197001" 40192 160 0 200 38999 0 3256 182 0 0 16229 0 6484 9745 19332 12446 53 6833 0 833 39035 34278 34278 0 4757
"197002" 42196 173 0 487 40616 0 2701 180 0 0 17082 0 6846 10236 20653 13508 150 6995 0 920 41055 35822 35822 0 5233
"197003" 43921 180 0 902 42009 0 2212 187 0 0 17380 0 6855 10525 22230 14883 246 7101 0 830 42759 37415 37415 0 5344
"197004" 46599 193 0 966 43912 0 3059 188 0 0 17619 0 7004 10615 23046 15538 321 7187 0 1528 45404 38879 38879 0 6525
"197101" 46635 206 0 239 44705 0 4197 198 0 0 17223 0 7533 9690 23087 15305 435 7347 0 1485 45408 37848 37848 0 7560
"197102" 44367 188 0 293 42250 0 3424 208 0 0 15191 0 7950 7241 23427 15263 585 7579 0 1636 43123 36924 36924 0 6199
"197103" 45854 381 0 604 43008 0 2145 207 0 0 15357 0 7720 7637 25299 16724 808 7767 0 1861 44565 38635 38635 0 5930
"197104" 47271 247 0 352 44991 0 2493 208 0 0 15618 0 7682 7936 26672 17615 1140 7917 0 1681 45997 40021 40021 0 5976
"197201" 48227 167 0 347 45994 0 4160 213 0 0 14152 0 8160 5992 27469 17930 1400 8139 0 1719 46913 40451 40451 0 6462
"197202" 49478 192 0 1120 46438 0 3228 221 0 0 14516 0 8441 6075 28473 18450 1593 8430 0 1728 48167 41885 41885 0 6282
"197203" 50228 197 0 967 47313 431 1957 229 0 0 15107 0 8371 6736 29589 18975 1869 8745 0 1751 48882 42553 42553 0 6329
"197204" 51263 199 0 752 48950 414 1245 241 0 0 16373 0 8394 7979 30677 19464 2119 9094 0 1362 49922 43542 43542 0 6380
"197301" 54043 234 0 1214 50931 159 935 242 0 0 17715 0 9295 8420 31880 19939 2374 9567 0 1664 52602 45546 45546 0 7056
"197302" 59088 210 0 1943 55224 190 337 310 0 0 20828 0 9683 11145 33559 20534 2948 10077 0 1711 57570 50584 50584 0 6986
"197303" 65822 214 0 2393 60906 94 448 313 0 0 24205 0 9907 14298 35846 21840 3481 10525 0 2309 64201 56671 56671 0 7530
"197304" 70039 297 0 3033 64360 221 1145 322 0 0 24922 0 9775 15147 37750 22839 3963 10948 0 2349 68371 59837 59837 0 8534
"197401" 70321 271 0 1625 66317 343 1124 313 0 0 25658 0 10663 14995 38879 23056 4524 11299 0 2108 68553 59877 59877 0 8676
"197402" 76014 217 0 1954 72408 261 756 312 0 0 28929 0 11287 17642 42150 24865 5108 12177 0 1435 74132 65391 65391 0 8741
"197403" 83969 239 0 2255 79730 267 819 310 0 0 32795 0 12023 20772 45539 26980 5682 12877 0 1745 81918 73158 73048 110 8760
"197404" 88189 284 0 2064 85308 1097 1441 449 0 0 34227 0 12423 21804 48094 28441 6169 13484 0 533 86047 77134 76439 695 8913
"197501" 88832 234 0 1458 86678 1799 4248 384 0 0 30716 0 12552 18164 49531 28444 6388 14699 0 462 86636 77025 76072 953 9611
"197502" 90048 230 0 2136 86796 1717 3523 399 0 0 30195 0 13392 16803 50962 29027 6428 15507 0 886 87629 77269 76022 1247 10360
"197503" 90691 204 0 1213 87483 867 3024 399 0 0 30982 0 13500 17482 52211 30197 6407 15607 0 1791 88074 78364 76956 1408 9710
"197504" 93378 281 0 1777 89824 1186 2935 424 0 0 31819 0 13974 17845 53460 30934 6410 16116 0 1496 90967 80340 78781 1559 10627
"197601" 94191 285 0 2083 90536 1595 4093 370 0 0 30357 0 14600 15757 54121 31064 6275 16782 0 1287 91724 80563 79029 1534 11161
"197602" 94434 265 0 1702 91583 1860 3847 378 0 0 30878 0 15604 15274 54620 30856 6279 17485 0 884 91753 81090 79556 1534 10663
"197603" 96520 217 0 1310 93909 1330 4205 356 0 0 32112 0 16050 16062 55906 31540 6284 18082 0 1084 93709 82361 80871 1490 11348
"197604" 97848 235 0 2062 94528 1153 4392 455 0 0 32105 0 16243 15862 56423 31430 6350 18643 0 1023 95010 82413 81241 1172 12597
"197701" 98335 234 0 2596 94549 1392 3202 549 0 0 32537 0 18075 14462 56459 30656 6351 19452 410 956 95430 82528 82118 410 12902
"197702" 101720 224 0 3404 96748 2333 1401 367 0 0 33964 0 18247 15717 58253 31467 6472 20314 430 1344 98580 85101 84671 430 13479
"197703" 102917 272 0 3122 98153 1739 830 342 0 0 35538 0 18484 17054 59194 31652 6528 21014 510 1370 99626 86532 86022 510 13094
"197704" 105900 304 0 2218 101382 1386 961 84 0 0 38492 0 18319 20173 59944 31918 6403 21623 515 1996 102641 88712 88197 515 13929
"197801" 111151 264 0 3680 104689 1149 842 210 0 0 39578 0 18300 21278 62320 33566 6370 22384 590 2518 107707 93211 92621 590 14496
"197802" 119335 298 0 3511 113105 788 1320 637 0 0 44656 0 19382 25274 65014 35564 6176 23274 690 2421 115664 99969 99279 690 15695
"197803" 127013 248 0 3759 120382 236 1097 355 0 0 49317 0 20159 29158 68632 38282 6246 24104 745 2624 123120 106013 105268 745 17107
"197804" 134484 334 0 3641 128067 188 1442 193 0 0 53137 0 20467 32670 72192 40942 6395 24855 915 2442 130653 112181 111266 915 18472
"197901" 141755 301 0 5863 132832 170 862 225 0 0 53695 0 21814 31881 76850 44367 6460 26023 1030 2759 137727 118384 117354 1030 19343
"197902" 149379 356 0 4692 142031 47 1827 345 0 0 58501 0 23430 35071 80171 46341 6412 27418 1140 2300 144954 123699 122559 1140 21255
"197903" 154377 370 0 3527 148148 52 931 390 0 0 62596 0 24000 38596 82904 47778 6522 28604 1275 2332 149648 128251 126976 1275 21397
"197904" 165640 506 0 4205 158073 336 1239 602 0 0 67761 0 25923 41838 86630 50128 6583 29919 1505 2856 161184 137027 135522 1505 24157
"198001" 175366 482 0 3760 168212 488 1810 610 0 0 71836 0 27714 44122 91736 53327 6619 31790 1732 2912 170571 146080 144295 1785 24491
"198002" 181731 466 0 7158 171221 1159 1817 707 0 0 70223 0 27859 42364 95193 54775 6557 33861 2122 2886 176947 151056 148876 2180 25891
"198003" 184280 366 0 4716 175962 658 2055 766 0 0 72961 0 28800 44161 97244 55536 6643 35065 2278 3236 179496 153089 150744 2345 26407
"198004" 195140 533 0 6008 184493 374 1682 825 0 0 78191 0 29228 48963 100782 57758 6744 36280 2639 4106 190359 162646 159926 2720 27713
"198101" 199694 384 0 6940 186885 267 3 680 0 0 79475 0 30300 49175 103049 58050 6724 38275 3411 5485 194831 166778 163383 3395 28053
"198102" 210453 384 0 6767 199778 300 1734 863 0 0 87380 0 31285 56095 105852 58624 6705 40523 3649 3524 205243 176798 173398 3400 28445
"198103" 227397 450 0 9211 213800 402 1828 745 0 0 96397 0 32050 64347 110097 61015 6717 42365 4331 3936 222054 191019 186719 4300 31035
"198104" 232638 710 0 9476 217705 686 1901 983 0 0 95898 0 30704 65194 113411 63990 5482 43939 4826 4747 227415 195031 190431 4600 32384
"198201" 235842 521 0 9480 220871 432 1871 875 0 0 96493 0 30331 66162 116158 65298 5459 45401 5042 4970 230426 197214 192214 5000 33212
"198202" 245706 491 0 10939 229469 486 2102 1083 0 0 100419 0 31021 69398 119961 67837 5434 46690 5418 4807 239789 206009 201009 5000 33780
"198203" 250517 427 0 11661 236188 246 6133 1048 0 0 98242 0 30600 67642 124500 71692 5396 47412 6019 2241 244219 212102 207102 5000 32117
"198204" 254793 560 0 14855 233710 404 3402 929 0 0 95062 0 29061 66001 127500 74316 5361 47823 6413 5668 248414 210373 205373 5000 38041
"198301" 251929 499 0 15568 229628 658 3407 460 131 0 89491 475 29000 60016 129691 76228 5351 48112 5790 6234 245289 207193 202193 5000 38096
"198302" 252710 356 0 14223 231514 304 3198 556 340 0 89202 1251 29158 58793 132551 78617 5389 48545 5363 6617 245853 207669 202669 5000 38184
"198303" 253972 623 0 13604 233311 520 3864 320 564 0 89063 2051 29150 57862 133975 79822 5293 48860 5005 6434 246859 208580 203580 5000 38279
"198304" 256520 765 0 12569 236438 783 1824 497 742 0 90113 2596 28564 58953 137898 83685 5284 48929 4581 6748 249577 211780 206780 5000 37797
"198401" 262030 764 0 13279 240271 754 2412 205 886 0 89731 2923 29200 57608 141926 87569 5336 49021 4357 7716 254855 217323 212323 5000 37532
"198402" 273983 663 0 12746 252480 619 3048 426 1011 0 97760 3069 28832 65859 144588 89128 6157 49303 5028 8094 266754 226368 221368 5000 40386
"198403" 288762 952 0 13171 265687 452 6411 755 1124 0 105110 3165 28940 73005 146406 90598 6281 49527 5429 8952 281362 238824 233824 5000 42538
"198404" 297722 1346 0 20912 265935 683 2707 725 1232 0 104892 3342 26929 74621 150123 94426 6510 49187 5573 9529 290245 242210 237210 5000 48035
"198501" 301030 944 0 18115 272567 526 5333 250 1326 0 104114 3573 25850 74691 155376 99584 6752 49040 5642 9404 293407 246132 241132 5000 47275
"198502" 314180 1147 0 21372 282239 430 6720 928 1398 0 108465 3832 25004 79629 158216 102889 7277 48050 6082 9422 306262 254936 249936 5000 51326
"198503" 324461 2008 0 21349 293319 351 10557 1150 1476 0 114398 4093 24560 85745 158983 104812 7811 46360 6404 7785 317035 258832 253532 5300 58203
"198504" 323951 2129 0 26909 290993 98 6786 799 1589 0 115188 4330 22023 88835 159734 111639 8457 39638 6799 3920 318754 263880 257795 6085 54874
"198601" 323479 2106 0 27825 289104 36 10035 379 1742 0 112550 4540 20779 87231 157415 111517 7872 38026 6947 4444 318850 262753 256553 6200 56097
"198602" 328541 2450 0 27597 297980 40 13315 188 1941 0 120240 4715 20685 94840 154448 108912 9139 36397 7808 514 324125 267790 261301 6489 56335
"198603" 336909 2662 0 33048 299762 82 13844 209 2133 0 123367 4905 19426 99036 152140 107951 9440 34749 7987 1437 332181 273279 267223 6056 58902
"198604" 346434 3657 0 29396 307558 87 16288 200 2268 0 132766 5158 18963 108645 147775 105943 8731 33101 8174 5823 341839 278730 273010 5720 63109
"198701" 343429 3065 0 29098 303617 104 18578 220 2293 0 130106 5298 18048 106760 144011 103920 8200 31891 8305 7649 338543 273376 268376 5000 65167
"198702" 349002 2366 0 31444 306101 69 15114 200 2465 0 138880 6268 18277 114335 140414 101270 8476 30668 8959 9091 343666 280741 275771 4970 62925
"198703" 353395 2093 0 27805 314829 34 17056 165 2627 0 145095 6493 18512 120090 140290 102506 8353 29431 9562 8668 348101 288695 283725 4970 59406
"198704" 374384 3587 0 27189 330912 40 20990 126 2443 0 157811 6602 18151 133058 139459 102840 8425 28194 10043 12696 368844 308184 303214 4970 60660
"198801" 390165 3353 0 39023 334936 262 24459 475 2423 0 154341 6321 18514 129506 142285 106069 8596 27620 10691 12853 383710 318489 313519 4970 65221
"198802" 391386 3140 0 34687 339806 200 20108 400 2470 0 160429 6251 19343 134835 144704 108749 8909 27046 11495 13753 384581 322852 317882 4970 61729
"198803" 404340 3301 0 37546 347992 200 21301 400 2310 0 167533 6425 19546 141562 143781 108159 9156 26466 12467 15501 397728 333457 328487 4970 64271
"198804" 421722 3556 0 33782 364169 395 26261 339 2926 0 176589 6314 17494 152781 144457 109044 9528 25885 13202 20215 414837 353067 348097 4970 61770
"198901" 437845 3101 0 40715 375943 400 27272 321 2737 0 187820 6338 17699 163783 143720 108372 9843 25505 13673 18086 430052 369286 364316 4970 60766
"198902" 444052 3400 0 60350 357281 800 7264 570 2688 0 186371 5944 18553 161874 145345 109892 10334 25119 14243 23021 435834 373956 368986 4970 61878
"198903" 449542 3169 0 58721 359222 1397 14714 1383 2761 0 176086 6276 18700 151110 147965 112360 10876 24730 14916 28430 442120 375399 370429 4970 66721
"198904" 454242 2284 0 61793 359906 3251 12990 6262 2903 0 167980 6800 19383 141797 150491 114121 12029 24341 16029 30259 446329 378297 373327 4970 68032
"199001" 452740 2055 0 59695 361633 3027 18507 8008 3137 0 159401 7249 19300 132852 152793 116565 12104 24124 16760 29357 444728 383040 378070 4970 61688
"199002" 457212 2234 0 61508 360783 2315 23942 9390 3550 0 153830 7935 19600 126295 150461 114468 12087 23905 17295 32687 448645 385944 380974 4970 62701
"199003" 458238 2112 0 52423 372483 2246 40079 10440 3689 0 145959 8273 19800 117886 152202 115825 12693 23683 17868 31220 449243 389380 384410 4970 59863
"199004" 477621 2109 0 68691 373880 3765 34326 11883 3685 0 144835 7832 19900 117103 156143 119462 13219 23462 19243 32941 467788 398544 393694 4850 69244
"199101" 483078 1955 0 70120 378709 1314 37728 22869 3502 0 134006 7302 19700 107004 159163 122760 13111 23292 20127 32294 472076 401822 396972 4850 70254
"199102" 477958 1855 0 71960 373014 1206 38214 23957 3442 0 123584 7513 21329 94742 161994 125485 13388 23121 20617 31129 466476 394451 389601 4850 72025
"199103" 490140 1753 0 75985 380229 7627 43002 29465 3426 0 113616 7664 22007 83945 162324 125887 13489 22948 20769 32173 477794 399591 394741 4850 78203
"199104" 496852 1205 0 67570 388869 10859 40754 34764 2981 0 110734 8979 22690 79065 167673 130700 14198 22775 21104 39208 484231 407723 402903 4820 76508
"199201" 512033 1269 0 68778 410913 8153 53606 40286 3056 0 108185 8589 23321 76275 175727 138227 14702 22798 21900 31073 498944 410556 405736 4820 88388
"199202" 521319 1009 0 67459 420495 8953 51144 45517 3075 0 108976 8650 23467 76859 180157 142379 14958 22821 22674 32356 507105 423109 418289 4820 83996
"199203" 543508 927 0 71751 437761 12175 54792 45374 3120 0 111866 8156 23552 80158 186746 148618 15284 22844 23689 33069 528839 440034 435214 4820 88805
"199204" 552814 1196 0 66578 458139 13526 58702 47482 3188 0 111327 7406 24040 79881 199742 161047 15828 22867 24173 26901 537365 448399 443609 4790 88966
"199301" 549188 1011 0 57305 461395 9488 56305 45843 3025 1000 116172 7395 23807 84970 204935 166021 16160 22754 24627 29477 532926 456467 451677 4790 76459
"199302" 573163 851 0 49568 493981 10042 59358 47525 3005 3000 123348 7155 24119 92074 222373 183355 16378 22640 25330 28763 556309 473631 468841 4790 82678
"199303" 613538 1303 0 48602 529766 13355 65354 52576 2629 7000 130098 6715 24460 98923 232709 193292 16892 22525 26045 33867 595571 515554 510764 4790 80017
"199304" 631659 2123 0 50334 546664 11866 51593 66041 3129 11053 135157 6577 25449 103131 241020 201093 17517 22410 26805 32538 613009 528961 524171 4790 84048
"199401" 655479 1720 0 53931 569075 10237 57066 77659 3153 13100 133438 6731 26284 100423 246877 206572 17963 22342 27546 30753 635795 564165 564165 0 71630
"199402" 685742 1579 0 61773 594022 13591 55481 89461 3730 15200 140592 6126 25965 108501 247264 206827 18163 22274 28703 28368 665210 600793 600793 0 64417
"199403" 721930 1649 0 69243 624654 19984 46405 111418 4529 17300 148948 6727 26035 116186 246636 206185 18245 22206 29435 26384 700912 638791 638791 0 62121
"199404" 782314 1337 0 85771 667913 26302 51942 130793 5170 19989 158767 6599 26279 125889 244580 204067 18376 22137 30370 27293 760167 701044 701044 0 59123
"199501" 795240 1276 0 92298 674164 25307 56621 136137 4744 23238 153450 6336 27119 119995 243207 202815 18170 22222 31460 27502 772093 716783 716783 0 55310
"199502" 833865 1603 0 103364 699868 22080 56338 158901 5235 26318 154378 6150 27695 120533 243507 203073 18127 22307 33112 29030 809655 748564 748564 0 61091
"199503" 862286 1098 0 107536 714538 28058 53727 163941 5992 24145 156714 5746 28858 122110 247915 207233 18288 22394 34046 39114 837632 774093 774093 0 63539
"199504" 897446 1512 0 106257 762794 25470 57996 190828 7846 29920 165955 3536 30156 132263 250443 209497 18466 22480 34336 26883 872136 807007 807007 0 65129
"199601" 907418 1064 0 103951 772232 24506 54195 208504 10353 29401 165904 3018 31513 131373 245489 204128 18639 22722 33881 30171 880941 814908 814908 0 66033
"199602" 934506 711 0 103408 777733 23583 34513 222433 11812 26976 179367 2605 31816 144946 245397 204200 18234 22963 33652 52654 907251 846568 846568 0 60683
"199603" 955483 605 0 103478 798727 24588 34454 236746 11924 26554 187320 2700 31329 153291 244274 203072 17991 23211 32867 52673 927173 866605 866605 0 60568
"199604" 989190 780 0 94467 833841 35095 18760 256631 12111 38064 195345 2400 31576 161369 244083 202918 17702 23463 33753 60102 963140 897443 897443 0 65697
"199701" 995115 1170 0 96064 845112 40565 19057 271911 11958 38017 190414 2070 31700 156644 240344 199191 17330 23823 32847 52769 968403 895813 895813 0 72590
"199702" 1039945 3250 0 102181 877825 42182 13465 294515 11716 39215 206834 2021 32446 172367 238410 197408 16792 24210 31488 56689 1012064 945532 945532 0 66532
"199703" 1056473 2190 0 102582 894058 29341 21687 311779 11753 34690 216474 2010 32655 181809 237933 196864 16492 24577 30401 57643 1028954 957099 957099 0 71855
"199704" 1100759 2097 6409 90378 934180 27635 25879 324238 12658 44102 230732 1368 31576 197788 239416 198229 16215 24972 29521 67695 1071119 996511 996511 0 74608
"199801" 1151628 1797 3984 86711 993502 60082 11960 356552 13678 43180 240028 1424 32714 205890 240297 199413 15439 25445 27725 65634 1121920 1032256 1032256 0 89664
"199802" 1191334 2238 5255 80024 1035879 47582 15089 385173 14209 48611 258775 1189 32500 225086 240847 199675 15226 25946 25593 67938 1161253 1073954 1073954 0 87299
"199803" 1269412 2501 1975 79108 1120034 52493 19024 424912 17584 57154 280829 1171 34000 245658 241288 199440 15412 26436 26750 65794 1237243 1147570 1147570 0 89673
"199804" 1405763 4952 4718 77007 1251489 56210 25158 482679 19159 68721 324200 1090 34921 288189 246992 203861 16175 26956 28370 67597 1371022 1275425 1275425 0 95597
"199901" 1448396 3289 6055 70429 1298208 29116 29837 538853 18342 74764 334396 1019 34627 298750 242665 198401 17149 27115 30235 70415 1412824 1323758 1323758 0 89066
"199902" 1522442 2727 10652 68251 1371213 21783 27339 587557 19751 76379 364159 696 34944 328519 242425 196222 18693 27510 31820 69599 1486414 1400457 1400457 0 85957
"199903" 1622295 3175 5659 69738 1470254 28271 28188 628103 21395 84426 401451 718 35439 365294 242639 195029 19863 27747 35782 73469 1584917 1502334 1502334 0 82583
"199904" 1723165 12107 9956 89730 1538823 23851 30943 655590 22735 97518 432342 782 35815 395745 242035 193454 20497 28084 33809 72549 1684341 1594210 1594210 0 90131
"200001" 1754908 1055 10082 90592 1577421 27978 25151 684393 22315 101009 441175 684 36192 404299 243696 193464 21749 28483 31704 75758 1715122 1620483 1620483 0 94639
"200002" 1814783 1596 10492 80851 1642657 24296 20659 703786 22893 112890 474221 767 36845 436609 252740 201549 22308 28883 31172 79187 1773794 1682743 1682743 0 91051
"200003" 1884830 1503 15984 83691 1702791 26220 29023 742238 24177 120608 468047 804 37408 429835 257009 204646 23063 29300 35470 80861 1841649 1752603 1752603 0 89046
"200004" 1965000 4412 22184 80584 1794446 31100 13262 810911 29197 131133 477599 841 38897 437861 264253 209580 24951 29722 36992 63374 1923459 1826417 1826417 0 97042
"200101" 2052904 4482 17487 99723 1868289 21292 11891 875635 29450 139852 484653 845 38959 444849 267937 210690 26763 30484 37580 62923 2023064 1892900 1892900 0 130164
"200102" 2126903 5239 19102 92649 1946225 24370 12281 920150 30619 155864 486965 785 40139 446041 277238 217118 28781 31339 38738 63688 2091996 1964609 1964609 0 127387
"200103" 2220566 8357 19789 90696 2030214 22829 12581 978722 30814 165466 496561 792 40374 455395 283950 221119 30632 32199 39291 71510 2193928 2046278 2046278 0 147650
"200104" 2309384 6667 30326 104366 2099115 33829 13613 1017821 35357 155735 505857 801 41759 463297 297476 231241 33178 33057 39427 68910 2278751 2130565 2130565 0 148186
"200201" 2356713 7212 26059 91633 2163115 19619 18049 1078501 36412 168159 498279 762 42009 455508 305120 235721 35011 34388 38976 68694 2321870 2175623 2175623 0 146247
"200202" 2395338 8561 30522 78807 2203307 20183 20635 1085988 37473 178512 503129 480 43204 459445 316662 243980 36530 36152 40725 74141 2363254 2210400 2210400 0 152854
"200203" 2476429 13181 31552 87213 2259192 10113 25025 1108404 38602 188586 514597 493 43135 470969 333009 256993 38572 37444 40856 85291 2456138 2282789 2282789 0 173349
"200204" 2549364 14756 25263 95296 2323182 10353 25729 1149520 39394 189268 514713 448 43783 470482 357278 276813 41684 38781 36927 90867 2538826 2350398 2350398 0 188428
"200301" 2605132 21107 23067 78895 2389839 11088 25256 1177833 39076 198970 519880 415 43130 476335 382396 299877 44829 37690 35341 92224 2589554 2406836 2406836 0 182718
"200302" 2657073 19251 27228 90096 2419418 9132 25477 1168142 39037 200724 529195 378 42791 486026 416408 331377 48496 36535 31303 101080 2639924 2454945 2454945 0 184979
"200303" 2766999 20287 18580 72816 2549745 8385 23967 1259985 40357 205168 533097 372 42450 490275 451559 366451 49760 35348 27228 105571 2742929 2569913 2569913 0 173016
"200304" 2794370 28778 16749 75308 2564173 6687 13462 1088880 44381 222812 545850 346 43822 501682 621521 519127 68197 34197 20581 109362 2752814 2601271 2601271 0 151543
"200401" 2819724 29027 21426 83488 2581496 7983 13049 1051276 47928 258966 561248 348 44272 516628 625062 518086 71827 35149 15984 104287 2774344 2602671 2602671 0 171673
"200402" 2864824 28119 25532 87591 2620858 7759 13724 1021389 50201 297503 601493 208 43219 558066 626560 514961 75523 36076 2230 102724 2799946 2656374 2656374 0 143572
"200403" 2875044 19949 19817 89496 2636388 6602 13024 1000184 53207 338358 597383 68 43050 554265 627631 511066 79560 37005 0 109394 2839525 2685944 2685944 0 153581
"200404" 2882881 39135 23289 93567 2613038 5814 12860 886503 44644 414801 619390 0 43574 575816 629026 508610 82451 37965 0 113852 2819922 2676270 2676270 0 143652
"200501" 2861904 33325 21611 94013 2577757 7895 13033 844217 43176 424456 623207 0 44640 578567 621773 498023 84797 38953 0 135198 2794053 2640891 2640891 0 153162
"200502" 2844087 26442 26709 89937 2576392 10221 12569 796413 42827 444882 657757 0 45879 611878 611723 485593 86183 39947 0 124607 2777483 2624974 2624974 0 152509
"200503" 2786155 20523 27608 110250 2551788 10923 12814 760913 42185 462936 662212 0 47736 614476 599805 470659 88173 40973 0 75986 2709792 2557661 2557661 0 152131
"200504" 2819408 14603 35342 107700 2543933 13813 13069 751078 39695 465676 671799 0 51632 620167 588803 453866 92960 41977 0 117830 2734014 2592229 2592229 0 141785
"200601" 2829123 16483 34456 116264 2552489 17856 13435 746154 38174 473144 670147 0 53280 616867 593579 454842 96216 42521 0 109431 2743765 2589715 2589715 0 154050
"200602" 2886549 30929 41359 108965 2591248 22954 13758 743257 36521 479124 697582 0 56091 641491 598052 456117 98847 43088 0 114048 2801821 2638504 2638504 0 163317
"200603" 2869618 15589 35728 116516 2578957 25666 13971 724757 34617 476660 701777 0 58097 643680 601509 456652 101212 43645 0 122828 2767065 2617630 2617630 0 149435
"200604" 2872861 16374 33872 117422 2590542 32352 14247 714013 36091 481737 704925 0 63539 641386 607177 457587 105364 44226 0 114651 2781231 2627811 2627811 0 153420
"200701" 2887909 15078 38587 152313 2558400 17779 14526 697344 34062 493010 690156 0 65732 624424 611523 455227 111275 45021 0 123531 2796387 2644481 2644481 0 151906
"200702" 2939150 19000 36823 146311 2596681 30088 14837 688355 34490 501240 708568 0 66616 641952 619103 453856 119386 45861 0 140335 2843942 2684834 2684834 0 159108
"200703" 3084222 17998 47402 124463 2758893 14155 15050 693931 33612 480572 891965 0 70211 821754 629608 456689 126227 46692 0 135466 2994595 2823986 2823986 0 170609
"200704" 3174260 13654 46642 142728 2829541 27655 15547 702944 33324 464350 942625 0 75483 867142 643096 447861 147674 47561 0 141695 3081338 2910192 2910192 0 171146
"200801" 3224218 11383 41292 131104 2913958 39788 15716 728377 33137 460816 977112 0 81277 895835 659012 450505 157955 50552 0 126481 3131432 2938117 2938117 0 193315
"200802" 3393428 58542 53159 141611 3014502 9346 16051 854270 32002 437606 993605 0 87127 906478 671622 450673 168235 52714 0 125614 3283257 3102075 3102075 0 181182
"200803" 3413590 94445 28498 136598 3048235 6837 16422 836742 31348 404635 1083212 0 79785 1003427 669039 434097 179721 55221 0 105814 3360244 3152680 3152680 0 207564
"200804" 3399966 88328 68498 114514 3033594 6791 16767 909985 31291 386606 980716 0 80252 900464 701438 455873 187655 57910 0 95032 3394051 3181923 3181923 0 212128
"200901" 3382353 84074 63378 159362 2980060 11237 17567 953966 30933 367447 872968 0 80032 792936 725942 472893 194934 58115 0 95479 3363331 3118309 3118309 0 245022
"200902" 3266625 81008 66601 102228 2909020 12044 19261 949004 30448 384273 800840 0 80293 720547 713150 455604 199127 58419 0 107768 3195311 2948078 2948078 0 247233
"200903" 3126139 87525 30246 116274 2812689 9675 21500 919423 29716 385128 736787 0 78118 658669 710460 448590 203042 58828 0 79405 3063606 2800509 2800509 0 263097
"200904" 3013787 99406 25744 122136 2699652 9741 21853 924546 29100 310800 695928 0 80028 615900 707684 444123 204378 59183 0 66849 2977015 2706589 2706589 0 270426
"201001" 6886979 99015 21248 176423 6577402 8611 60107 416977 28042 324750 634503 0 77717 556786 5104412 4795690 249691 59031 0 12891 6875578 6602726 6602726 0 272852
"201002" 6785838 99106 23692 163832 6494058 10441 72179 387713 27165 313009 599142 0 76517 522625 5084409 4776257 249209 58943 0 5150 6777923 6535594 6535594 0 242329
"201003" 6658101 47321 22066 163750 6385052 8573 69519 375056 26212 308285 561605 0 81885 479720 5035802 4725708 251333 58761 0 39912 6665362 6448835 6448835 0 216527
