"DATES" "FL893065505.Q" "FL163165505.Q" "FL103165505.Q" "FL113165505.Q" "FL643165503.Q" "FL893065505.Q" "FL153065505.Q" "FL103065503.Q" "FL113065503.Q" "FL213065503.Q" "FL313065505.Q" "FL763065505.Q" "FL443065505.Q" "FL513065503.Q" "FL543065505.Q" "FL573065505.Q" "FL223065505.Q" "FL413065505.Q" "FL673065505.Q" "FL613065503.Q" "FL643065503.Q"
"195201" 13713 1541 9906 2266 0 13713 5036 27 0 0 5 2480 1728 120 4256 34 13 0 0 14 0
"195202" 13927 1614 9604 2710 0 13927 5076 28 0 0 5 2512 1784 121 4337 36 13 0 0 15 0
"195203" 14161 1701 9458 3002 0 14161 5125 29 0 0 5 2560 1830 122 4422 37 14 0 0 17 0
"195204" 14397 1781 9651 2965 0 14397 5171 30 0 0 6 2621 1874 123 4501 39 15 0 0 17 0
"195301" 14660 1850 10037 2773 0 14660 5238 31 0 0 6 2680 1918 125 4590 42 16 0 0 14 0
"195302" 14939 1892 9840 3207 0 14939 5303 32 0 0 7 2738 1973 129 4679 45 17 0 0 16 0
"195303" 15212 2014 9754 3444 0 15212 5366 32 0 0 10 2780 2039 134 4766 47 19 0 0 19 0
"195304" 15564 2073 10186 3305 0 15564 5462 32 0 0 17 2843 2105 139 4878 50 20 0 0 18 0
"195401" 15880 2149 10564 3168 0 15880 5567 32 0 0 12 2905 2164 143 4963 53 22 0 0 19 0
"195402" 16324 2253 10214 3857 0 16324 5700 32 0 0 16 3010 2250 145 5072 56 23 0 0 20 0
"195403" 16782 2341 9940 4501 0 16782 5846 32 0 0 9 3115 2335 145 5194 59 25 0 0 22 0
"195404" 17313 2319 10362 4632 0 17313 6016 33 0 0 9 3263 2366 143 5371 62 26 0 0 24 0
"195501" 17765 2340 10704 4721 0 17765 6114 36 0 0 14 3385 2444 144 5507 66 28 0 0 27 0
"195502" 18263 2062 10800 5401 0 18263 6248 40 0 0 24 3549 2493 146 5631 71 30 0 0 31 0
"195503" 18819 2091 10810 5919 0 18819 6407 44 0 0 26 3700 2573 149 5774 77 31 0 0 38 0
"195504" 19375 1867 11865 5643 0 19375 6589 47 0 0 30 3819 2625 152 5959 83 33 0 0 38 0
"195601" 19954 2214 12188 5552 0 19954 6738 49 0 0 32 3980 2708 156 6130 90 35 0 0 36 0
"195602" 20582 2350 12108 6124 0 20582 6916 50 0 0 37 4137 2782 159 6329 99 37 0 0 36 0
"195603" 21199 2662 11989 6548 0 21199 7093 51 0 0 35 4282 2866 161 6526 108 39 0 0 38 0
"195604" 21803 2674 12621 6508 0 21803 7262 54 0 0 37 4379 2952 161 6763 117 42 0 0 36 0
"195701" 22321 2649 13320 6352 0 22321 7427 58 0 0 38 4440 3010 161 6985 126 46 0 0 30 0
"195702" 22794 2613 13345 6836 0 22794 7558 63 0 0 52 4500 3076 161 7172 135 49 0 0 28 0
"195703" 23478 2847 13276 7355 0 23478 7782 68 0 0 52 4660 3154 161 7376 143 54 0 0 28 0
"195704" 24259 3002 13881 7376 0 24259 8022 72 0 0 56 4823 3224 161 7660 154 59 0 0 28 0
"195801" 24812 3498 14134 7180 0 24812 8181 76 0 0 55 4880 3344 161 7856 163 65 0 0 31 0
"195802" 25496 3845 14158 7493 0 25496 8390 80 0 0 56 5060 3481 161 7990 173 70 0 0 35 0
"195803" 26204 3852 14259 8093 0 26204 8595 84 0 0 55 5190 3633 161 8189 183 76 0 0 38 0
"195804" 27222 3694 15216 8312 0 27222 8885 87 0 0 54 5461 3780 160 8474 196 83 0 0 42 0
"195901" 27761 4022 15092 8647 0 27761 9054 74 0 0 51 5605 3921 160 8551 210 89 0 0 46 0
"195902" 28553 4143 15093 9317 0 28553 9302 62 0 0 50 5875 4105 158 8636 226 95 0 0 44 0
"195903" 29283 4173 15077 10033 0 29283 9540 21 0 0 48 6010 4268 155 8849 243 102 0 0 47 0
"195904" 30228 4151 15845 10232 0 30228 9826 21 0 0 47 6237 4405 146 9121 262 113 0 0 50 0
"196001" 30899 4709 15625 10565 0 30899 10017 22 0 0 46 6345 4549 145 9319 281 124 0 0 51 0
"196002" 31668 4712 15809 11147 0 31668 10225 23 0 0 45 6484 4717 145 9539 303 138 0 0 49 0
"196003" 32531 4853 15983 11695 0 32531 10464 24 0 0 45 6651 4906 147 9765 325 153 0 0 51 0
"196004" 33407 4866 16559 11982 0 33407 10708 24 0 0 45 6796 5076 149 10045 346 168 0 0 50 0
"196101" 34121 5069 16336 12716 0 34121 10873 26 0 0 50 6906 5278 153 10238 364 182 1 0 50 0
"196102" 35173 4999 16743 13431 0 35173 11148 28 0 0 53 7072 5556 156 10526 381 197 3 0 53 0
"196103" 36085 5177 16862 14046 0 36085 11391 30 0 0 54 7227 5793 157 10761 397 210 4 0 61 0
"196104" 37403 5267 17806 14330 0 37403 11827 33 0 0 56 7470 6140 155 11007 416 224 4 0 71 0
"196201" 38374 5379 18087 14908 0 38374 11795 38 0 0 57 7817 6502 154 11263 437 237 5 0 69 0
"196202" 39584 5548 18407 15629 0 39584 11882 44 0 0 58 8219 6947 150 11491 460 249 6 0 78 0
"196203" 40733 5683 18828 16222 0 40733 11918 50 0 0 60 8628 7296 144 11803 482 259 7 0 86 0
"196204" 42206 5788 19806 16612 0 42206 11976 54 0 0 62 8972 7755 134 12380 505 272 8 0 88 0
"196301" 43148 6003 20076 17069 0 43148 11894 56 0 0 65 9270 8130 131 12693 528 284 9 0 88 0
"196302" 44492 6030 20597 17865 0 44492 11884 56 0 0 67 9740 8618 128 13048 549 295 10 0 97 0
"196303" 45835 6251 21000 18584 0 45835 11833 56 0 0 71 10203 9075 126 13467 573 308 13 0 110 0
"196304" 47304 6316 22053 18935 0 47304 11790 60 0 0 75 10611 9516 121 14078 600 322 15 0 116 0
"196401" 47831 6519 22439 18874 0 47831 11524 65 0 0 79 10894 9840 120 14211 636 332 18 0 112 0
"196402" 48672 6511 22981 19180 0 48672 11304 72 0 0 83 11340 10189 120 14405 675 342 21 0 121 0
"196403" 49848 6775 23568 19505 0 49848 11135 79 0 0 93 11896 10671 120 14633 709 356 30 0 126 0
"196404" 51179 6688 24963 19528 0 51179 10981 84 0 0 101 12405 11113 120 15087 747 373 41 0 127 0
"196501" 51982 7010 25420 19552 0 51982 10740 86 0 0 107 12723 11412 124 15432 785 390 54 0 129 0
"196502" 53197 7192 25708 20297 0 53197 10523 86 0 0 111 13371 11739 130 15768 856 410 68 0 135 0
"196503" 54413 7457 26022 20934 0 54413 10307 86 0 0 119 13926 12104 137 16180 889 432 86 0 147 0
"196504" 55661 7468 27028 21165 0 55661 10093 88 0 0 127 14377 12428 142 16790 913 454 104 0 145 0
"196601" 57017 7870 27261 21886 0 57017 10118 93 0 0 105 14840 12774 140 17251 948 480 125 0 143 0
"196602" 58796 7713 28608 22475 0 58796 10303 100 0 0 120 15478 13103 140 17777 976 510 147 0 142 0
"196603" 60317 8023 29329 22965 0 60317 10429 108 0 0 130 16028 13280 140 18337 1013 540 170 0 142 0
"196604" 61468 8063 30234 23171 0 61468 10456 114 0 0 140 16366 13440 143 18847 1071 566 194 0 131 0
"196701" 62233 8442 30532 23259 0 62233 10355 115 0 0 148 16468 13646 171 19298 1095 588 219 0 130 0
"196702" 63577 8514 30752 24311 0 63577 10387 113 0 0 155 16970 13989 176 19694 1094 611 245 0 143 0
"196703" 64924 8963 30670 25291 0 64924 10402 111 0 0 177 17475 14380 181 20036 1118 622 274 0 148 0
"196704" 66249 7218 33152 25879 0 66249 10422 112 0 0 196 17931 14733 185 20467 1125 632 301 0 145 0
"196801" 67542 9008 32462 26045 27 67542 10289 106 0 0 222 18396 15108 188 20834 1130 652 327 0 140 150
"196802" 69114 8919 32753 27388 54 69114 10128 104 0 0 248 19098 15550 190 21160 1122 669 352 0 150 343
"196803" 70927 9277 32938 28605 107 70927 10161 103 0 0 265 19771 16027 192 21609 1130 674 368 0 157 470
"196804" 73019 9166 34028 29691 134 73019 9898 100 0 0 283 20505 16555 193 22388 1132 692 383 0 170 720
"196901" 74367 9744 34254 30130 239 74367 10070 123 0 0 302 20950 16825 195 22707 1136 700 397 0 169 793
"196902" 75792 9754 33787 32004 247 75792 9928 160 100 0 322 21459 17149 196 23065 1133 709 411 0 184 976
"196903" 77271 10118 33184 33717 253 77271 9871 201 200 0 343 21954 17482 197 23488 1150 713 428 0 179 1065
"196904" 79051 9801 34147 34815 288 79051 9756 236 300 0 365 22113 17899 200 24370 1172 696 444 0 199 1301
"197001" 78950 10449 45760 22451 290 78950 9019 194 400 92 389 22248 18028 208 24662 1178 714 459 0 135 1224
"197002" 81253 10526 46420 24007 300 81253 9781 202 500 117 411 22392 18308 220 25145 1176 764 474 0 337 1426
"197003" 84057 10754 47342 25613 348 84057 10869 208 600 165 425 22825 18663 233 25495 1203 806 486 0 440 1639
"197004" 86503 10553 48710 26874 366 86503 10838 214 700 187 439 23284 19424 245 26018 1176 911 496 0 541 2030
"197101" 87700 11194 49149 26967 390 87700 10189 219 800 251 453 23595 20025 245 26422 1178 908 507 0 661 2247
"197102" 90090 11041 49842 28795 413 90090 9647 199 900 300 465 24477 20999 240 26847 1148 921 518 0 844 2585
"197103" 93327 11401 50262 31240 424 93327 9157 220 1000 397 501 25500 22336 233 27497 1136 913 554 0 984 2899
"197104" 96983 11167 52383 32978 456 96983 8604 239 1100 413 539 26306 23893 223 28503 1269 924 589 0 1141 3240
"197201" 100034 11674 54890 32982 488 100034 8567 237 1200 504 550 27353 24871 215 28853 1276 949 506 0 1498 3455
"197202" 104306 11511 56282 35889 624 104306 8726 199 1300 593 544 28785 26218 204 29353 1210 948 542 0 1771 3913
"197203" 108330 11967 57536 38129 699 108330 8841 271 1400 599 537 30415 27454 193 30060 1155 988 582 0 1547 4288
"197204" 114168 11931 60309 41157 771 114168 9307 226 1500 664 320 31751 29076 181 31608 1096 1070 867 0 1535 4967
"197301" 118253 11787 62761 42851 854 118253 8931 264 1567 752 314 33342 30305 176 32307 1092 1178 867 0 1699 5459
"197302" 124008 11879 68758 42425 946 124008 9150 300 1626 783 263 35224 31857 173 33363 1055 1335 970 0 1739 6170
"197303" 129035 11776 79557 36753 949 129035 8458 312 1665 816 331 37181 33078 171 34651 1020 1393 950 0 1889 7120
"197304" 133706 11939 90347 30449 972 133706 8253 324 1688 857 218 38696 33888 166 36496 1071 1544 1124 0 1905 7476
"197401" 137455 12434 91931 32072 1017 137455 8228 397 1764 925 272 39855 34884 164 37397 1081 1622 1118 0 2018 7730
"197402" 142377 12104 92694 36556 1023 142377 8190 471 1830 977 419 41926 36032 162 38579 1068 1733 1065 0 2226 7699
"197403" 145045 12048 90249 41706 1042 145045 7178 617 1869 982 1524 43092 36812 161 39739 1057 1784 0 0 2362 7868
"197404" 148279 11562 90040 45619 1059 148279 7152 746 1888 1198 1629 43679 37228 157 41256 1064 2013 0 0 2597 7672
"197501" 150411 11952 89930 47472 1057 150411 8016 813 1860 1254 1700 43924 37853 151 42268 1107 2120 0 0 2542 6803
"197502" 153431 11634 91062 49697 1039 153431 8707 860 1836 1254 1863 44598 39232 172 43265 1102 2236 0 0 2438 5868
"197503" 157058 11594 92863 51590 1010 157058 9601 944 1820 1251 1946 45694 40923 191 44042 1123 2319 0 0 2539 4665
"197504" 161019 11072 94841 54095 1012 161019 10021 1035 1811 1242 2138 46882 42513 221 45196 1166 2313 0 0 2677 3804
"197601" 163221 11586 93884 56699 1053 163221 9758 1353 1812 1244 2218 47431 43490 221 45887 1166 2346 0 0 2795 3500
"197602" 166355 11321 96333 57567 1134 166355 9704 1351 1842 1243 2255 48033 45230 245 46479 1158 2421 0 0 3203 3191
"197603" 170146 11753 98428 58760 1205 170146 9704 1327 1940 1264 2424 49246 46731 244 47336 1158 2506 0 0 3391 2875
"197604" 174189 11507 100640 60702 1340 174189 9386 1329 2096 1245 2512 50349 48099 273 48864 1228 2559 0 0 3697 2552
"197701" 177453 11569 101483 63075 1327 177453 9275 1336 2166 1288 2634 51420 48979 327 49557 1270 2579 0 0 4243 2379
"197702" 180348 11734 103621 63728 1265 180348 8768 1352 2271 1281 2806 52273 50109 368 50447 1359 2714 0 0 4393 2207
"197703" 185795 12036 107239 65293 1227 185795 8772 1492 2461 1281 2966 54315 51552 395 51797 1336 2772 0 0 4622 2034
"197704" 193261 12132 112845 67071 1213 193261 8848 1612 2722 1282 3094 56935 53010 384 54435 1334 2925 0 0 4819 1861
"197801" 197958 12553 115762 68635 1008 197958 8745 1473 2910 1296 3746 58931 54010 375 55652 1328 2919 0 0 4742 1831
"197802" 203343 12567 119883 69789 1105 203343 8734 1347 3138 1293 3405 62248 54901 365 57245 1377 2851 0 0 4641 1798
"197803" 208876 12937 121997 72732 1211 208876 8715 1397 3466 1289 3620 64549 55690 366 59153 1376 2902 0 0 4605 1748
"197804" 214511 13004 123393 76801 1313 214511 8373 1422 3875 1323 3661 66187 56561 391 62232 1379 3024 0 0 4350 1733
"197901" 219175 13538 125970 78315 1351 219175 8023 1473 4344 1327 3943 68088 56962 448 63855 1401 3059 0 0 4532 1720
"197902" 225711 13976 125022 85371 1343 225711 7590 1528 4789 1372 4111 71135 57984 428 65964 1375 3077 0 0 4652 1706
"197903" 233353 14298 125016 92722 1317 233353 7435 1584 5175 1455 4316 74378 59156 458 68358 1422 3076 0 0 4848 1692
"197904" 239448 14372 123280 100489 1307 239448 7191 1627 5516 1521 4502 76562 59926 650 70920 1437 3182 0 0 4736 1678
"198001" 243912 14740 120224 107648 1301 243912 7319 1582 5466 1539 4904 77645 60002 774 73554 1511 3271 0 0 4692 1653
"198002" 248864 14500 115574 117498 1293 248864 7407 1657 5492 1644 5165 79353 60306 821 75725 1541 3340 0 0 4784 1629
"198003" 253808 14943 112379 125200 1286 253808 7239 1713 5708 1627 5429 80985 60568 865 77916 1765 3388 0 0 5000 1605
"198004" 259903 14836 112454 131334 1280 259903 6993 1776 6079 1681 5682 82333 61565 994 80666 1836 3529 0 0 5189 1580
"198101" 267511 15427 112416 138388 1280 267511 6365 4156 6873 1698 5861 84314 61841 1055 82616 1963 3568 0 0 5629 1572
"198102" 278496 15394 118221 143600 1281 278496 5654 8009 7704 1831 6107 87644 62490 1147 84571 2063 3736 0 0 5975 1565
"198103" 288922 15795 123402 148440 1285 288922 4674 12435 8626 2032 6365 90930 62973 1249 86070 2066 3861 0 0 6084 1557
"198104" 299684 15537 118648 164206 1293 299684 3525 17479 9619 2163 6667 93319 63516 1341 88163 2115 3928 0 0 6299 1550
"198201" 306619 16373 116932 172006 1308 306619 926 22543 10159 2324 6850 95780 63572 1406 89573 1283 4018 0 0 6620 1565
"198202" 315647 16546 113350 184420 1331 315647 790 23020 10631 2589 7018 99484 64448 1448 91200 2500 4192 0 0 6747 1580
"198203" 324780 17004 105918 200504 1353 324780 665 24644 10930 2780 7220 103339 65861 1501 91687 3093 4434 0 0 7031 1595
"198204" 333680 17066 103818 211428 1369 333680 563 26862 11091 3062 7388 106032 66263 1600 93547 4127 4474 0 0 7061 1610
"198301" 346330 19699 118642 206610 1379 346330 1887 27419 11253 3220 7452 109914 69077 1749 95356 5914 4494 0 0 7012 1583
"198302" 360215 21739 122222 214869 1385 360215 2138 28411 11532 3288 7551 114193 73973 1954 97416 6289 4542 0 0 7372 1556
"198303" 373975 23919 126565 222103 1388 373975 2485 27530 12101 3433 7655 119136 78098 2160 100209 7294 4547 0 0 7798 1529
"198304" 389424 25507 131851 230681 1386 389424 2467 28733 12905 3430 7760 123761 82791 2311 103831 6923 4786 0 0 8223 1503
"198401" 408654 27827 135304 244083 1441 408654 2473 32388 13845 3494 7775 133379 87146 2414 104770 5806 4841 0 0 8710 1613
"198402" 429688 29476 141185 257495 1532 429688 2325 35995 14848 3531 7845 140288 93319 2490 107548 5427 5053 0 0 9289 1730
"198403" 451779 31076 144903 274181 1619 451779 1876 40869 16010 3611 7957 148192 99261 2580 109801 4796 5092 0 0 9893 1841
"198404" 471898 30889 146617 292731 1661 471898 1197 44025 17297 3694 8056 157333 103809 2664 111175 5277 5378 0 0 10075 1918
"198501" 487050 31708 135731 317943 1668 487050 1986 44007 18244 3751 8102 163086 107656 2869 113421 5908 5472 0 0 10574 1974
"198502" 505953 31515 137953 334810 1676 505953 1464 45559 19151 3892 8177 169817 112245 3047 117295 6749 5505 0 85 10916 2051
"198503" 522126 32940 135376 352125 1686 522126 1844 46091 19960 4129 8264 177547 115380 3197 120183 6494 5531 0 83 11289 2134
"198504" 541661 33066 145458 361440 1698 541661 2127 46062 20692 4423 8349 185539 114115 3339 127670 7195 5552 0 564 12188 3846
"198601" 554231 34854 146748 370841 1788 554231 872 43139 20887 5087 8367 192397 118743 3623 130718 7632 5699 0 548 12521 3998
"198602" 565823 39208 148861 375815 1940 565823 470 41748 21077 5077 8458 200522 118171 3843 136325 6169 5647 0 1084 13032 4200
"198603" 579131 42395 152351 382455 1930 579131 577 39460 21254 5017 8524 210296 118018 4075 140841 5775 5973 0 1145 13909 4267
"198604" 601969 38279 160854 400968 1869 601969 1022 34697 20171 5101 8446 229090 119431 4348 149111 4585 6342 132 1116 14527 3850
"198701" 639606 40419 190482 406775 1930 639606 2000 29567 19347 5157 8463 241086 144416 4444 151420 6125 6195 127 1601 15652 4006
"198702" 655668 42543 200441 410751 1933 655668 500 28205 18273 5209 8553 254385 144858 4750 155611 5935 6197 126 2395 16683 3988
"198703" 668225 41177 210509 414582 1958 668225 1299 25620 17249 5398 6592 266210 145692 4868 159464 5439 6261 124 2429 17370 4210
"198704" 694063 44397 227112 420471 2084 694063 2898 27238 16571 5654 6603 279252 146893 4994 166722 5205 6196 63 3125 18120 4529
"198801" 707871 46052 230363 429380 2075 707871 2695 32705 16746 5846 6640 277867 147467 5139 173363 6126 6264 58 3171 19058 4726
"198802" 729750 47428 230431 449804 2087 729750 2489 38570 17271 6142 6288 286299 148992 5269 177123 7064 6459 41 3459 19532 4752
"198803" 740212 48814 224983 464344 2071 740212 2287 44624 17846 6182 5300 295138 137245 5406 181196 9141 6621 38 3881 20203 5104
"198804" 765927 59000 226564 478096 2267 765927 2599 47986 18171 6033 5343 305363 138552 5574 187549 11145 6712 38 4623 20592 5647
"198901" 782385 62687 236859 480540 2299 782385 2819 43519 17296 6089 5101 316344 144311 5779 190914 11250 6738 34 5097 21621 5473
"198902" 789255 65410 238034 483499 2312 789255 3046 36743 16272 6215 3885 326454 143141 6027 195098 11887 6620 26 5883 22527 5431
"198903" 798971 70769 234916 490888 2399 798971 3282 30352 15198 6260 4366 336109 142260 6270 199513 12617 6742 26 7006 23639 5331
"198904" 801286 72807 227856 498137 2486 801286 3526 23288 14171 6444 4443 342775 136534 6460 205472 13843 6626 26 8369 23870 5439
"199001" 811252 78480 237993 492206 2573 811252 3346 19144 13733 6715 6499 352275 129056 6615 210422 17017 6587 25 9333 25096 5389
"199002" 814801 80403 239538 492200 2660 814801 3180 20048 13151 6933 8811 355210 120866 6752 214024 17651 6596 24 9254 26932 5369
"199003" 818264 79103 246187 490160 2814 818264 3017 18822 12552 6985 13032 360458 114430 6849 214585 17968 6768 24 9490 27930 5354
"199004" 819769 82532 246362 487973 2901 819769 2844 17739 11947 7111 13426 366215 109168 6885 215121 18178 7492 24 10149 28481 4989
"199101" 827227 91160 246744 486375 2948 827227 2824 18685 11054 7185 17403 374726 103561 6859 216768 17076 7867 23 10667 27645 4884
"199102" 831448 92012 249346 487086 3003 831448 2782 18717 10395 7396 20610 379150 98457 6766 219204 15608 7767 21 11603 28141 4831
"199103" 819475 89866 246655 479887 3067 819475 2756 20633 8878 7356 20484 377687 89595 6640 218179 14595 7934 20 11798 28221 4699
"199104" 806399 95461 235116 472611 3211 806399 2785 21936 8227 7662 21175 375315 86741 6511 209496 13306 8323 19 12586 27851 4466
"199201" 797409 99843 227180 467031 3355 797409 3008 22122 7895 7728 22582 372857 80278 6388 207709 12588 8161 18 13635 28072 4368
"199202" 791919 98668 225182 464699 3369 791919 3231 22331 7568 7950 21273 373149 75947 6267 204670 11734 8940 18 15464 28668 4708
"199203" 780395 102607 214073 460273 3443 780395 3454 22824 7247 7512 18428 369427 72517 6113 200177 11258 8521 18 19129 29260 4511
"199204" 762720 100863 198089 460180 3588 762720 3676 23479 6866 7530 14622 365672 68235 5889 194353 10619 8875 17 19074 29060 4753
"199301" 755776 103930 189183 458843 3819 755776 3905 22901 6418 7540 13073 363482 65842 5588 193410 10697 8234 16 21142 28908 4620
"199302" 746891 106544 180715 455587 4045 746891 4134 22237 6276 7840 11525 361476 63161 5192 191507 10460 6973 15 23220 28307 4568
"199303" 741309 105916 180080 450234 5079 741309 4364 21530 6177 7454 10889 361244 62519 4792 187730 10821 7565 14 23584 28094 4532
"199304" 737758 108528 181161 442077 5992 737758 4593 20838 5965 7724 20478 357741 60764 4472 178364 9074 6961 13 28055 28239 4477
"199401" 729243 107451 176299 437856 7638 729243 4557 21301 5686 7887 17697 356492 59248 4303 175339 8485 6959 12 27894 28151 5232
"199402" 728961 106053 177666 435528 9715 728961 4522 21792 6179 7973 17158 359050 56861 4134 172683 8226 7097 10 28929 28512 5835
"199403" 729031 104060 179405 433841 11725 729031 4486 22295 6249 8162 15281 360740 54951 3964 171062 7955 6998 9 31321 29319 6239
"199404" 722924 101510 178553 430315 12546 722924 4451 22790 6498 8270 13216 362327 53933 3795 169830 3056 7011 9 31831 29780 6127
"199501" 728416 100313 181149 433844 13110 728416 4669 23097 6286 8139 12469 368529 53987 3550 169568 3087 7029 7 31556 30385 6058
"199502" 730846 98195 182546 435681 14424 730846 4889 23402 6189 8193 11767 371596 52918 3306 169499 3119 7007 6 31740 31103 6112
"199503" 733543 96541 183077 438750 15176 733543 5106 23721 6034 7793 10940 373558 51822 3050 170747 3151 7011 5 32703 31890 6011
"199504" 733987 91932 185057 440884 16114 733987 5325 24018 5937 7725 9370 377293 52135 2816 165877 3182 7012 5 35819 31829 5644
"199601" 741420 95581 184945 443840 17054 741420 5483 26492 5828 7785 9981 379803 52107 2571 165514 3212 7007 5 37983 32495 5154
"199602" 750951 93224 191641 447718 18368 750951 5641 27198 5675 7703 9773 385202 52469 2567 165172 3242 7008 5 39873 34608 4815
"199603" 751470 94413 188413 448708 19937 751470 5799 28098 5624 7501 9265 389087 52567 2539 162215 3275 7008 4 40549 33469 4470
"199604" 763598 96610 192597 453013 21378 763598 5957 29098 5565 7540 8494 397452 52723 2394 160315 3324 7008 0 46519 32563 4646
"199701" 771144 94077 196706 456202 24158 771144 6114 34098 5375 7672 8399 399646 52007 2480 159699 3380 7007 0 48054 32113 5100
"199702" 787977 90889 205974 464241 26874 787977 6272 39098 5301 7850 8307 407112 52132 2370 159613 3435 7004 0 51401 32440 5642
"199703" 804690 102425 207077 467195 27993 804690 6428 44098 5197 7743 8198 417891 51187 2366 157368 3500 7003 0 55301 32408 6002
"199704" 825632 95149 222830 476286 31367 825632 6586 49098 5117 7692 7837 423148 51252 2230 158779 3374 7000 0 65384 31285 6850
"199801" 839586 96329 216611 493756 32891 839586 6802 46634 5627 7700 7876 427280 50592 2203 158493 3372 7470 0 76404 31162 7971
"199802" 858714 98087 211581 512829 36216 858714 7017 44151 6138 7650 7861 431062 51053 2160 159456 3375 8272 0 91324 30691 8504
"199803" 880630 104196 203899 529682 42853 880630 7233 41629 6648 9848 7877 443335 51388 1903 159189 3378 8599 0 96948 33346 9309
"199804" 916281 105617 220343 542346 47975 916281 7448 39107 7157 10189 7938 456323 53002 1954 164004 3174 8964 0 112847 34803 9371
"199901" 940776 109147 224795 555488 51346 940776 7653 34357 7150 10278 7972 467058 54611 1908 168795 3389 9117 0 122378 36064 10046
"199902" 964066 108835 239513 566426 49293 964066 7859 29607 6991 10311 8065 480212 56275 1937 173495 3605 9587 0 128499 37632 9991
"199903" 1021673 112382 279080 579350 50862 1021673 8064 24857 6830 10338 41173 496406 58072 1989 174571 3820 9542 0 136896 39247 9868
"199904" 1053000 113720 292664 582352 64264 1053000 8270 20107 6670 10544 41453 516333 60063 1921 179048 4034 10275 0 143388 40946 9948
"200001" 1079706 115931 297595 600554 65626 1079706 8700 20392 6627 10575 40572 537499 62641 2549 178156 3976 9741 0 147964 40613 9701
"200002" 1109434 120762 303602 618432 66638 1109434 9129 20677 6582 10515 40600 556233 63975 1848 180856 3801 9837 0 154630 41157 9594
"200003" 1131463 126869 304230 634934 65430 1131463 9557 20962 6539 10527 40718 569588 65621 1676 182646 3534 8629 0 160372 42310 8784
"200004" 1159602 127460 311192 655023 65927 1159602 9986 21247 6494 10443 41099 582577 66965 1634 183757 3135 8757 0 172111 43426 7971
"200101" 1179636 137210 315224 661248 65955 1179636 9819 21622 6722 10396 41279 596033 69767 1642 183078 2588 8590 0 176860 43597 7643
"200102" 1205536 143034 324175 670265 68063 1205536 9652 21993 6948 10487 41277 609750 71664 1674 184713 3074 8026 0 186113 43158 7007
"200103" 1237809 141228 349269 680815 66497 1237809 9485 22368 7175 10316 40487 629624 72977 1706 186469 3465 8164 0 195583 43053 6937
"200104" 1269402 149150 359393 694222 66637 1269402 9317 22743 7403 10377 40973 645619 72534 1877 188376 3701 8116 0 209103 41395 7868
"200201" 1286726 153805 356736 708384 67801 1286726 9959 22983 7359 10257 41138 659150 75142 1879 188699 4713 8078 0 212664 37418 7287
"200202" 1313840 160034 361199 718989 73619 1313840 10169 23226 7317 10129 41202 674850 76791 1896 190050 5067 7979 0 218562 39013 7589
"200203" 1337437 174951 358573 729417 74496 1337437 10351 23471 7276 9950 41447 689303 79022 1899 190698 5403 7115 0 224774 38882 7846
"200204" 1369595 175944 387528 729982 76142 1369595 10600 23716 7232 9950 42131 703966 80730 1979 195040 5662 7174 0 234190 39159 8066
"200301" 1391322 175137 399779 741209 75197 1391322 10769 23956 7239 9943 40169 719043 82676 1984 196492 5892 7241 0 238686 39279 7953
"200302" 1425494 175507 414155 759147 76686 1425494 11033 24196 7247 10250 40382 732605 84268 1925 199807 6009 7750 0 252097 39687 8238
"200303" 1461208 180817 422918 777352 80121 1461208 11309 24436 7256 10347 40176 751791 86380 1917 202253 6212 7294 0 261786 41086 8965
"200304" 1496790 161439 457635 793186 84530 1496790 11585 24676 7263 10630 40544 762583 89162 2081 203946 6441 6935 0 276639 44229 10076
"200401" 1533111 165182 476529 802712 88688 1533111 11869 24916 7571 10796 42500 784658 91771 2140 204889 6536 6478 0 283437 43849 11701
"200402" 1572215 170073 483457 824826 93859 1572215 12172 25156 7878 10864 41199 806805 92922 2218 206433 6508 6036 0 298791 42754 12479
"200403" 1613629 174538 492704 849163 97225 1613629 12492 25396 8185 11046 41535 833819 93023 2350 209489 6558 5875 0 306758 44420 12683
"200404" 1668238 179244 502497 880044 106453 1668238 12917 25636 8493 11293 42377 860670 95052 2430 214085 6446 5125 0 321774 48364 13576
"200501" 1709960 189727 509668 899016 111549 1709960 13240 25793 8853 11517 42566 885394 94421 2473 215405 6394 4695 0 337623 47387 14199
"200502" 1768335 186153 557445 906934 117804 1768335 13706 25951 9214 11727 42963 915416 96357 2534 218065 6387 3962 0 359952 46710 15391
"200503" 1834620 190025 606358 917265 120972 1834620 14219 26112 9575 11978 44177 956875 97591 2660 220005 6373 6074 0 377490 46153 15338
"200504" 1916476 187393 685408 922976 120699 1916476 14856 26272 9936 12154 45218 989372 99951 2730 224258 6320 5575 0 417104 45950 16780
"200601" 1985531 193823 708348 958614 124746 1985531 15402 25472 9832 12420 45958 1023606 106990 2746 226093 6294 5015 0 440073 47094 18536
"200602" 2051148 200442 720643 1001157 128906 2051148 15910 24662 9728 12724 47501 1059285 107449 2855 231033 6232 4521 0 460905 49474 18869
"200603" 2121044 207111 737656 1047050 129227 2121044 16451 23844 9623 13013 48398 1090869 113584 2912 234090 6178 4781 0 484664 50261 22376
"200604" 2191342 214274 758292 1091809 126967 2191342 17016 23026 9519 13313 48947 1123210 112399 3454 235402 6168 4911 0 515796 51101 27080
"200701" 2234031 218449 752353 1140080 123150 2234031 17346 21235 10022 13499 49929 1132251 110442 3558 237338 6024 4421 0 547844 47647 32475
"200702" 2313423 226212 774701 1185572 126939 2313423 17977 19424 10524 13850 50568 1164551 113127 4056 241754 6134 4441 0 584594 48424 33999
"200703" 2396993 234383 797188 1233617 131805 2396993 18632 17592 11026 13942 50760 1191407 116679 4299 245452 6327 3520 0 628803 52407 36147
"200704" 2455790 240132 801893 1279786 133979 2455790 19087 15762 11529 14059 50999 1223569 121464 4770 252193 6838 3296 0 641239 54030 36955
"200801" 2500467 244506 821537 1296567 137857 2500467 19424 15187 11814 14072 51557 1249585 132032 4865 256611 6825 3291 0 635705 62302 37197
"200802" 2538586 248239 836433 1316665 137249 2538586 19711 14448 12000 14072 53822 1281624 133740 5011 261752 6987 3259 0 629928 65160 37072
"200803" 2552340 252090 828380 1333694 138176 2552340 19808 13700 12208 13988 56646 1305559 126369 4660 265962 6854 3208 0 619560 66726 37092
"200804" 2572699 251588 831552 1351126 138434 2572699 19957 12953 12277 13653 61413 1328516 128130 4954 267106 7352 3208 0 611285 66618 35277
"200901" 2567114 251047 829423 1347408 139237 2567114 19903 12209 12100 13681 62504 1333564 128207 4992 264067 7538 3181 0 604871 66160 34137
"200902" 2554827 249851 828202 1336689 140085 2554827 19796 11466 11826 13911 65414 1330493 128835 5032 261250 7846 3193 0 597660 65245 32860
"200903" 2528303 247264 818144 1323226 139669 2528303 19578 10722 11496 14230 69026 1315626 126855 4790 259270 8313 3181 0 590035 65140 30041
"200904" 2479274 242476 806226 1290521 140051 2479274 19220 9979 11189 14422 67781 1296007 123913 4446 257721 8869 3165 0 568145 64591 29826
"201001" 2446066 241664 789732 1274655 140015 2446066 18777 9236 10900 14725 65435 1278885 123584 4267 254000 9539 3173 0 558117 65177 30251
"201002" 2399594 241476 766340 1251282 140497 2399594 18198 8492 10631 14598 66010 1251093 121089 4248 251232 10293 3169 0 546186 63250 31106
"201003" 2355539 236656 751735 1226629 140519 2355539 17519 7749 10442 14979 64472 1223727 120556 4229 251340 9404 3211 0 536482 61516 29913
