"DATES" "FL764090005.Q" "FL723025000.Q" "FL763013005.Q" "FL743020003.Q" "FL764005005.Q" "FL763069175.Q" "FL763061105.Q" "FL763061705.Q" "FL763062005.Q" "FL763063005.Q" "FL763068005.Q" "FL763065005.Q" "FL723066000.Q" "FL763067005.Q" "FL763064105.Q" "FL723064203.Q" "FL763069705.Q" "FL763090005.Q" "FL764190005.Q" "FL764110005.Q" "FL714010005.Q" "FL904010005.Q" "FL764116005.Q" "FL763127005.Q" "FL723123005.Q" "FL763122605.Q" "FL763129205.Q" "FL763131005.Q" "FL763135005.Q" "FL762150005.Q" "FL764104005.Q" "FL763169175.Q" "FL763163005.Q" "FL723169305.Q" "FL723178003.Q" "FL763190005.Q" "FL764004005.Q" "FL723066303.Q"
"195201" 159116 2420 20276 176 134788 559 61805 1653 9586 2520 31143 14860 10210 2450 2 0 458 998 148014 3226 867 521 1838 102782 5560 1147 96075 34765 4621 100 463 463 0 0 713 1344 132794 0
"195202" 160646 2396 19381 175 137114 503 61908 1509 9964 2602 31183 15177 10988 3278 2 0 416 1164 149307 3072 625 499 1948 103321 5837 1264 96220 35607 4731 32 420 420 0 0 684 1440 134250 0
"195203" 163880 2530 20581 173 139135 570 62302 1888 10310 2467 31690 15590 11516 2800 2 0 454 1007 152449 3767 1093 948 1726 105023 6180 1562 97281 36185 4654 2 459 459 0 0 791 1568 136787 0
"195204" 168714 2753 19950 170 144274 569 64034 2110 10308 2340 33426 15867 12255 3363 2 0 492 1075 157143 3561 1094 709 1758 108779 4941 1390 102448 37027 4858 22 497 497 0 0 793 1606 141401 0
"195301" 166484 2550 20148 170 141961 512 61156 2034 10647 2344 33175 16080 13061 2950 2 0 455 1200 154848 3843 1500 601 1742 105605 5530 1268 98807 37538 4908 173 460 460 0 0 713 1608 139464 0
"195302" 164477 2590 19561 171 140609 415 59336 1594 10659 2325 33137 16387 13661 3093 2 0 428 1118 152571 3103 655 665 1783 103073 3634 1202 98237 38453 5132 9 432 432 0 0 628 1741 137942 0
"195303" 169229 2650 19309 172 145612 500 62882 1781 10815 2380 33381 16640 13930 3300 3 0 515 971 157103 3697 1014 885 1798 106038 5870 1162 99006 39039 5157 9 520 520 0 0 736 1907 142824 0
"195304" 173003 2512 20160 173 148521 567 64124 3601 10965 2393 32143 16850 14012 3863 3 0 573 1064 160864 3416 948 786 1682 108904 4146 1068 103690 39545 5803 37 579 579 0 0 967 1613 145228 0
"195401" 169051 2630 19194 173 145641 713 61338 3983 11555 2487 31620 16970 13622 3350 3 0 580 833 156749 2749 667 480 1602 104583 5060 1013 98510 39967 6435 -58 586 586 0 0 847 1640 142868 0
"195402" 172901 2660 19011 172 149233 695 64218 3163 12069 2316 31273 17382 13995 4118 4 0 589 1236 160341 3044 589 849 1606 106365 5591 1069 99705 41010 6878 24 595 595 0 0 690 1735 145700 0
"195403" 176328 2830 18331 171 153223 821 68054 1798 12480 2255 31542 17920 14048 4300 5 0 609 1164 163643 3355 685 1043 1627 108053 4120 850 103083 41464 7280 115 615 615 0 0 877 1884 149527 0
"195404" 182581 2469 18876 167 158907 802 69748 3551 12728 2303 32068 18574 14274 4854 5 0 873 1289 169561 3284 818 737 1729 113456 4172 1214 108070 42194 6985 -20 882 882 0 0 941 1839 154921 0
"195501" 179141 2830 18388 168 155761 713 64911 3643 13164 2241 32782 19125 14627 4550 5 0 807 1187 166061 3408 1150 539 1719 109916 4070 974 104872 42583 6945 -22 815 815 0 0 735 1681 152013 0
"195502" 181270 2681 18066 169 158341 582 64015 2736 12974 2181 35105 19940 15831 4971 6 0 655 1358 168011 3580 925 835 1820 111018 5078 1049 104891 43159 7025 -117 662 662 0 0 530 2154 154019 0
"195503" 183388 2960 18475 171 159751 585 62744 2181 13045 2122 37214 20540 16514 4800 6 0 671 1360 169973 4188 1437 919 1832 111761 4220 994 106547 43513 6880 -26 678 678 0 0 575 2404 155616 0
"195504" 187881 2682 19005 174 164092 532 62316 2882 12924 2120 39581 21004 17190 5537 6 0 642 1286 174323 4574 1692 1036 1846 115634 3709 1123 110802 43836 6668 -205 648 648 0 0 565 2603 159191 0
"195601" 185972 2890 18582 178 162277 562 59313 2840 12981 2007 40662 21390 17466 5050 6 0 660 1385 172212 4203 1499 760 1944 113248 6170 1233 105845 44262 6588 -16 667 667 0 0 528 2732 157881 0
"195602" 186407 2273 18443 183 163232 513 57366 2259 13023 1902 42765 21990 18375 5033 6 0 684 1592 172321 4107 1438 779 1890 112456 5232 1317 105907 45102 6775 -232 691 691 0 0 463 2959 158877 0
"195603" 189195 3100 18656 189 164733 593 57728 2007 13143 1854 43557 22500 18645 4700 6 0 805 1712 174806 4874 1633 1082 2159 113186 5110 1229 106847 45613 6639 68 813 813 0 0 704 2909 160832 0
"195604" 193942 3261 19059 195 168682 581 59344 2399 13067 1606 45218 22719 18861 4881 6 0 967 1778 179583 5008 1690 1122 2196 117532 3733 1428 112371 46155 6459 -210 977 977 0 0 871 2791 164762 0
"195701" 192641 2910 18350 202 168438 551 59376 2443 13246 1645 45424 22670 18826 4250 7 0 1019 1722 178116 4019 1399 523 2097 114760 6385 1104 107271 47921 6696 151 1029 1029 0 0 796 2744 165200 0
"195702" 193325 2950 18628 210 168541 501 56280 2057 13485 1669 47553 22760 19629 4600 7 0 979 2017 178622 4618 1853 691 2074 113193 4490 1620 107083 49331 6703 4 989 989 0 0 688 3096 164913 0
"195703" 197142 3040 18594 218 171993 565 59390 1827 13674 1709 47109 23105 20006 4600 8 0 1197 2100 182101 4654 1761 886 2007 115026 6330 1618 107078 50330 6738 114 1209 1209 0 0 823 3207 168582 0
"195704" 199617 3335 19034 223 173676 673 59010 2410 14081 1724 47279 23337 20232 4921 9 0 1307 2042 184400 4221 1474 788 1959 117018 3898 1737 111383 51346 6677 -313 1320 1320 0 0 952 3179 170053 0
"195801" 199308 2890 18426 229 174248 1025 60312 3082 14677 1767 45277 23400 19706 4993 9 0 1529 1986 183802 2849 822 -72 2099 114159 5560 1407 107192 52795 8778 -375 1544 1544 0 0 1013 3039 170775 0
"195802" 206814 3017 18568 235 181010 1072 63537 2541 15975 2021 45486 23960 20191 6218 9 0 1352 2632 191064 2973 924 -255 2304 118331 9460 1668 107203 54478 10048 -291 1366 1366 0 0 819 3340 176135 0
"195803" 207532 3140 18101 239 182526 1056 65504 2760 16510 1754 45257 24700 20330 4645 10 0 1281 2245 191441 4053 1286 491 2276 116047 4220 1276 110551 55945 9584 67 1294 1294 0 0 894 3557 179152 0
"195804" 214771 3249 18504 240 189180 890 67189 2985 16671 1677 48122 25523 20711 5402 10 0 1194 2404 198667 4341 1342 888 2111 122705 4250 1727 116728 56718 9268 -252 1206 1206 0 0 929 3752 184962 0
"195901" 210770 3090 18194 188 185678 889 63906 2475 16867 1698 47905 26130 21105 4693 10 0 1054 2566 194493 4406 1318 818 2270 117354 3590 1635 112129 57725 9185 88 1065 1065 0 0 810 3860 182029 0
"195902" 214114 3260 18188 130 188886 723 61551 2028 17029 1697 51415 27060 22454 4918 11 0 983 2667 197616 5085 1738 1140 2207 118386 4420 1816 112150 59049 8804 534 993 993 0 0 566 4199 184940 0
"195903" 216128 3240 17760 74 190744 806 59840 1958 17110 1693 53130 27635 23516 5045 11 0 954 3356 199303 4678 1280 1312 2086 120442 6140 1728 112574 59958 8045 255 964 964 0 0 522 4439 186642 0
"195904" 219197 3012 18174 66 194197 793 59544 1864 17078 1593 55348 28145 24180 5641 11 0 1151 2597 202340 5387 2043 1212 2132 123449 5050 1787 116612 60261 7527 -28 1163 1163 0 0 469 4112 189696 0
"196001" 213480 3360 17716 67 188108 808 54766 1607 17065 1512 55229 28228 24448 4433 12 0 1366 2863 196390 4817 1638 805 2374 116953 4410 1345 111198 60294 7463 968 1380 1380 0 0 592 3923 185029 0
"196002" 216897 3490 17528 71 191550 887 54818 1579 16836 1457 57161 28464 25577 4758 13 0 1382 2876 199444 4823 1135 950 2738 119436 7030 1609 110797 61353 7929 405 1396 1396 0 0 769 3333 188161 0
"196003" 222465 3540 18058 77 196256 1014 58301 1710 17226 1462 56180 28693 26176 5480 14 0 1668 2866 204676 5700 1580 1142 2978 121550 7440 1636 112474 62754 8733 228 1685 1685 0 0 1131 2895 192430 0
"196004" 228987 3346 17081 83 203649 1213 61611 2261 17685 1397 58272 28806 26423 5966 15 0 2027 2801 210907 6141 1893 1288 2960 125558 5945 1896 117717 62533 11090 -262 2047 2047 0 0 1468 2332 199695 0
"196101" 225598 3630 15992 91 201366 1503 60329 2411 18590 1401 56546 28864 26968 4739 15 0 2231 2288 207402 4913 861 829 3223 119475 4160 2360 112955 65100 11431 52 2253 2253 0 0 1378 2800 198843 0
"196102" 231416 2903 16716 101 206299 1580 62533 2405 18240 1270 57659 29383 27308 5905 16 0 2271 3126 212716 5530 1206 771 3553 121267 6362 2262 112643 67337 12637 30 2294 2294 0 0 967 2654 202649 0
"196103" 238566 3870 16310 111 213255 1857 66913 2354 19776 1256 57716 29920 27463 5984 16 0 2422 2598 219432 6146 1382 1202 3562 125196 7750 2375 115071 68090 13743 274 2446 2446 0 0 783 2754 209677 0
"196104" 246691 3689 17387 119 220291 2170 67221 2939 20467 1236 60882 30442 27869 7049 16 0 2683 2522 227420 7479 2415 1977 3087 130790 5946 2804 122040 69504 13536 14 2710 2710 0 0 577 2810 215909 0
"196201" 244116 3900 16786 124 218551 2036 65231 3189 21873 1340 59891 30844 27856 6275 16 0 2498 2257 224749 5324 1088 887 3349 124110 6260 3119 114731 73053 15569 173 2523 2523 0 0 707 3290 214758 0
"196202" 251114 3185 17206 127 225451 1832 65381 3575 23371 1299 62456 32194 29457 5869 17 0 2342 2803 231270 5750 1505 883 3362 126540 9554 3067 113919 76469 16208 55 2365 2365 0 0 741 3142 221907 0
"196203" 255533 4270 17105 129 229177 1965 65057 3213 24305 1286 63401 33430 29953 6550 17 0 2281 2571 235494 7273 2403 1532 3338 126588 8090 2588 115910 79308 15579 264 2304 2304 0 0 974 3204 224891 0
"196204" 268189 4519 17454 131 240455 2015 67059 4352 25658 1369 67088 34476 30563 7859 16 0 2650 2980 247816 7223 2940 1302 2981 135449 7158 2941 125350 82241 16374 63 2676 2676 0 0 1072 2718 235230 0
"196301" 263925 4210 16410 134 238152 2145 65488 4254 26532 1432 65175 35243 31095 6771 17 0 2589 2430 243535 5540 1417 560 3563 127365 7330 2695 117340 84883 18160 433 2615 2615 0 0 1082 3457 233953 0
"196302" 272224 3483 16965 136 245810 2093 64219 4339 28000 1347 68394 36939 32675 7787 17 0 2697 3133 251344 5880 1734 719 3427 131478 11060 3031 117387 88080 18457 288 2724 2724 0 0 805 3632 240703 0
"196303" 275448 4550 16621 138 248730 1948 62382 4525 29102 1113 69114 38360 33615 8554 17 0 2709 2700 254624 6506 1900 1140 3466 130652 8850 2989 118813 90207 18781 342 2771 2736 35 0 778 4587 242868 0
"196304" 286098 4259 17049 141 258874 2044 63794 4683 30103 901 74253 39414 34677 8988 17 0 2890 2885 265750 7113 2631 1249 3233 137784 6548 3283 127953 92711 20313 26 3152 2919 233 0 621 4030 252759 0
"196401" 283690 4500 16611 144 257109 2225 62053 4136 30888 1340 72654 40200 35503 8093 17 0 3102 2224 262947 5750 1552 726 3472 131465 7870 3399 120196 94747 22067 356 3553 3133 420 0 818 4191 252101 0
"196402" 292602 4539 16973 147 265008 2131 59869 4342 31548 1419 77093 41648 37642 9298 18 0 3149 2786 271042 5625 1712 622 3291 135758 10257 3728 121773 97688 22631 457 3713 3180 533 0 756 4414 258841 0
"196403" 298498 4780 17121 150 270251 2354 61341 4314 32827 1417 77088 42948 38783 9160 19 0 3175 3021 276835 6542 1660 1303 3579 137688 9200 3977 124511 99924 23209 75 3884 3207 677 0 784 4729 264247 0
"196404" 311330 4532 17850 151 282172 2505 63575 5206 33675 1386 82629 43976 39765 9435 20 0 3385 3240 289171 7133 2762 654 3717 144621 6510 4189 133922 102510 25077 540 4192 3419 773 0 834 4264 276102 0
"196501" 311669 4840 17277 151 282450 2084 59614 5343 35034 1438 84834 44799 40682 8598 24 0 3325 3626 289439 6584 1223 974 4387 137950 8350 4128 125472 106950 27097 773 4251 3358 893 0 673 5161 277153 0
"196502" 323446 4978 18229 148 292589 2253 57419 5218 36686 1495 89966 46548 43133 9844 27 0 3355 4147 300551 7832 1995 1277 4560 142756 11796 4034 126926 109897 28507 850 4879 3389 1490 0 592 5238 286073 0
"196503" 325774 5370 17797 146 295626 2328 56553 5376 38051 1381 91533 48353 44334 7689 28 0 3314 3521 302838 7077 1528 1145 4404 140093 7370 4227 128496 113218 29818 1136 4864 3347 1517 0 683 5949 291223 0
"196504" 341636 4851 18447 144 310981 1970 60197 5794 38822 1267 98737 49675 45212 9277 30 0 3392 3821 318213 7249 2344 1075 3830 149995 5525 4382 140088 116712 30983 1749 5016 3426 1590 0 702 5807 305066 0
"196601" 338027 5470 17941 149 307418 2031 56033 5926 39773 1181 98197 50650 45871 7723 33 0 3388 3661 314607 6596 1967 593 4036 142174 5120 4266 132788 119939 32342 943 5055 3422 1633 0 947 6611 303050 0
"196602" 352622 5234 18564 158 320063 1700 54062 6553 40783 1169 106723 52306 47382 9349 36 0 3420 5183 328523 7868 2244 1467 4157 149019 10997 4134 133888 124268 32963 1399 5148 3454 1694 0 549 7309 314098 0
"196603" 351577 5830 18070 168 319531 1791 54251 5726 41636 1247 105617 53606 47919 7700 38 0 3370 4608 327391 10154 2626 1964 5564 142472 6000 4358 132114 125974 33409 1592 5098 3404 1694 0 550 8142 315163 0
"196604" 362978 5450 19794 176 329422 1943 56785 6093 41221 1323 109605 54355 48182 9874 41 0 3603 4533 338361 11277 2683 1901 6693 152061 4992 4558 142511 127755 33302 1674 5333 3639 1694 0 671 6288 323110 0
"196701" 363498 5970 18619 187 331430 2638 58437 6651 43634 1626 106884 54481 48030 9005 44 0 3704 3588 338830 7848 1289 558 6001 145283 5520 4449 135314 133856 36445 1364 5638 3741 1897 0 823 7573 326085 0
"196702" 374011 4854 19505 200 340897 2818 54823 7607 47136 1951 112240 55656 49622 8998 46 0 4131 4424 348711 8487 1398 1434 5655 148330 5152 4381 138797 139442 37013 1241 6092 4172 1920 0 508 7598 335984 0
"196703" 385201 6252 20039 214 350605 3091 60775 7949 48354 2121 109952 57382 50851 10081 49 0 4146 3945 360066 10254 1406 2003 6845 152597 7022 4628 140947 143764 37517 788 6142 4187 1955 0 583 8421 344621 0
"196704" 403266 5931 21092 226 366907 2911 63253 9130 50342 2262 117038 58894 51691 11334 52 0 4317 4793 376980 11817 2624 1934 7259 164460 5234 4894 154332 145827 39204 1659 6323 4360 1963 0 590 7100 359838 0
"196801" 401173 6250 21232 231 363692 3221 62000 9430 51666 2311 113528 59969 51962 9550 55 0 4336 5432 374829 10998 2734 164 8100 154724 5320 4852 144552 150560 40094 1460 6342 4379 1963 0 579 10072 358423 0
"196802" 411097 5190 21462 237 374314 2923 59425 9325 52954 2346 121086 61792 54327 10077 59 0 4286 5608 383914 13589 2230 1920 9439 159767 4970 4837 149960 153539 38407 3152 6468 4329 2139 0 490 8502 368464 0
"196803" 426370 6660 22413 243 387327 3348 63386 9726 55748 2376 120302 63579 56550 12250 62 0 4327 5400 399127 15610 3335 1751 10524 163900 9040 5146 149714 157433 42058 3800 6592 4370 2222 0 582 9152 379342 0
"196804" 447874 7195 21859 249 407028 2924 65306 10426 58893 2455 130366 65476 58464 12654 64 0 4428 7115 419828 15605 3670 2531 9404 177997 5010 5374 167613 159756 45929 2586 6693 4472 2221 0 539 10723 398738 0
"196901" 441679 6490 22066 257 399626 3278 59358 10103 59090 2471 129501 66914 59197 9650 64 0 4464 8776 413386 17616 3031 1386 13199 165182 5510 5391 154281 163126 41578 5486 6806 4709 2097 0 674 12919 394376 0
"196902" 455425 6258 20808 266 412210 3460 54899 10143 60412 2037 139500 68865 61695 11135 64 0 4880 11003 426107 23586 2521 3965 17100 172249 5639 5368 161242 163847 38957 6519 8183 6174 2009 0 541 12226 405891 0
"196903" 456207 6950 22508 275 409732 3596 54070 9329 60055 1967 138726 70168 62703 9050 68 0 5232 11510 426878 19700 3839 2345 13516 169481 7610 5590 156281 164757 32472 9395 9894 7879 2015 0 649 20530 405846 0
"196904" 471382 7320 22085 284 424515 3524 55598 10086 59536 1924 148318 70517 63395 11545 72 0 5451 11727 441935 22877 3623 2410 16844 182762 5054 5798 171910 166366 30874 8707 11837 9800 2037 0 617 17895 418349 0
"197001" 465935 6940 22568 305 416398 3608 52125 10434 60481 1850 144686 70962 62526 9650 76 0 5352 14372 435835 21274 3791 1941 15542 170152 6140 5819 158193 167915 31878 9169 14881 11883 2998 0 1027 19540 412024 0
"197002" 480451 7090 21991 334 428864 3859 52224 10489 63231 2097 152735 71399 64022 8727 81 0 5973 16199 448193 20842 2892 3089 14861 177276 8076 5836 163364 172409 35447 6315 16707 13636 3071 0 769 18429 426029 0
"197003" 494382 7260 23938 364 440474 4569 56506 11433 66004 2379 151413 72501 65434 10150 85 0 5848 16498 463539 19936 3166 3232 13538 177860 8470 6109 163281 174777 49201 5095 13688 10524 3164 0 942 22041 436087 0
"197004" 517196 7047 24150 387 461353 4937 62516 13927 70204 2982 154812 73275 65625 12986 89 0 7058 17201 486275 18108 4596 3056 10456 192413 7938 6350 178125 180632 54396 4650 12713 9478 3235 0 957 22407 455336 0
"197101" 521217 7230 25932 408 461545 5358 62385 14701 74525 3057 150227 74424 65927 10850 91 0 7173 18929 491472 14438 2941 4192 7305 179380 4520 6040 168820 192117 59314 5776 13606 8937 4669 0 1185 25656 457777 0
"197102" 537334 7634 24550 443 478415 5067 60863 16304 77703 3389 158907 76639 68903 10546 94 0 7645 18647 506268 13193 2995 4222 5976 191663 8412 5797 177454 199178 58942 5723 14210 9454 4756 0 750 22610 475420 0
"197103" 550380 8100 25424 507 486086 5236 59418 16436 79794 3665 158850 80008 71740 10850 89 0 8148 22115 521075 11867 2909 2534 6424 189075 8920 5799 174356 202731 63183 8856 15046 10129 4917 0 862 29455 483295 0
"197104" 578230 7541 27788 514 512462 5449 65631 17936 82811 3922 166027 82515 74325 13761 85 0 7889 22036 548531 12235 4382 2007 5846 205896 10169 6038 189689 209303 67116 8666 15169 9941 5228 0 930 29217 506505 0
"197201" 586268 8050 28471 561 516773 4887 63365 18825 85352 4361 165772 85614 75646 12850 101 0 7985 24428 556213 9282 3703 366 5213 195519 8740 6426 180353 218691 68085 12774 16394 10237 6157 0 885 34583 511807 0
"197202" 604520 6799 27482 623 536315 4709 60995 19773 87041 4791 174329 90113 80008 14448 108 0 7069 26232 573200 10875 3429 1828 5618 199240 9083 6905 183252 222899 73916 13113 15942 9111 6831 0 600 36615 528828 0
"197203" 624769 8840 26692 676 550949 4569 61276 20076 89009 5012 176908 95048 83393 15550 108 0 6602 31010 593264 9570 4584 -741 5727 203275 9470 7574 186231 227815 79740 14307 16534 9036 7498 0 730 41293 541893 0
"197204" 663087 8648 25647 683 587511 5468 68068 21980 89960 5235 191806 99314 87001 18571 108 0 6898 33700 629281 10307 5955 -2435 6787 225942 10870 7901 207171 233957 84991 10836 17883 9604 8279 0 730 44636 575730 0
"197301" 679284 8889 26873 688 597815 4375 61998 22112 90620 5096 206493 103548 89240 14210 123 0 6859 38160 642765 7192 4149 -764 3807 210480 11382 7468 191630 240956 97605 18307 18903 10384 8519 0 1005 48317 590341 0
"197302" 704827 7666 24818 694 623750 4234 58642 24468 91740 5042 222436 109114 94107 13864 103 0 7237 40662 664730 6514 3818 -2241 4937 216646 10423 8410 197813 245058 104501 21842 20224 11592 8632 0 715 49230 617020 0
"197303" 736276 9671 30962 832 640019 4699 55934 27119 92612 5273 229588 114788 97529 12356 121 0 8170 46622 691723 10959 7558 522 2879 211371 8203 8520 194648 240784 123690 27441 22280 13483 8797 0 815 54384 635712 0
"197304" 760825 10688 27060 969 668777 4966 59196 29558 95656 5575 239830 119068 99620 15151 157 0 8892 44439 716720 4131 4357 -1823 1597 239015 9862 10865 218288 246767 122962 27090 23075 13862 9213 0 815 52866 662361 0
"197401" 772761 9709 28410 850 676071 5288 58276 30411 97783 5670 245562 121882 99294 11737 168 0 10166 47555 727262 9365 4255 -1433 6543 218431 8607 11104 198720 255930 128279 32223 25843 16313 9530 0 1075 56117 674332 0
"197402" 805550 8355 30086 730 706726 5825 52867 31778 100603 5779 267791 127320 102221 12373 169 0 13174 46479 758528 10199 5507 2673 2019 223409 8364 12208 202837 257461 145754 34379 30177 20258 9919 0 775 56375 707358 0
"197403" 821020 10507 33256 675 714598 5990 51366 32380 99807 5921 271912 130582 104123 12349 168 0 16035 45949 777250 12231 8913 1978 1340 218311 7377 11769 199165 256462 158963 37170 35002 24834 10168 0 940 58171 718116 0
"197404" 835784 11640 25843 787 733316 6391 55135 33192 101148 6596 281488 132105 102989 14103 169 0 18484 45714 790316 3325 2300 663 362 238891 4804 13468 220619 264965 162214 28477 37351 27001 10350 0 940 54154 737528 0
"197501" 832925 10562 30437 795 718827 7359 59997 33485 100530 7208 265834 131903 100425 11903 183 0 18730 53574 787749 -86 2976 2503 -5565 217863 3945 11574 202344 275501 160762 30747 38286 27871 10415 0 1115 63561 725471 0
"197502" 848023 10084 25976 803 736163 7148 68885 34061 102305 7857 268596 133012 101549 12584 166 0 17740 57257 800735 -8465 2352 -1122 -9695 232509 3110 12663 216736 287538 152328 32317 36938 26708 10230 0 615 66955 741153 0
"197503" 861252 11168 29363 850 739451 7871 76027 34175 102379 8117 261862 134514 104026 10315 165 0 16790 63630 813526 -1261 3808 511 -5580 227071 3175 12458 211438 296052 150694 33680 36019 25756 10263 0 615 70657 745761 0
"197504" 885079 12252 26052 899 765278 9771 85021 34899 102927 9450 265761 136186 106055 15029 179 0 18727 61871 837605 -8671 3917 -3091 -9497 247220 3112 13191 230917 305294 152063 29930 42047 27568 14479 0 615 69108 768797 0
"197601" 886541 11257 28150 875 761097 8800 90391 35092 101172 9289 257029 139629 105611 13842 242 0 18901 66261 836399 -8424 2164 -440 -10148 230029 2378 12537 215114 322696 142245 32740 42667 27517 15150 0 615 73831 765914 0
"197602" 909276 11981 27460 864 782446 8698 92503 34838 104102 9216 264463 143698 110077 14617 234 0 19783 66742 858307 -11480 3891 -1407 -13964 240942 4626 13014 223302 330745 141429 37969 43890 27989 15901 0 615 74197 787378 0
"197603" 924531 12287 29716 800 791659 9803 94430 35664 104550 9150 260613 147806 114633 14788 222 0 19599 70470 873112 -10405 3137 -1610 -11932 236719 5678 13777 217264 342022 136301 46839 44689 27689 17000 0 615 76333 796248 0
"197604" 960096 12121 25158 744 832572 13000 103774 36490 105976 9193 272900 151326 118043 21656 214 0 22523 66978 907672 -16773 2626 -3952 -15447 260850 3023 16223 241604 359872 136830 43820 48607 30607 18000 0 615 73852 833225 0
"197701" 972334 12124 26883 900 835992 10379 105874 35544 107100 9250 273667 155163 119842 18933 240 0 22694 73741 919238 -17777 3062 -4323 -16516 246175 3426 14780 227969 377136 135851 47615 49596 30886 18710 0 648 79994 839513 0
"197702" 1001365 12725 24562 1093 863600 10280 102903 36554 111277 9392 283017 163007 127616 19315 239 0 23440 75945 947246 -16370 3864 -2942 -17292 254116 2820 15160 236136 383266 137532 53199 51797 32204 19593 0 700 83006 867486 0
"197703" 1025617 11326 23953 1172 889646 10574 101140 36486 114567 9592 289637 171166 134369 21879 236 0 23317 76203 969882 -14493 3248 -6498 -11243 255877 5294 15262 235321 387935 145480 55330 52815 32465 20350 0 756 86183 890848 0
"197704" 1066900 13922 26870 1252 923122 13196 101960 37547 115155 10058 301789 178978 140302 23892 245 0 25654 76080 1012168 -21666 4075 -9374 -16367 285148 7315 18652 259181 388717 163080 54381 56140 35046 21094 0 800 85569 924639 0
"197801" 1080341 11622 27900 1332 934310 10395 100825 38829 115594 9680 310776 184596 143291 20050 274 0 24181 80996 1024984 -21146 3064 -3348 -20862 260182 3560 17086 239536 397495 174417 63947 55889 34569 21320 0 829 93371 938167 0
"197802" 1128806 11888 27920 1414 976400 10628 99573 40695 118682 9349 326695 194467 154140 21900 271 0 24289 86895 1071711 -15801 4746 -5831 -14716 276439 7960 17157 251322 400859 182960 69504 58175 36559 21616 0 840 98736 978518 0
"197803" 1164490 12141 26830 1489 1007109 11373 97592 42443 121812 9238 336388 205163 161619 21202 279 0 21952 94969 1105929 -7322 5084 -7324 -5082 276424 7941 16428 252055 405741 193557 73674 57034 35177 21857 0 860 105962 1007580 0
"197804" 1220035 15470 31223 1578 1048805 11981 95329 44296 126205 8863 360430 214046 166512 21025 118 0 24938 98021 1161659 -11456 7688 -9189 -9955 310575 14075 18348 278152 403423 211728 76896 63161 41055 22106 0 915 106417 1052600 0
"197901" 1231960 12345 31714 1673 1061424 11293 96292 45058 128096 9413 362982 219655 168703 19812 120 0 25214 99590 1171222 2293 5300 -8811 5804 276909 4163 16143 256603 410297 212940 90488 64000 41940 22060 0 1022 113273 1066706 0
"197902" 1277026 13272 30407 1755 1102319 12011 94584 46914 129353 9406 382366 228820 176177 22569 119 0 27158 102115 1212614 7048 5482 -8789 10355 303409 16276 18752 268381 417088 205404 98509 69154 47155 21999 0 1195 110807 1106789 0
"197903" 1322204 13609 29089 2090 1145090 12566 93690 49258 133399 10019 403082 238796 182530 21630 120 0 30907 101419 1255615 10911 3810 -10855 17956 312993 19862 19558 273573 426915 218986 99056 74945 52981 21964 0 1348 110462 1154247 0
"197904" 1355195 18488 29792 2441 1169663 14059 95599 52045 135583 9715 411467 245187 185725 20154 129 0 32465 102346 1288650 6977 8221 -10713 9469 338014 14475 22660 300879 433888 225581 94304 76351 54475 21876 0 1394 112142 1181845 0
"198001" 1367452 15333 32270 2531 1175283 12634 96303 53475 136339 9776 417255 249236 183415 16719 131 0 35888 106147 1298658 11860 6184 -10248 15924 308292 8099 22243 277950 448560 232013 97232 81984 59993 21991 0 1336 117382 1194321 0
"198002" 1384627 16029 33612 2621 1178085 14767 98518 56423 140035 10011 411691 252016 177822 16681 121 0 38967 115313 1314548 -14232 4382 -11161 -7453 325565 13026 25290 287249 460470 226190 106539 86310 63679 22631 0 1176 122531 1200250 0
"198003" 1418793 17307 28146 2711 1215467 15657 105481 58121 145163 10334 427995 256695 179789 16107 125 0 39509 115653 1347421 -20771 4174 -12905 -12040 337359 19090 22066 296203 468810 236373 111818 88043 65104 22939 0 990 124799 1238744 0
"198004" 1481739 19807 27456 2800 1271131 15753 111541 61774 148782 10844 458520 262661 180215 20924 117 0 39790 120755 1408718 -25064 6276 -14221 -17119 347752 11917 22919 312916 479875 272338 114827 91350 68166 23184 0 848 126792 1289880 0
"198101" 1485974 17288 26164 2754 1268351 15483 115129 63894 147747 10952 453181 265822 176465 19586 92 0 44178 127239 1413561 -32405 3917 -13416 -22906 330146 10219 20667 299260 488478 276057 121292 95138 72253 22885 0 740 134116 1292851 0
"198102" 1528993 18549 23626 2775 1306269 17063 115043 65443 148803 10921 474273 272694 179065 22884 80 0 45655 132119 1460421 -32214 3516 -12705 -23025 339830 17006 22707 300117 493716 292210 122337 101338 77426 23912 0 641 142563 1328960 0
"198103" 1572235 19185 27243 2833 1339063 16050 112127 69474 151479 10392 495774 278859 182849 21977 82 0 47564 136347 1507551 -30137 5297 -14482 -20952 340108 19560 23088 297460 502368 312799 125144 108236 83462 24774 0 556 148477 1364568 0
"198104" 1618732 18623 25228 2900 1373413 16497 113769 71576 154015 10713 512159 284216 184193 26209 66 0 51084 147484 1560819 -69636 3363 -17245 -55754 356499 10803 18993 326703 521939 324259 129709 112980 86915 26065 0 484 184585 1398222 0
"198201" 1607421 16612 26357 2999 1353881 18794 117300 72872 153285 9713 489794 288774 182922 20354 73 0 51835 155737 1554905 -69039 4528 -18031 -55536 334968 12869 15625 306474 544553 322742 134225 116920 90567 26353 0 435 170102 1385289 0
"198202" 1629417 20097 20198 3145 1377389 16256 114672 75030 152246 9292 508875 294234 185223 21491 70 0 55159 153429 1576317 -85193 4183 -17176 -72200 335680 11355 16542 307783 556367 338476 135147 124081 97220 26861 0 407 171352 1410987 0
"198203" 1670081 19198 20318 3294 1405097 17052 117268 76945 152179 10481 521991 298194 188072 22843 72 0 55095 167079 1614671 -99899 1673 -17364 -84208 349771 20841 14906 314024 571366 348753 137501 121991 92546 29445 0 388 184800 1437277 0
"198204" 1731316 19532 26489 3400 1450335 16810 134040 78832 158330 11073 532755 301272 190932 26215 76 0 58819 172741 1698712 -76849 3452 -17850 -62451 375794 16864 15582 343348 620995 329883 137936 131932 99565 32367 0 363 178658 1482863 0
"198301" 1727046 18286 23419 3470 1463106 14096 152143 81457 153436 12488 535496 303947 186947 23011 85 0 53965 164800 1696576 -96073 3294 -21270 -78097 360969 14563 15913 330493 692336 280309 142898 128187 94297 33565 325 344 187607 1493975 0
"198302" 1765685 20451 18004 3503 1498762 14463 167355 81432 154685 13853 538534 311121 190915 26318 86 0 57604 167361 1728558 -90748 4630 -19805 -75573 381253 22160 16930 342163 710397 275962 138332 132948 97090 35003 855 330 180085 1529962 0
"198303" 1818065 17410 20697 3536 1529741 14617 173292 81341 156639 15094 542665 321244 200673 24093 83 0 61469 185212 1785033 -84397 1565 -22155 -63807 377136 22836 15966 338334 726916 278752 148779 142308 102550 38357 1401 308 195232 1567034 0
"198304" 1888508 20996 21446 3600 1589214 14340 179509 79951 162076 16247 564169 330521 213663 28661 77 0 65672 187580 1853734 -75648 2481 -27831 -50298 390786 11521 17138 362127 751074 283332 153474 152092 108287 42031 1774 294 198330 1626148 0
"198401" 1950353 17333 21497 3699 1621966 13415 188122 78435 161474 18054 570929 343888 219840 27730 79 0 64738 221120 1872538 -69645 1683 -22478 -48850 384656 13040 17009 354607 764115 284043 163275 149019 109664 37357 1998 3589 193487 1658895 0
"198402" 1993997 18073 19085 3825 1662912 13117 180647 78503 161158 18489 591806 356489 236045 26579 79 0 71741 218361 1918784 -64972 4105 -21397 -47680 387266 12040 17374 357852 783316 304158 155486 169267 121859 45310 2098 3761 180502 1707995 0
"198403" 2045576 18345 22283 3958 1698460 14044 180075 79520 166653 20588 594234 367853 248051 27367 75 0 70101 232429 1967783 -57593 6922 -22722 -41793 388775 24718 16914 347143 795505 313919 157577 167974 116947 48863 2164 3746 197881 1741119 0
"198404" 2127618 24238 20192 4075 1765139 12553 181512 78884 174601 21896 621011 381379 258844 34455 4 0 69432 244542 2046244 -66117 4432 -23054 -47495 419526 15546 19277 384703 826021 321114 155183 175914 118117 55513 2284 3584 211019 1800112 0
"198501" 2146996 18058 25185 4194 1781370 9143 192649 78507 169850 23081 619860 390072 267381 30758 69 0 66000 252189 2064619 -60624 2880 -24219 -39285 390286 13639 17805 358842 851225 321939 161695 177962 115888 59632 2442 3545 218591 1816543 0
"198502" 2200280 18857 25255 4325 1832908 10154 195594 81027 171905 27222 629761 402706 276513 37952 74 0 62721 256214 2115036 -67543 1600 -22849 -46294 418274 24004 19066 375204 875503 311830 164798 178959 112854 63487 2618 3019 230197 1857603 0
"198503" 2261868 21070 25004 4438 1883401 9304 196161 77320 182731 29758 645144 417224 286728 38946 85 0 62360 265595 2173263 -60761 2589 -23192 -40158 435098 16652 20287 398159 889010 323289 174552 182037 111324 67917 2796 3070 226969 1906730 0
"198504" 2377582 25537 26046 4500 1975044 9696 189387 77461 231749 31103 661659 431234 297227 45438 90 0 59972 286483 2280556 -43827 4048 -17009 -30866 473707 25797 20651 427259 907891 332078 186405 188338 110997 74382 2959 3161 232804 1989488 0
"198601" 2392763 21251 28221 4529 1981299 9437 194260 81347 214109 33088 660224 443166 296270 49299 99 0 57646 299817 2295109 -42505 1378 -25603 -18280 449794 11948 19943 417903 921560 330677 196444 181677 99274 79301 3102 3188 254274 1989547 0
"198602" 2434035 22221 28953 4533 2023180 8922 194448 90079 208868 39134 673949 458258 304100 45342 80 0 55718 299430 2333825 -48422 1235 -24299 -25358 491777 25224 21379 445174 941696 319739 194213 190335 101459 85654 3222 3411 241077 2033476 0
"198603" 2502841 22609 33350 4498 2074164 7573 194805 103549 217587 46590 675298 476780 311443 40454 85 0 56902 311318 2399055 -43519 1728 -20965 -24282 491334 28211 21051 442072 960318 327390 209318 194342 101332 89658 3352 3527 256346 2090527 0
"198604" 2621085 25652 43940 4406 2172907 8575 197711 115064 203363 53344 730248 504687 320187 39631 97 0 54402 319778 2520859 -32041 2826 -19686 -15181 568246 27480 23451 517315 982330 333559 205431 195918 101885 90508 3525 3245 264172 2187581 0
"198701" 2594543 22493 37717 4248 2152954 7839 193561 124979 192574 61449 703340 522903 309795 36409 105 0 55152 321979 2499777 -19381 6828 -18402 -7807 496476 8649 21532 466295 985312 335213 210071 206528 107838 95032 3658 3139 282420 2171592 0
"198702" 2632736 23950 31531 4002 2200893 8015 192520 130342 185615 67858 714424 547675 316822 37512 110 0 59324 313036 2560122 -23331 2551 -20619 -5263 533487 30924 22253 480310 989102 350019 208019 216475 113640 98568 4267 1471 284880 2222595 0
"198703" 2703754 24422 34331 3751 2244456 7024 198422 135641 180032 70548 716275 570016 325602 40795 101 0 58217 338577 2636801 6526 2189 -18447 22784 531068 32975 20447 477646 993858 356842 214771 216397 110412 101633 4352 1380 315960 2261777 0
"198704" 2774355 24858 36729 3571 2297517 11219 194393 144511 174258 78096 731770 594796 334090 34377 7 0 59828 351852 2691538 8681 4626 -25241 29296 548498 21644 22157 504697 1010120 374953 215693 217414 108937 103964 4513 1197 314982 2322961 0
"198801" 2784711 23110 33754 3405 2322180 7980 195642 151256 166997 83823 732635 611363 333855 38623 6 0 54782 347480 2703548 -7923 2609 -23691 13159 529703 23520 21239 484944 1034629 380238 245077 212686 104063 104146 4477 868 308270 2338333 0
"198802" 2848900 25565 30126 3257 2373175 7968 190801 157123 161609 86318 756006 635952 341529 35855 14 0 55768 361009 2783673 4298 2723 -23140 24715 552969 32559 22542 497868 1051125 379546 248784 218148 106368 107328 4452 231 328572 2393074 0
"198803" 2892754 22093 33378 3123 2412246 9463 191472 165401 158628 86937 755844 657575 351421 35491 14 0 55468 366446 2822870 -7426 3353 -27128 16349 539916 34154 21094 484668 1063895 403835 253520 217153 104221 108594 4338 421 351557 2432209 0
"198804" 2952118 27561 33943 2997 2455865 10069 185276 175325 151589 88994 772981 676905 360816 33904 6 0 57499 374253 2890403 10423 3456 -28237 35204 565611 28979 21562 515070 1083939 416758 236608 219378 106000 109064 4314 1428 356259 2479454 0
"198901" 2987697 22203 32422 2888 2482600 9467 192397 185763 147880 78528 773548 696826 355578 35555 4750 2308 52393 395191 2918322 1393 3011 -23720 22102 514164 13513 21749 478902 1105317 435840 260660 217685 104334 109003 4348 1053 382210 2492380 0
"198902" 3079755 22775 32450 2791 2531074 9009 178393 200639 143306 78899 789085 722776 363704 38358 4647 2258 53984 436681 3009997 -3618 638 -26926 22670 539537 34390 20618 484529 1120979 439238 276575 221011 106177 110733 4101 1496 414779 2539795 0
"198903" 3181906 23122 27576 2708 2581216 8643 166936 217397 140020 79563 801481 749832 371715 38781 4579 2269 54668 492616 3099768 -6465 1099 -29045 21481 525835 30278 21165 474392 1146510 443952 285951 225282 107243 113731 4308 1029 477674 2590255 0
"198904" 3234334 28671 33758 2637 2637115 9875 165284 230482 133802 84093 814516 770704 383309 38183 4694 2173 55361 476792 3150840 -553 1612 -29818 27653 562218 25582 21498 515138 1184700 445690 274437 224564 106126 113733 4705 229 459556 2647426 0
"199001" 3260422 23251 31811 2598 2665691 9479 178809 251347 130131 85866 802171 791978 372789 36986 4191 1944 49763 487308 3182248 6077 2539 -26166 29704 524251 16719 20236 487296 1210329 443881 294126 220269 103139 112041 5089 609 482707 2672333 0
"199002" 3235637 24294 31909 2599 2709939 10200 177292 264833 124282 84728 813464 820141 372319 36470 4250 1960 47272 419624 3164090 4778 1242 -26409 29945 547768 32072 20035 495661 1249063 438098 294910 211560 94645 111289 5626 721 417192 2714531 0
"199003" 3287107 24752 29742 2589 2741898 9726 180016 274174 122844 84371 812727 836875 379467 35638 4069 1991 45383 442743 3209256 23183 2382 -29087 49888 545285 36595 21731 486959 1278702 431783 279162 199901 87222 106396 6283 542 450698 2745583 0
"199004" 3337780 32590 34974 2509 2767216 12665 172064 284806 117428 88699 819980 849346 381982 36194 2150 1902 45527 454964 3251468 24438 2412 -31267 53293 583954 30919 21405 531630 1307657 423618 248401 197737 82155 108925 6657 326 465338 2772497 0
"199101" 3349662 24707 21783 2359 2787417 13346 187545 299335 113316 90316 808222 862157 370499 36244 3951 2486 38354 475042 3272283 37242 2826 -16338 50754 546021 26325 20114 499582 1342277 435854 239909 189265 71510 110989 6766 -541 482256 2783090 0
"199102" 3333215 25627 19670 2126 2807500 11427 196246 308117 108682 90839 798756 877260 368385 41254 3878 2656 36880 441412 3253341 13184 1921 -11677 22940 565626 36038 18640 510948 1359450 425384 239263 186464 67476 111757 7231 -394 464365 2796592 0
"199103" 3392063 28757 24815 1898 2832547 9976 217546 317598 105622 93224 794351 876093 366312 44366 3980 3479 37108 466938 3305857 32249 547 -4708 36410 584834 38534 19584 526716 1382583 418740 229801 182777 64635 110498 7644 -12 474885 2817830 0
"199104" 3443397 33603 26653 1759 2872341 10620 232457 335722 103212 96345 788164 881291 370176 46790 3824 3740 35320 473721 3360825 32971 949 -4619 36641 621562 36414 19409 565739 1386507 399587 227533 184574 62098 113151 9325 -1312 509403 2853307 0
"199201" 3492019 29338 26553 1677 2909216 10522 255882 345876 100720 94508 778518 886396 357166 71620 3551 4457 31709 493526 3375346 37531 564 -665 37632 604840 16693 18976 569171 1397329 387596 266172 185867 59653 116177 10037 -1198 497210 2861297 0
"199202" 3536864 29693 20061 1577 2932536 10067 266954 357935 98852 93097 779568 890833 355981 71919 3340 3990 31415 521582 3420991 48510 1193 -5073 52390 637610 36104 20771 580735 1390533 361910 271121 186015 56479 117906 11630 -1262 526554 2884702 0
"199203" 3611052 30194 24978 1464 2982776 9100 287474 371321 98964 96323 777235 897224 357300 80634 2848 4353 30704 540936 3489548 72059 382 -4982 76659 657182 38203 21991 596988 1387935 354711 266461 190177 55024 122651 12502 -1487 562511 2925645 0
"199204" 3656682 31870 29111 1297 3011752 9182 294375 378493 97511 94744 779242 900521 362901 87993 3434 3356 31675 550977 3526138 74239 3928 -9545 79856 714324 30552 21664 662108 1389167 332763 265757 194551 54359 127646 12546 -1723 557061 2948644 0
"199301" 3683119 30561 31689 1166 3014507 8613 310164 398425 95865 98512 758333 898903 358900 79605 3445 3742 28862 576334 3544146 82821 1090 -5139 86870 674632 18750 21191 634691 1390448 332970 288497 199083 53378 131372 14333 -5780 581475 2956577 0
"199302" 3744436 32210 24568 1016 3067170 7126 307206 408588 96646 97677 769128 918256 366632 89290 3254 3367 27510 591962 3596076 90589 1755 -5998 94832 718169 36516 21123 660530 1385059 323118 287730 202643 52457 133346 16840 -5780 594549 2998769 0
"199303" 3803839 31735 26729 934 3105463 6464 313867 417076 99176 99051 765430 929671 379364 88384 3229 3751 26307 612671 3653789 112312 3865 -8126 116573 732439 38426 24943 669070 1378277 311677 305337 203927 49997 134186 19744 -5678 615498 3036406 0
"199304" 3894291 32671 31566 1000 3174396 7270 322191 423206 99166 98201 771996 947828 395704 100657 4288 3889 25257 629401 3733601 121046 1003 -5387 125430 788418 42633 21247 724538 1377196 311712 297664 207951 51894 134875 21182 -4577 634192 3090819 0
"199401" 3966971 31439 32527 912 3197943 5680 344430 425794 99665 97182 779380 945649 397802 95923 3450 2988 24255 679895 3820735 154939 907 -8295 162327 764288 39780 22190 702318 1384396 303612 324740 207912 51775 134539 21598 -5894 686742 3119837 0
"199402" 4024951 34426 30052 942 3228047 5389 330132 429475 99321 98592 790837 964863 413413 90503 3192 2330 23892 707592 3876945 169039 1567 -8681 176153 760667 42889 22557 695221 1378051 301268 344659 213481 53525 135048 24908 -6524 716304 3155914 0
"199403" 4069418 31155 27026 1072 3268235 5141 313330 429059 98650 100723 808037 989704 434560 83988 3007 2036 24715 717215 3925321 186973 692 -5268 191549 734670 30383 23162 681125 1376802 323387 347056 222257 57335 136181 28741 -5853 740029 3203919 0
"199404" 4163114 38129 27970 1449 3331231 5765 290407 428741 97576 102479 834913 1012711 458777 94941 2914 2007 22882 741453 4021747 209471 -493 -8189 218153 756739 23751 23204 709784 1376209 332970 366314 228096 54974 142619 30503 -6235 758183 3254251 0
"199501" 4257154 31291 27507 1231 3395935 4523 308059 433871 95342 100941 867482 1033937 459689 87214 2752 2125 23969 777221 4088450 209748 141 -4408 214015 706837 15634 22646 668557 1389903 354127 390548 232716 55497 147359 29860 -5975 810546 3327813 0
"199502" 4342073 33596 22313 1487 3487197 5676 298357 447482 94386 102535 903315 1062399 471591 95978 3031 2447 24330 773150 4140418 205956 509 -4158 209605 731495 39731 22144 669620 1421973 360834 398127 242761 55303 154165 33293 -4334 783606 3410071 0
"199503" 4417130 33072 20857 1173 3550647 5438 289373 462100 93311 108592 922642 1082184 485920 93941 4566 2580 23679 787702 4213090 209128 494 -1459 210093 694002 30307 23559 640136 1455932 385731 410356 252370 58203 159817 34350 -3342 808913 3473239 0
"199504" 4498522 40562 26995 1599 3604614 5675 278673 467464 93375 110521 949569 1090189 502328 99491 5006 2323 22326 802426 4296961 218313 242 -11207 229278 710841 19003 24118 667720 1490098 387781 388132 250579 52783 161119 36677 -1621 852839 3520120 0
"199601" 4514518 34386 22138 1405 3623489 6090 284028 471288 92966 109293 966934 1097597 490807 96833 5190 2463 22594 810506 4297953 205440 71 -4639 210008 659301 16832 23218 619251 1548674 402440 398055 241818 53430 155948 32440 -3143 845369 3541597 0
"199602" 4575512 35677 22013 1495 3668651 4926 280203 473704 92655 109922 993667 1109930 503766 91945 5622 2311 22068 825608 4371593 187206 446 -10452 197212 673195 31360 27160 614675 1557909 420089 417076 253026 56665 161571 34790 -2638 865730 3590841 0
"199603" 4617489 38227 18674 1429 3714243 4361 274983 475855 92717 110157 1025022 1123239 513906 85669 6108 2226 23068 821848 4404958 164419 2294 -13796 175921 672288 37794 25308 609186 1575215 458763 417210 256825 56512 164244 36069 -946 861184 3643308 0
"199604" 4716497 45186 22265 1413 3794500 6472 261821 495653 94236 111602 1041669 1145389 527463 100806 6779 2610 23355 829778 4505948 167067 4381 -14627 177313 676272 28684 26927 620661 1612157 493068 426821 263558 55650 168903 39005 907 866098 3707660 0
"199701" 4798307 37151 19800 1383 3868229 3219 282454 510435 94018 117893 1078598 1160137 505158 106967 2265 7085 23805 847939 4594423 149884 3479 -3931 150336 641973 24028 26823 591122 1665622 505026 440352 266926 56093 171841 38992 904 923736 3775717 0
"199702" 4922137 38407 21319 1435 3957359 3110 265923 523012 94332 121257 1115802 1196460 512017 115274 1868 8304 24897 878720 4708939 134522 2355 -9428 141595 661114 34243 29424 597447 1683311 543648 454404 286218 59771 180062 46385 3376 942346 3856810 0
"199703" 5003018 38531 19926 1402 4010493 3132 261780 537902 96160 130264 1123087 1227131 509663 111580 1872 7922 23760 908906 4790557 125705 50 -25059 150714 626786 33511 28213 565062 1714959 589957 467170 294008 58549 184171 51288 4462 967510 3912879 0
"199704" 5182474 45004 29110 1361 4144547 2698 270072 571159 96651 140549 1169848 1245314 515064 122456 2610 8126 20576 941876 4993322 141300 2754 -34434 172980 656444 27779 31714 596951 1760429 600972 495865 309223 58493 192648 58082 5663 1023426 4031931 0
"199801" 5254161 37784 22711 1328 4220158 1079 278474 593108 95779 150887 1192823 1270826 493846 131376 4856 7104 16839 955341 5058537 114376 1531 -24269 137114 616775 21691 31492 563592 1813649 645276 512465 329944 58890 204967 66087 5792 1020260 4093661 0
"199802" 5342064 38413 21832 1516 4275531 1119 263784 588647 98306 154031 1242285 1281723 493317 139699 5620 7000 14212 990560 5135724 125853 2379 -19707 143181 650616 48510 30404 571702 1831023 634413 511411 350160 62334 209198 78628 6293 1025956 4137424 0
"199803" 5496013 39198 23911 1382 4338944 945 219824 621709 101464 161430 1281467 1295424 499624 146464 3565 7029 14144 1078434 5300297 130542 -175 -18919 149636 608991 30036 28117 550838 1867839 652536 541428 365694 64210 214409 87075 7758 1125509 4196031 0
"199804" 5638665 42057 24487 1993 4483604 1100 214101 663170 104849 176222 1316370 1336996 512007 142803 6838 9147 11312 1075212 5397200 116953 1653 -30623 145923 622921 13157 28640 581124 1944087 673055 535792 382105 56946 220221 104938 7933 1114354 4336127 0
"199901" 5639724 38555 20719 1609 4477750 932 224698 674784 106480 156892 1329533 1337118 499258 129655 8340 10060 10232 1090859 5380700 116646 -636 -15538 132820 589280 16418 26964 545898 1956476 672274 564762 390016 56813 229015 104188 6984 1084263 4339927 0
"199902" 5708147 40551 20312 1260 4527893 795 217475 676734 107576 179549 1346867 1361328 484471 132842 9246 11010 8947 1109184 5447420 141878 492 -13135 154521 607177 42043 27493 537641 1971680 671354 554679 408148 58349 230575 119224 5578 1086927 4383742 0
"199903" 5812582 41020 19874 1652 4623665 1072 219976 695299 109425 189414 1368651 1419148 480406 122081 8081 10112 7912 1118459 5502706 143046 545 -17645 160146 588075 46016 27341 514718 2004284 699124 562690 435982 53855 241334 140793 7321 1062185 4491303 0
"199904" 5998151 66555 22452 2248 4788495 1350 228922 699553 110763 210077 1386218 1495420 507763 124785 11257 12387 8235 1110166 5689064 112829 -4 -27422 140255 626358 49561 28664 548133 2016043 792618 605558 449270 63089 240605 145576 10907 1075482 4648301 0
"200001" 6261088 35187 16756 1917 4898976 1444 218421 717400 111927 203373 1425049 1547344 505673 143344 11345 13656 8705 1299547 5587625 66229 23 -17147 83353 574406 37503 28723 508180 2076973 816107 624361 463593 59745 248891 154957 12597 953359 4739336 0
"200002" 6409996 36992 16839 2079 5027192 1364 204187 720565 112395 207833 1476195 1614400 514964 150477 11323 13489 8997 1317897 5724828 134599 500 -16180 150279 573783 48693 29890 495200 2099476 832735 654337 494675 61717 258408 174550 12242 922981 4860900 0
"200003" 6569902 34494 15983 1417 5118269 1340 203129 712802 113491 241580 1480917 1648507 531032 158993 12648 13830 8429 1391310 5894457 146323 744 -25200 170779 536561 39333 31500 465728 2156099 863844 656628 502037 62857 266583 172597 15516 1017449 4941227 0
"200004" 6708611 44391 17419 1708 5214382 1502 184541 721824 114126 266076 1513113 1660054 551074 175152 11876 15044 7487 1423224 6026099 151968 1011 -10128 161085 540895 16384 30692 493819 2227659 885409 645127 509257 63645 273198 172414 20098 1045686 5019797 0
"200101" 6797041 36000 16226 1865 5238634 588 172003 715253 112541 279382 1511387 1687713 542799 191492 8433 17043 7448 1496868 6084115 98757 202 -2934 101489 517183 23878 28472 464833 2308431 899151 643275 540297 71151 293073 176073 21880 1055141 5029114 0
"200102" 6848958 37171 16653 1721 5249679 0 174028 700189 116233 308401 1478537 1722375 550374 172664 9627 17251 6558 1537176 6135610 99929 -224 910 99243 536183 37699 29563 468921 2341305 901532 608925 543739 69428 295314 178997 21837 1082160 5056695 0
"200103" 7039421 36657 22403 2520 5302794 0 176120 735698 118119 326936 1472516 1736630 546509 167069 7184 16012 4849 1670198 6309902 106736 -461 -1568 108765 541768 36353 29001 476414 2394721 894527 595120 554099 67519 302141 184439 29225 1193706 5117377 0
"200104" 7123522 47330 15224 2771 5426781 0 162654 777417 120185 363062 1439835 1789819 568437 175176 8854 21342 4595 1626820 6392799 122603 11 7084 115508 628847 47459 25840 555548 2477057 918082 591349 562122 55367 310158 196597 22917 1069822 5226004 0
"200201" 7101704 34918 20096 1684 5431571 0 165945 808301 118659 359672 1427762 1800341 561548 158548 8456 22339 4497 1608938 6361629 102083 -456 18937 83602 523049 9510 24173 489366 2559500 960681 570893 564785 60934 304847 199004 21138 1059501 5246725 0
"200202" 7291913 36549 19965 2727 5536925 0 183786 856841 118318 343488 1396902 1873064 566783 174574 4922 18247 4831 1690915 6570954 72487 -54 17439 55102 536462 37122 24144 475196 2596972 966660 594740 574366 48374 313819 212173 28789 1200479 5344013 0
"200203" 7509263 37850 20576 2707 5676963 0 192046 889865 121180 351961 1381834 1961965 589192 175325 0 13595 4758 1766409 6769952 85833 573 12689 72571 563164 54582 23774 484808 2682967 956747 614463 590555 51464 317367 221724 32342 1243882 5492801 0
"200204" 7683222 47818 19709 2484 5827227 0 205841 917879 121716 359886 1360033 2058307 602570 177942 3457 19596 4554 1781429 6959506 133820 458 13644 119718 571505 31065 25187 515253 2746498 915330 676305 611842 52910 332182 226750 33783 1270424 5630786 0
"200301" 7796235 38532 24025 3049 5940555 0 136790 961165 123255 449191 1361180 2099219 593231 200704 2029 13791 4801 1785273 7008012 68612 -1167 16411 53368 540180 8528 1835 529817 2831924 942949 697480 627923 49370 352939 225614 33588 1265356 5728832 0
"200302" 8039765 39540 24589 2995 6105696 0 126776 1035319 127191 450174 1346264 2192844 603684 200129 6670 16645 4548 1862397 7187756 39930 243 6358 33329 588777 26680 2802 559295 2912282 934362 728874 640138 44153 359703 236282 33454 1309939 5886800 0
"200303" 8070367 40361 25732 2397 6094780 0 126361 967981 131970 452899 1312829 2263752 614124 200589 9664 14611 4267 1902830 7226957 87125 -322 18961 68486 567944 29839 2256 535849 2934589 931298 685983 638699 45162 361217 232320 32481 1348839 5874183 0
"200304" 8229726 47951 19694 2468 6239562 0 132067 1000286 132692 481243 1335068 2255798 669386 200932 14984 17106 4365 1915686 7379447 119349 -257 10029 109577 607216 30154 4071 572991 2978186 928108 714289 660355 46648 378400 235307 35069 1336876 6010905 0
"200401" 8450671 40957 21744 3184 6448038 0 144120 1094258 133857 499943 1328542 2329524 658036 227402 16005 16351 3864 1932884 7579171 45820 -525 15695 30650 603218 17524 7074 578620 3078039 987585 773909 678491 60984 388955 228552 38302 1373808 6192144 0
"200402" 8642724 43347 26264 2730 6596944 0 140501 1110587 137134 491160 1358436 2435840 660571 230628 15730 16357 4408 1969031 7760867 91381 486 24853 66042 627327 40545 8302 578480 3147341 1031001 803275 710121 56154 402649 251318 23710 1326712 6338637 0
"200403" 8856190 42019 21194 3083 6680803 0 122061 1055972 139057 530043 1366052 2517315 676319 242720 15727 15537 3985 2105106 7923436 99354 2075 18366 78913 609967 32254 8353 569360 3204286 1070888 794939 728339 56103 417997 254239 31568 1384096 6410804 0
"200404" 9057752 41528 20790 3505 6851482 0 107765 1095072 140763 563614 1410145 2595605 704270 195847 20273 18129 4010 2136437 8096841 144210 968 24900 118342 646732 26919 13238 606575 3258739 1120615 727424 738731 57200 437439 244092 33628 1426762 6621244 0
"200501" 9295473 42128 22054 3620 7074272 0 125865 1120356 145374 623938 1433946 2690522 683112 215812 19468 15879 4022 2149377 8291833 128083 -1361 34342 95102 622422 20235 14895 587292 3337045 1175524 762755 776462 63892 457278 255292 29105 1460437 6827135 0
"200502" 9505676 45314 20131 3798 7237492 0 109487 1104550 147873 670330 1476123 2791831 683951 217522 20918 14907 4098 2194843 8489309 132023 -742 16183 116582 631079 30598 18629 581852 3360161 1229530 808646 792442 62057 464974 265411 30420 1505009 6988243 0
"200503" 9748814 41161 19046 3278 7433724 0 108729 1090628 153704 698650 1505071 2896832 708230 231809 23538 16533 4322 2247283 8597723 133328 599 19694 113035 587939 32975 20375 534589 3459863 1320850 833304 810546 67694 474516 268336 27313 1424581 7166166 0
"200504" 9843692 50081 16318 3044 7546568 0 97048 1089645 157673 686972 1577939 2958042 707039 230676 24150 17384 4020 2223661 8685246 128277 957 21274 106046 610326 33886 19654 556786 3527078 1363726 817675 823857 61241 494111 268505 25778 1388530 7278378 0
"200601" 10071979 40018 18517 2697 7754035 0 96878 1128335 160262 707838 1627447 3033208 697480 257434 28202 16951 738 2255974 8872593 116911 -290 23864 93337 583560 4234 18665 560661 3586190 1448392 855451 837020 59465 505910 271645 24383 1420687 7452186 0
"200602" 10328898 42622 18503 2630 7969457 0 101430 1169043 161692 734522 1663613 3140433 694749 258510 26987 18478 701 2294985 9075308 73354 -746 24344 49756 604997 41495 23888 539614 3613305 1523270 899718 889579 71388 528553 289638 20938 1450147 7666183 0
"200603" 10424538 40074 15060 2459 8050420 0 97790 1107245 168753 749734 1702141 3181295 710502 282152 29436 21371 664 2315861 9168997 87089 -777 38410 49456 571787 48309 24951 498527 3650405 1595399 924897 900339 72691 539817 287831 29268 1409814 7718124 0
"200604" 10821023 51712 16694 2911 8402055 0 94925 1135557 180243 780309 1704762 3403052 741200 302170 35290 24547 446 2347205 9463581 115729 -266 19332 96663 574403 28025 28822 517556 3814662 1627708 888151 997963 79303 570146 348514 24710 1420256 8040494 0
"200701" 10735837 41179 16292 2701 8426287 0 105060 1126530 188239 804038 1714939 3386400 723278 319878 35412 22512 320 2249058 9465012 -10525 -843 31520 -41202 566783 3862 30166 532755 3902499 1641425 941050 1015586 82977 591368 341241 22119 1386076 8048804 13033
"200702" 11006246 43452 14991 2143 8604550 0 95730 1124560 190345 848457 1769484 3472132 737869 300161 40903 24910 392 2340718 9749672 3167 -1097 18359 -14095 560645 22246 34206 504193 3933010 1668221 978051 1062488 87487 625153 349848 15524 1528566 8238969 12604
"200703" 11504986 41482 20541 2907 8883020 0 103077 1060387 192753 922542 1914693 3525100 771518 320176 43898 28876 277 2556759 10158636 44786 -520 17609 27697 564551 71816 31385 461350 3987891 1801834 921955 1184292 98765 655001 430526 16392 1636936 8490347 11789
"200704" 11809485 54997 18199 2603 9186633 0 112331 1022293 192937 978219 2026863 3644402 804096 334458 41468 29565 493 2546560 10400797 12829 48617 21125 -56913 587677 42912 34064 510701 4077709 1925276 838483 1261160 117181 688745 455234 11108 1686555 8781634 11181
"200801" 12152348 45430 21058 2649 9261778 0 109687 1016207 203692 992020 2102015 3684522 796317 297194 33675 26449 348 2821085 10720319 -34149 110737 16376 -161262 590322 42925 37161 510236 4194022 1990111 808070 1312922 116089 723922 472911 151 1858871 8904808 11173
"200802" 12290287 45710 30162 2718 9311360 0 97522 1095735 203604 964648 2136692 3660742 812984 281358 32578 25498 311 2900026 10815666 64043 173551 10088 -119596 586756 50217 33467 503072 4188814 1973350 757739 1394175 130626 781159 482390 -12321 1863111 8972238 10719
"200803" 13062028 47985 213968 2633 9722361 100037 117153 1080040 224067 956022 2220090 3853357 844087 284300 23241 19967 0 3075081 11408002 291997 299103 -11622 4516 639071 41454 42697 554920 4405731 2042835 715274 1460529 115822 732603 612104 -29697 1882262 9394853 9846
"200804" 13991390 57725 816336 3230 9672382 15685 93180 1169352 216654 979941 2230261 3841395 878643 220970 6711 19590 0 3441717 12460365 972804 558201 51676 362927 729090 3453 67614 658023 4619096 1827704 482757 1421959 77667 818024 526268 -74578 2481534 9425111 9519
"200901" 14472663 50305 731742 4308 9551882 4452 117145 1175424 214772 957388 2124035 3853327 850749 216580 4485 33525 0 4134426 12695831 777686 537735 58296 181655 666624 4303 49268 613053 4753592 1763707 468740 1724863 56110 1210978 457775 -72571 2613190 9297292 9132
"200902" 14216111 51142 584362 3291 9518967 9841 123659 1221348 219666 939002 2029403 3897642 837783 194129 10480 36014 0 4058349 12418572 419867 325680 93200 987 729399 4038 47022 678339 4777864 1770040 622062 1720828 51856 1216447 452525 -80857 2459369 9278344 8052
"200903" 14165550 50745 790020 2807 9318057 52 180277 1185840 218024 949384 1864073 3795413 832687 222035 20545 49727 0 4003921 12525279 395272 204697 65983 124592 735872 3701 43026 689145 4862713 1784869 655434 1685123 55592 1225367 404164 -65927 2471924 9025750 7288
"200904" 14163057 54922 908709 4190 9297491 0 185439 1276852 218561 867672 1778931 3818667 855311 219625 30317 46115 0 3897745 12533525 250685 94521 86110 70054 814038 3789 44552 765697 5003472 1824750 746612 1645261 60753 1182477 402031 -67524 2316231 9001433 6926
"201001" 14439044 51802 963592 3876 9527551 0 251342 1269294 219320 787638 1779227 3761281 1149191 232378 34691 43188 0 3892223 12758278 95616 9898 58923 26795 767961 4113 45514 718334 5110917 1718910 811165 1975122 206480 1411666 356976 -73601 2352189 9217293 7532
"201002" 14418461 53787 895718 5389 9394653 0 246180 1261562 220400 768929 1753457 3706795 1133723 243093 21822 38692 0 4068914 12793161 117870 -1275 72855 46290 787899 3234 46796 737869 5099093 1626740 760733 1920432 199479 1393319 327634 -64599 2544994 9091046 6404
"201003" 14580475 50605 850848 5261 9614151 0 311946 1316205 229098 904105 1749219 3674354 1115273 243244 29526 41181 0 4059610 12983602 48327 -1278 67489 -17884 786807 3616 43358 739833 5197138 1656295 702908 1925510 193563 1442869 289078 -64822 2731440 9300200 6112
