"DATES" "FL514090005.Q" "FL513020003.Q" "FL513034003.Q" "FL512050003.Q" "FL514004005.Q" "FL513069103.Q" "FL513061103.Q" "FL513061703.Q" "FL513062003.Q" "FL513063003.Q" "FL513065503.Q" "FL513064105.Q" "FL513064203.Q" "FL513070003.Q" "FL513092003.Q" "FL514190005.Q" "FL513178003.Q" "FL513190005.Q"
"195201" 13203 1251 0 0 8049 0 5445 0 1582 902 120 2941 0 876 86 8680 192 8488
"195202" 13483 1270 0 0 8184 0 5348 0 1728 987 121 3040 0 901 88 8926 176 8750
"195203" 13765 1293 0 0 8480 0 5693 0 1739 926 122 2977 0 925 90 9200 189 9011
"195204" 14336 1320 0 0 8733 0 5774 0 1869 967 123 3245 0 948 90 9485 218 9267
"195301" 14598 1343 0 0 9031 0 5877 0 2023 1006 125 3165 0 967 92 9681 189 9492
"195302" 14828 1361 0 0 9256 0 5884 0 2202 1041 129 3134 0 983 94 9903 195 9708
"195303" 15160 1372 0 0 9563 0 5957 0 2402 1070 134 3133 0 996 96 10159 248 9911
"195304" 15694 1375 0 0 9873 0 6025 0 2617 1092 139 3344 0 1006 96 10462 355 10107
"195401" 16191 1371 0 0 10068 0 5986 0 2829 1110 143 3637 0 1017 98 10591 323 10268
"195402" 16681 1360 0 0 10294 0 5993 0 3032 1124 145 3897 0 1030 100 10639 239 10400
"195403" 17267 1344 0 0 10560 0 6057 0 3222 1136 145 4216 0 1045 102 10795 266 10529
"195404" 17867 1323 0 0 10828 0 6137 0 3402 1146 143 4539 0 1064 113 10967 246 10721
"195501" 18032 1316 0 0 10908 0 6022 0 3587 1155 144 4609 0 1084 115 11111 220 10891
"195502" 18627 1319 0 0 11055 0 5964 0 3781 1164 146 5030 0 1106 117 11234 159 11075
"195503" 19206 1331 0 0 11351 0 6045 0 3984 1173 149 5275 0 1130 119 11447 182 11265
"195504" 19564 1348 0 0 11529 0 6000 0 4194 1183 152 5408 0 1156 123 11649 165 11484
"195601" 20006 1354 0 0 11575 0 5834 0 4395 1190 156 5767 0 1185 125 11834 167 11667
"195602" 19887 1345 0 0 11620 0 5683 0 4583 1195 159 5577 0 1217 128 11951 108 11843
"195603" 19946 1320 0 0 11773 0 5655 0 4756 1201 161 5470 0 1252 131 12088 60 12028
"195604" 20246 1280 0 0 11943 0 5657 0 4915 1210 161 5599 0 1291 133 12261 18 12243
"195701" 20086 1253 0 0 11996 0 5530 0 5072 1233 161 5372 0 1330 135 12505 25 12480
"195702" 20717 1242 0 0 12088 0 5423 0 5232 1272 161 5879 0 1370 138 12805 58 12747
"195703" 20577 1249 0 0 12321 0 5437 0 5397 1326 161 5456 0 1410 141 13099 82 13017
"195704" 20625 1272 0 0 12599 0 5480 0 5568 1390 161 5159 0 1451 144 13350 101 13249
"195801" 20870 1298 0 0 12593 0 5248 0 5737 1447 161 5342 0 1490 147 13487 15 13472
"195802" 21416 1321 0 0 12716 0 5160 0 5904 1491 161 5703 0 1527 149 13743 73 13670
"195803" 22255 1337 0 0 13019 0 5265 0 6073 1520 161 6184 0 1563 152 13977 105 13872
"195804" 23201 1345 0 0 13382 0 5439 0 6249 1534 160 6721 0 1599 154 14320 166 14154
"195901" 23425 1348 0 0 13518 0 5360 0 6453 1545 160 6763 0 1639 157 14525 104 14421
"195902" 24044 1348 0 0 13761 0 5356 0 6690 1557 158 7092 0 1683 160 14821 98 14723
"195903" 24288 1345 0 0 14159 0 5476 0 6955 1573 155 6890 0 1731 163 15154 127 15027
"195904" 25095 1337 0 0 14606 0 5626 0 7239 1595 146 7204 0 1782 166 15465 145 15320
"196001" 25050 1334 0 0 14909 0 5532 114 7500 1618 145 6808 0 1830 169 15688 118 15570
"196002" 25635 1333 0 0 15140 0 5437 190 7727 1641 145 7119 0 1872 171 15914 111 15803
"196003" 25479 1333 0 0 15331 0 5439 163 7919 1663 147 6734 0 1907 174 16150 124 16026
"196004" 26401 1332 0 0 15501 0 5446 140 8084 1682 149 7456 0 1934 178 16403 139 16264
"196101" 27559 1337 0 0 15703 0 5239 340 8274 1697 153 8384 0 1954 181 16614 133 16481
"196102" 27798 1344 0 0 15933 0 5118 452 8501 1706 156 8368 0 1969 184 16797 105 16692
"196103" 28313 1354 0 0 16203 0 5206 364 8766 1710 157 8588 0 1981 187 17005 109 16896
"196104" 29373 1365 0 0 16516 0 5358 234 9057 1712 155 9309 0 1993 190 17259 106 17153
"196201" 29672 1388 0 0 16858 0 5275 368 9281 1780 154 9197 0 2035 194 17464 130 17334
"196202" 28120 1422 0 0 17263 0 5214 511 9498 1890 150 7145 0 2093 197 17606 114 17492
"196203" 29139 1454 0 0 17658 0 5276 534 9706 1998 144 7673 0 2153 201 17780 122 17658
"196204" 30467 1471 0 0 17971 0 5439 433 9905 2060 134 8620 0 2201 204 17946 114 17832
"196301" 31230 1473 0 0 18218 0 5329 586 10098 2074 131 9092 0 2239 208 18179 92 18087
"196302" 31763 1462 0 0 18403 0 5336 609 10289 2041 128 9417 0 2270 211 18467 63 18404
"196303" 32193 1446 0 0 18568 0 5457 512 10465 2008 126 9665 0 2299 215 18797 93 18704
"196304" 32688 1432 0 0 18746 0 5597 397 10612 2019 121 9959 0 2332 219 19029 92 18937
"196401" 33451 1424 0 0 18937 0 5472 548 10728 2069 120 10499 0 2368 223 19309 77 19232
"196402" 34041 1418 0 0 19124 0 5328 719 10811 2146 120 10866 0 2406 227 19593 61 19532
"196403" 34631 1411 0 0 19317 0 5498 571 10884 2244 120 11227 0 2445 231 19903 49 19854
"196404" 34998 1396 0 0 19532 0 5629 454 10970 2359 120 11351 0 2484 235 20290 37 20253
"196501" 35331 1380 0 0 19754 0 5572 512 11049 2497 124 11435 0 2523 239 20683 67 20616
"196502" 35015 1358 0 0 19966 0 5377 692 11101 2666 130 10887 0 2561 243 21059 64 20995
"196503" 36107 1337 0 0 20219 0 5420 637 11182 2843 137 11702 0 2602 247 21471 82 21389
"196504" 36783 1321 0 0 20561 0 5464 602 11349 3004 142 12000 0 2649 252 21889 93 21796
"196601" 36879 1318 0 0 20831 0 5252 863 11426 3150 140 11770 0 2704 256 22320 101 22219
"196602" 36964 1324 0 0 21227 0 5093 1123 11588 3283 140 11386 0 2766 261 22745 84 22661
"196603" 36450 1331 0 0 21636 0 5080 1212 11785 3419 140 10386 0 2832 265 23209 92 23117
"196604" 37522 1329 0 0 22025 0 4991 1276 12040 3575 143 11000 0 2898 270 23647 95 23552
"196701" 39428 1321 0 0 22422 0 4623 1512 12368 3748 171 12432 0 2964 289 24225 174 24051
"196702" 39883 1305 0 0 22752 0 4335 1552 12785 3904 176 12486 0 3031 309 24671 101 24570
"196703" 40953 1291 0 0 23094 0 4325 1304 13205 4079 181 13138 0 3100 330 25208 100 25108
"196704" 41297 1285 0 0 23483 0 4286 1177 13542 4293 185 13000 0 3176 353 25761 97 25664
"196801" 40913 1297 0 0 23932 0 4170 1215 13804 4555 188 12059 0 3247 378 26364 127 26237
"196802" 43256 1324 0 0 24438 0 4007 1371 13998 4872 190 13773 0 3317 404 26910 91 26819
"196803" 44387 1351 0 0 24950 0 3995 1391 14180 5192 192 14263 0 3391 432 27556 115 27441
"196804" 45313 1362 0 0 25413 0 3933 1420 14403 5464 193 14600 0 3476 462 28239 75 28164
"196901" 45388 1361 0 0 25832 0 3781 1511 14651 5694 195 14129 0 3572 494 29114 107 29007
"196902" 45505 1347 0 0 26124 0 3939 1267 14908 5814 196 13826 0 3680 528 29943 101 29842
"196903" 45510 1331 0 0 26578 0 3479 1643 15185 6074 197 13244 0 3792 565 30681 144 30537
"196904" 46155 1321 0 0 27032 0 3448 1615 15496 6273 200 13300 0 3898 604 31600 126 31474
"197001" 46771 1338 0 0 27812 0 3350 1684 15813 6757 208 12964 0 4011 646 32495 172 32323
"197002" 45097 1372 0 0 28586 0 3242 1783 16110 7231 220 10321 0 4127 691 33301 125 33176
"197003" 48069 1408 0 0 29642 0 3388 1638 16481 7902 233 12034 0 4246 739 34191 157 34034
"197004" 50662 1432 0 0 30870 0 3398 1628 17021 8578 245 13200 0 4370 790 35105 193 34912
"197101" 53411 1455 0 0 31821 0 3328 1704 17721 8823 245 14847 0 4443 845 36002 227 35775
"197102" 54590 1476 0 0 32769 0 3220 1824 18575 8910 240 14970 0 4471 904 36873 260 36613
"197103" 56300 1494 0 0 33714 0 3180 1881 19517 8903 233 15605 0 4521 966 37743 248 37495
"197104" 58450 1509 0 0 34647 0 3183 1897 20481 8863 223 16600 0 4661 1033 38721 150 38571
"197201" 61338 1521 0 0 35592 0 3055 2050 21508 8764 215 18225 0 4895 1105 39893 216 39677
"197202" 63314 1531 0 0 36557 0 2886 2254 22639 8574 204 18815 0 5229 1182 41097 202 40895
"197203" 65605 1537 0 0 37490 0 2757 2415 23776 8349 193 19740 0 5574 1264 42406 249 42157
"197204" 68865 1540 0 0 38331 0 2901 2288 24820 8141 181 21800 0 5842 1352 43767 270 43497
"197301" 69263 1540 0 0 39196 0 2734 2451 25807 8028 176 21031 0 6050 1446 44990 296 44694
"197302" 69402 1534 0 0 40003 0 2674 2479 26774 7903 173 20101 0 6218 1546 46152 264 45888
"197303" 72681 1529 0 0 40838 0 2738 2392 27674 7863 171 22302 0 6359 1653 47371 286 47085
"197304" 71257 1527 0 0 41777 0 2837 2310 28462 8002 166 19700 0 6485 1768 48711 283 48428
"197401" 72648 1534 0 0 42835 0 2765 2452 29118 8336 164 19749 0 6639 1891 49888 318 49570
"197402" 71451 1546 0 0 44000 0 2560 2781 29626 8871 162 17119 0 6764 2022 51020 286 50734
"197403" 67845 1560 0 0 45200 0 2525 2940 30102 9472 161 12038 0 6885 2162 52198 307 51891
"197404" 70084 1581 0 0 46371 0 2860 2680 30662 10012 157 12800 0 7020 2312 53297 303 52994
"197501" 73883 1412 0 0 48057 0 3170 2963 31256 10517 151 14759 0 7182 2473 54755 330 54425
"197502" 77345 1455 0 0 49564 0 3509 2914 31835 11134 172 16322 0 7359 2645 56149 297 55852
"197503" 76977 1527 0 0 51336 0 3995 2829 32480 11841 191 13760 0 7526 2828 57759 312 57447
"197504" 80281 1681 0 0 53708 0 4720 3302 33273 12192 221 14200 0 7668 3024 59693 308 59385
"197601" 86109 1486 0 0 57490 0 5460 3574 34636 13599 221 15974 0 7925 3234 62012 340 61672
"197602" 89171 1615 0 0 59738 0 5750 3887 35250 14606 245 16127 0 8232 3459 64656 316 64340
"197603" 93481 1739 0 0 63033 0 6585 4021 36459 15724 244 16451 0 8559 3699 67507 349 67158
"197604" 97861 1910 0 0 66217 0 7300 3859 38679 16106 273 16900 0 8878 3956 70296 362 69934
"197701" 101874 1765 0 0 70579 0 8486 4311 41791 15664 327 16107 0 9193 4230 73330 386 72944
"197702" 107627 1895 0 0 74826 0 7633 4326 43509 18990 368 16872 0 9510 4524 76503 416 76087
"197703" 112568 1828 0 0 79439 0 8770 4225 46227 19822 395 16627 0 9836 4838 79796 448 79348
"197704" 118341 2183 0 0 83708 0 9760 4386 49390 19788 384 17100 0 10176 5174 83117 480 82637
"197801" 122291 1678 0 0 88034 0 9754 4362 53070 20473 375 16698 0 10530 5351 86568 513 86055
"197802" 127802 1821 0 0 91225 0 9222 4525 56471 20642 365 18325 0 10897 5534 90185 550 89635
"197803" 135206 2219 0 0 95804 0 9895 4313 60132 21098 366 20185 0 11274 5724 93865 583 93282
"197804" 139800 2602 0 0 100222 0 10450 4887 62931 21563 391 19400 0 11656 5920 97548 604 96944
"197901" 145673 2125 0 0 104092 0 10896 5124 65766 21858 448 21227 0 12107 6122 101368 615 100753
"197902" 149832 2453 0 0 106125 0 10741 5355 67217 22384 428 22317 0 12605 6332 105220 619 104601
"197903" 157031 2581 0 0 109982 0 10694 5674 70053 23103 458 24806 0 13113 6549 109109 615 108494
"197904" 161672 2852 0 0 113656 0 10665 5971 72811 23559 650 24800 0 13591 6773 113022 600 112422
"198001" 164353 3105 0 0 116352 0 11158 5909 75353 23158 774 23810 0 14081 7005 117069 627 116442
"198002" 169909 3026 0 0 117878 0 10161 5836 77080 23980 821 27179 0 14581 7245 120552 674 119878
"198003" 176234 2985 0 0 120597 0 11082 5775 78962 23913 865 30079 0 15080 7493 123905 720 123185
"198004" 182096 2947 0 0 123524 0 12248 6178 80533 23571 994 32300 0 15575 7750 127768 744 127024
"198101" 186561 2976 0 0 126284 0 13203 6296 81607 24123 1055 33097 0 16189 8015 130936 746 130190
"198102" 189067 3004 4 0 127931 5 12959 6505 82699 24616 1147 32959 0 16879 8290 133994 727 133267
"198103" 189835 3021 18 0 130490 25 13614 6797 83862 24943 1249 30150 0 17583 8573 136924 706 136218
"198104" 194449 2989 35 0 132048 50 13491 6982 83923 26261 1341 32393 0 18117 8867 139474 699 138775
"198201" 194927 3110 71 0 133607 102 13665 7298 84687 26449 1406 30158 0 18674 9307 141728 711 141017
"198202" 196461 3101 172 0 135194 246 13495 7662 85885 26458 1448 29310 0 19206 9478 143892 738 143154
"198203" 202856 3075 378 0 137076 540 14125 8069 86588 26253 1501 32921 0 19725 9681 146049 765 145284
"198204" 212342 3025 1427 0 139627 2038 14712 8515 86968 25794 1600 38500 0 20242 9521 150859 778 150081
"198301" 219332 2944 1975 0 141767 2822 16069 9010 87144 24973 1749 42304 0 20753 9589 153293 778 152515
"198302" 227280 2819 2604 0 142683 3720 16781 9566 86988 23674 1954 47958 0 21254 9962 155435 766 154669
"198303" 231925 2699 3575 0 144718 5108 18173 10143 86747 22387 2160 48930 0 21751 10252 158855 752 158103
"198304" 235197 2628 4801 0 147558 6859 19424 10700 86667 21597 2311 48112 0 22239 9859 163721 742 162979
"198401" 236733 2705 5286 0 150256 7552 20686 11473 86081 22050 2414 45769 0 22871 9846 167289 742 166547
"198402" 239902 2891 5994 0 154165 8563 22002 12266 85528 23316 2490 43229 0 23603 10020 170901 744 170157
"198403" 247836 3058 6165 0 158387 8807 24137 13158 85108 24597 2580 45688 0 24321 10217 174320 750 173570
"198404" 250927 3118 6270 0 161975 8957 25955 13912 84742 25745 2664 44658 0 25000 9906 177944 762 177182
"198501" 260506 3432 6604 0 166558 9434 26749 15462 84943 27101 2869 48796 0 25644 9472 182258 779 181479
"198502" 271709 3862 6881 0 172675 9830 27024 17656 85523 29595 3047 52313 0 26253 9725 191280 799 190481
"198503" 280837 4227 7422 0 182304 10603 30004 19627 87176 31697 3197 50047 0 26759 10078 204058 826 203232
"198504" 298590 4312 8266 0 191821 11809 32338 22157 88248 33930 3339 56969 0 27190 10032 215584 864 214720
"198601" 312332 4654 8285 0 201880 11836 35771 22820 90732 37098 3623 58656 0 28457 10400 224971 910 224061
"198602" 325018 5052 8235 0 211826 11764 38585 22721 93885 41028 3843 59592 0 29549 10764 234965 962 234003
"198603" 339137 5409 8211 0 222991 11731 42240 22367 97642 44936 4075 60265 0 31005 11256 246674 1027 245647
"198604" 353597 5629 8310 0 234585 11872 46127 22262 101937 48039 4348 61163 0 32062 11848 259475 1111 258364
"198701" 366788 5711 8353 0 244851 11933 48663 22281 107141 50389 4444 62121 0 33097 12655 270099 1215 268884
"198702" 379330 5656 8394 0 255377 11992 50679 22293 113625 52038 4750 62974 0 33842 13087 281618 1340 280278
"198703" 391248 5562 8470 0 265372 12100 52561 22309 119972 53562 4868 63894 0 34607 13343 292502 1477 291025
"198704" 405003 5526 8617 0 274641 12310 54693 22340 124765 55539 4994 65056 0 35651 15512 305913 1617 304296
"198801" 417503 5485 8857 0 283170 12654 56939 22365 128262 57811 5139 66358 0 37137 16496 314545 1696 312849
"198802" 429263 5418 9214 0 290904 13164 59163 22366 130723 60219 5269 67697 0 39068 16962 322047 1775 320272
"198803" 441124 5374 9561 0 298348 13659 61526 22409 132529 62819 5406 69308 0 40996 17537 329295 1854 327441
"198804" 453924 5397 9771 0 306009 13958 64187 22563 134060 65667 5574 71424 0 42460 18863 337578 1933 335645
"198901" 466001 5495 9839 0 313438 14055 66858 23133 134751 68862 5779 74344 0 43489 19396 345624 1761 343863
"198902" 478726 5668 9761 0 320920 13944 69746 23925 134774 72504 6027 78367 0 44171 19839 354141 1589 352552
"198903" 491029 5859 9682 0 328320 13831 72603 24897 134580 76139 6270 82064 0 44701 20403 362827 1417 361410
"198904" 503049 6012 9744 0 335641 13921 75176 26007 134766 79311 6460 84005 0 45276 22371 371104 1246 369858
"199001" 511852 6162 9977 0 342826 14253 77401 27244 135208 82105 6615 84005 0 45835 23047 378197 1409 376788
"199002" 517603 6346 10405 0 349802 14865 79209 28594 135776 84606 6752 81878 0 46317 22855 384525 1571 382954
"199003" 524015 6476 10779 0 356829 15399 81120 30149 136382 86930 6849 79798 0 46769 23364 390644 1734 388910
"199004" 533470 6463 10848 0 364159 15497 83649 32000 136936 89192 6885 79940 0 47238 24822 398817 1897 396920
"199101" 544102 6284 10638 0 372174 15197 88802 34361 135084 91871 6859 82218 0 47734 25054 405096 2063 403033
"199102" 556159 5914 10085 0 380239 14407 96038 37412 131523 94093 6766 86539 0 48290 25092 407796 2229 405567
"199103" 567517 5537 9559 0 387760 13656 103184 40291 128130 95859 6640 91089 0 48786 24786 410847 2395 408452
"199104" 575773 5334 9428 0 394125 13469 108064 42135 126778 97168 6511 94054 0 49102 23730 418982 2561 416421
"199201" 584637 5298 9690 0 400541 13843 112270 42989 127215 97836 6388 95673 0 49210 24225 423591 2136 421455
"199202" 591213 5409 10340 0 405688 14772 114895 42897 129179 97678 6267 96186 0 49085 24505 429494 1710 427784
"199203" 589602 5544 11026 0 406918 15751 113244 42546 131829 97435 6113 96448 0 48953 20713 435254 1285 433969
"199204" 597905 5576 11393 0 410584 16276 113628 42621 134324 97846 5889 97312 0 49040 24000 440787 860 439927
"199301" 607315 5525 11476 0 417575 16395 116805 42985 136948 98854 5588 98628 0 49327 24784 445864 1390 444474
"199302" 618311 5405 11309 0 426257 16155 121038 43496 139982 100394 5192 100242 0 49790 25308 449886 1921 447965
"199303" 629786 5275 11109 0 435279 15870 125475 44030 143137 101975 4792 101911 0 50291 25921 453941 2452 451489
"199304" 642476 5189 11095 0 443281 15850 129266 44463 146124 103106 4472 103392 0 50693 28826 459102 2983 456119
"199401" 648919 5145 10850 0 447981 15500 131274 44791 147250 104863 4303 105477 85 51253 28128 463076 2879 460197
"199402" 656460 5101 10675 0 452935 15250 133312 45119 148500 106620 4134 107566 166 51812 28205 466814 2775 464039
"199403" 665021 5057 10500 0 458636 15000 135349 45447 150500 108376 3964 109646 255 52372 28555 470703 2672 468031
"199404" 678080 5013 10297 0 465569 14710 137375 45774 153782 110133 3795 111735 336 52931 32199 474448 2568 471880
"199501" 694794 4973 11007 0 472291 15724 137717 46400 155400 113500 3550 119313 416 54023 32771 483771 2745 481026
"199502" 709664 4932 11717 0 479029 16739 138222 46962 157100 116700 3306 125623 503 55115 32745 494221 2922 491299
"199503" 725313 4892 12427 0 486030 17753 138676 47500 159050 120001 3050 131418 594 56206 33746 492446 3100 489346
"199504" 740320 4851 13137 0 493125 18767 139066 48150 161036 123290 2816 133479 671 57298 37759 504906 3277 501629
"199601" 750142 4811 13847 0 498791 19782 139488 48262 163004 125684 2571 135245 755 58390 38303 508817 3437 505380
"199602" 757005 3756 11832 0 502681 16903 133899 47714 166999 134599 2567 139484 841 59474 38937 511209 3598 507611
"199603" 767739 4089 12881 0 508167 18401 130504 48071 168247 140405 2539 142296 927 59609 39770 517033 3759 513274
"199604" 769964 3938 12404 0 514216 17721 126166 50986 175366 141583 2394 147528 1040 57192 33646 513770 3920 509850
"199701" 781429 4233 13335 0 515917 19051 94300 68827 187643 143616 2480 150124 1140 61276 35404 516510 4038 512472
"199702" 804215 4062 12794 0 521897 18277 94749 69362 188632 148507 2370 165233 1365 61821 37043 518865 4156 514709
"199703" 822522 4168 13128 0 530613 18754 95735 70022 189950 153786 2366 172431 1573 61860 38749 527509 4274 523235
"199704" 843470 4235 12331 0 538204 17615 96414 70820 191625 159500 2230 184332 1674 59925 42769 526702 4392 522310
"199801" 865980 3709 12669 0 544676 18099 92355 71581 196617 163821 2203 198022 1902 62611 42391 530984 4121 526863
"199802" 872029 3594 12991 0 544908 18559 87195 71487 199293 166214 2160 200628 1989 63389 44530 532239 3850 528389
"199803" 854771 3801 14751 0 546244 21073 82459 71206 201438 168165 1903 178310 1873 64037 45755 535683 3578 532105
"199804" 876428 4014 14934 0 548877 21335 76766 69668 208089 171065 1954 197908 2201 61540 46954 531034 3307 527727
"199901" 876401 3219 15031 0 544449 21473 73680 70677 204214 172497 1908 198219 2268 63692 49523 532492 3320 529172
"199902" 882819 3661 11440 0 544767 16343 70529 73313 204839 177806 1937 204532 2423 65459 50537 539311 3333 535978
"199903" 870096 3145 12105 0 542693 17293 67873 74474 201454 179610 1989 190371 2350 66130 53302 549611 3346 546265
"199904" 869869 4254 9892 0 536539 14132 64860 75532 198988 181106 1921 205154 2702 63560 47768 537766 3358 534408
"200001" 873182 3131 12177 0 537978 17395 63527 77505 194732 182270 2549 202420 2928 66050 48498 539910 3372 536538
"200002" 870845 2707 12344 0 533755 17635 61267 79382 190365 183258 1848 201002 2935 67173 50929 545234 3386 541848
"200003" 871376 3059 12519 0 535619 17884 59629 82114 188084 186232 1676 196317 3043 68700 52119 549417 3400 546017
"200004" 858119 3671 13392 0 534318 19132 57807 84101 184118 187526 1634 191360 2914 64577 47887 546411 3414 542997
"200101" 835979 10552 9719 1313 525938 11806 56058 86323 180991 189118 1642 169545 2691 67592 48629 552731 3491 549240
"200102" 845743 11758 9318 1658 524940 10948 55887 86323 180991 189117 1674 176968 2909 69849 48343 557295 3568 553727
"200103" 841423 13627 11069 770 530395 14368 56312 90820 174795 192395 1706 161879 2633 72712 48338 575392 3644 571748
"200104" 853092 13086 10281 88 536564 12731 57472 94229 173812 196443 1877 170953 2956 69882 49282 578337 3721 574616
"200201" 875426 16966 9637 1459 543519 10425 59702 98671 175906 196936 1879 173154 3089 73358 54244 584386 1871 582515
"200202" 877871 17218 9805 1291 552642 10165 62384 103144 177853 197200 1896 160394 2953 77752 55816 599002 20 598982
"200203" 882500 25599 13076 1012 564094 13611 66804 107030 178632 196118 1899 142662 2723 77740 55594 612608 -1830 614438
"200204" 933741 25930 15257 1741 584680 15682 71970 113194 182980 198875 1979 149356 2964 74813 79000 611992 -3680 615672
"200301" 947709 30192 13695 -69 597231 13035 73771 113445 191998 202998 1984 144349 3058 79291 79962 626344 -2501 628845
"200302" 990321 36142 15015 -2664 614843 14288 78143 113266 200697 206524 1925 159352 3556 81630 82447 639828 -1322 641150
"200303" 1018907 35113 14763 463 634550 13972 81889 113863 211241 211668 1917 163403 3850 82268 84497 658812 -143 658955
"200304" 1057128 34573 14336 1112 660487 13701 86245 115408 224198 218854 2081 178362 4307 79345 84606 668260 1036 667224
"200401" 1094993 31110 13405 2240 686874 12065 90437 116365 237637 228230 2140 183758 4545 82370 90691 681929 3327 678602
"200402" 1116595 31081 12117 970 702154 10150 92775 115266 247660 234085 2218 186500 4679 85290 93804 691361 1087 690274
"200403" 1151958 34459 13185 2727 726908 10504 100428 114266 258696 240664 2350 186564 4745 86434 96936 711882 -1706 713588
"200404" 1157992 25852 13433 873 746457 12313 106551 112131 267778 245254 2430 196620 5220 79627 89910 709789 1506 708283
"200501" 1178152 24044 13556 543 770888 13205 108046 114564 280909 251691 2473 190733 5226 82218 90944 724150 5939 718211
"200502" 1201873 23266 12923 1235 782320 13051 106427 115340 290415 254553 2534 193461 5362 84973 98333 728757 3548 725209
"200503" 1239731 23077 13006 1359 812325 14904 108096 118324 305977 262364 2660 198742 5552 84933 100737 746121 -3812 749933
"200504" 1245012 21007 12782 1362 819269 15817 106870 117936 313165 262751 2730 199531 5737 82074 103250 757706 -1553 759259
"200601" 1272615 28692 12201 835 830649 15229 105733 119502 319981 267458 2746 205265 6135 84102 104736 772853 6281 766572
"200602" 1285023 36606 11177 399 837399 13989 103309 120566 325579 271101 2855 202652 6148 86015 104627 776864 2159 774705
"200603" 1311908 41365 12026 1591 846103 13643 105710 120982 329525 273331 2912 211683 6435 85155 107550 788730 4317 784413
"200604" 1334592 29919 13498 727 864060 16396 109985 122015 335223 276987 3454 227028 6916 86976 105468 825097 9437 815660
"200701" 1351890 31714 16424 2307 868386 16038 101644 123234 344154 279758 3558 229503 6908 86976 109672 814457 12558 801899
"200702" 1373853 32983 16668 2796 866843 13172 89303 124464 353291 282557 4056 243546 7116 89585 114316 825995 10673 815322
"200703" 1398223 45187 18086 3465 870049 12179 79839 125707 362641 285384 4299 248509 7117 88689 117121 840295 10612 829683
"200704" 1385310 42698 20661 3098 869328 13280 71278 125800 371300 282900 4770 236186 6819 85425 121095 820808 6997 813811
"200801" 1370689 41844 26020 -329 872136 18624 71973 123015 374363 279296 4865 215654 6328 86279 122757 827432 5948 821484
"200802" 1366155 40589 26992 491 867014 17647 69502 120482 378124 276248 5011 212475 6283 87142 125169 835705 -2990 838695
"200803" 1355061 43430 26320 838 854311 16748 66004 116998 378885 271016 4660 209539 5561 87142 127920 853490 -2721 856211
"200804" 1307077 27921 32779 2043 853408 19103 65637 114273 381938 267503 4954 193288 4407 86679 106552 800095 -21109 821204
"200901" 1283032 25960 33179 3623 855821 17462 71369 113762 375729 272507 4992 164592 4183 87389 108285 786737 -24233 810970
"200902" 1318794 33909 29089 4611 861779 12143 75778 114520 373584 280722 5032 187625 4550 87291 109940 791774 -20534 812308
"200903" 1363777 33581 28298 5452 870745 9228 81491 115205 371026 289005 4790 219919 5020 85377 115385 803343 -14491 817834
"200904" 1386934 27618 29575 3901 886722 9825 88547 116218 369382 298304 4446 219803 5286 82953 131076 813888 -15787 829675
"201001" 1389144 28273 25277 3800 882848 7771 88786 113810 369674 298540 4267 225581 5419 84813 133133 816669 -12643 829312
"201002" 1366083 37104 24608 3900 879668 7446 89465 112224 368607 297678 4248 193383 5005 86741 135674 818400 -19090 837490
"201003" 1406121 39349 27259 4200 887695 8248 92638 111763 371114 299703 4229 220306 5353 86887 135072 825664 -15693 841357
