"DATES" "FL893064105.Q" "FL103164103.Q" "FL263164103.Q" "FL793164105.Q" "FL893064105.Q" "FL153064105.Q" "FL213064103.Q" "FL313064105.Q" "FL263064105.Q" "FL713064103.Q" "FL763064105.Q" "FL443064175.Q" "FL513064105.Q" "FL543064105.Q" "FL573064105.Q" "FL223064105.Q" "FL343064105.Q" "FL653064100.Q" "FL553064103.Q" "FL563064103.Q" "FL663064003.Q" "FL503064105.Q" "FL893064195.Q"
"195201" 170033 151463 363 18207 170033 154368 0 0 3454 0 2 248 2941 2236 1445 44 0 3034 1814 0 447 0 164218
"195202" 177569 157607 789 19173 177569 161366 0 0 3539 0 2 276 3040 2301 1562 47 0 3120 1875 0 441 0 171146
"195203" 177773 156907 1128 19738 177773 161327 0 0 3434 0 2 289 2977 2245 1602 49 0 3261 1939 0 648 0 170790
"195204" 168555 146628 1459 20468 168555 150984 0 0 3705 0 2 336 3245 2446 1843 56 0 3326 2000 0 612 0 160901
"195301" 165387 143052 1492 20843 165387 147995 0 0 3569 0 2 350 3165 2396 1916 59 0 3255 2060 0 620 0 157698
"195302" 155600 133816 1399 20385 155600 138160 0 0 3476 0 2 371 3134 2395 2042 63 0 3197 2120 0 640 0 147934
"195303" 151067 129274 1290 20503 151067 133430 0 0 3430 0 3 392 3133 2413 2169 68 0 3170 2180 0 679 0 143390
"195304" 164584 144082 1329 19173 164584 145753 0 0 3650 0 3 431 3344 2573 2392 75 0 3521 2240 0 602 0 156635
"195401" 178055 156255 1439 20361 178055 157808 0 0 3996 0 3 471 3637 2773 2605 82 0 3843 2298 0 539 0 169668
"195402" 196162 172550 1554 22058 196162 174526 0 0 4353 0 4 489 3897 2920 2685 84 0 4218 2354 0 632 0 187232
"195403" 217910 191985 1708 24217 217910 194488 0 0 4804 0 5 517 4216 3093 2821 89 0 4749 2413 0 715 0 208336
"195404" 224300 194840 1868 27592 224300 198838 0 0 5254 0 5 571 4539 3268 3154 99 0 5361 2480 0 731 0 214106
"195501" 232079 202122 1934 28023 232079 205607 0 0 5407 0 5 629 4609 3261 3551 113 0 5753 2554 0 590 0 221758
"195502" 258468 225533 2168 30767 258468 228787 0 0 5981 0 6 781 5030 3499 4519 148 0 6366 2635 0 716 0 247132
"195503" 276004 240995 2333 32676 276004 244536 0 0 6349 0 6 918 5275 3606 5446 180 0 6358 2719 0 611 0 264142
"195504" 281765 244222 2439 35104 281765 248246 0 0 6575 0 6 1000 5408 3633 6085 200 0 6927 2800 0 885 0 269227
"195601" 302590 262345 2642 37603 302590 266699 0 0 7074 0 6 1086 5767 3800 6817 217 0 7504 2878 0 742 0 289469
"195602" 292672 252704 2591 37377 292672 257232 0 0 6899 0 6 1030 5577 3591 6739 201 0 7688 2954 0 755 0 279759
"195603" 286758 246833 2565 37360 286758 252081 0 0 6805 0 6 982 5470 3453 6712 189 0 7361 3033 0 666 0 274036
"195604" 307024 268373 2625 36026 307024 270997 0 0 6961 0 6 1000 5599 3503 7065 200 0 7887 3120 0 686 0 293988
"195701" 291995 254023 2486 35486 291995 256792 0 0 6621 0 7 971 5372 3378 7014 215 0 7891 3213 0 521 0 279425
"195702" 313429 273076 2645 37708 313429 275127 0 0 7112 0 7 1089 5879 3773 7948 277 0 8370 3311 0 536 0 299962
"195703" 284196 245392 2388 36416 284196 248019 0 0 6484 0 8 1036 5456 3570 7638 294 0 7716 3414 0 561 0 271333
"195704" 279633 245747 2233 31653 279633 244492 0 0 6091 0 9 1000 5159 3391 7489 300 0 7411 3520 0 771 0 266941
"195801" 297466 261319 2320 33827 297466 260601 0 0 6328 0 9 1056 5342 3479 8060 320 0 8012 3631 0 628 0 284480
"195802" 316492 278565 2514 35413 316492 276372 0 0 6840 0 9 1155 5703 3626 8981 340 0 8949 3749 0 768 0 302594
"195803" 351866 310541 2786 38539 351866 308041 0 0 7537 0 10 1279 6184 3831 10184 365 0 10142 3868 0 425 0 337314
"195804" 370936 324670 3095 43171 370936 322286 0 0 8305 0 10 1400 6721 4109 11561 400 0 11672 3984 0 488 0 355238
"195901" 380046 332012 3193 44841 380046 330005 0 0 8475 0 10 1402 6763 4133 12137 415 0 12455 4044 0 207 0 364427
"195902" 396439 346451 3451 46537 396439 343082 0 0 9039 0 11 1445 7092 4375 13278 453 0 13260 4146 0 258 0 380036
"195903" 390321 339875 3452 46994 390321 337473 0 0 8906 0 11 1371 6890 4309 13422 460 0 12861 4254 0 364 0 373979
"195904" 413667 362157 3689 47821 413667 357289 0 0 9363 0 11 1400 7204 4561 14525 500 0 13867 4381 0 566 0 396416
"196001" 389055 339310 3544 46201 389055 335314 0 0 8811 0 12 1290 6808 4368 14128 491 0 13284 4283 0 266 0 372852
"196002" 399948 347588 3753 48607 399948 343263 0 0 9081 0 13 1306 7119 4642 15118 532 0 13989 4586 0 299 0 382872
"196003" 371099 321285 3580 46234 371099 316779 0 0 8460 0 14 1199 6734 4456 14603 521 0 13425 4468 0 440 0 354664
"196004" 420273 365166 3984 51123 420273 359768 0 0 9302 0 15 1300 7456 4981 16545 600 0 14806 4964 0 536 0 402018
"196101" 470438 410353 4479 55606 470438 402586 0 0 10468 0 15 1445 8384 5621 19082 704 0 17109 5013 0 11 0 451091
"196102" 471181 411555 4440 55186 471181 402134 0 0 10536 0 16 1438 8368 5593 19596 735 0 17764 4849 0 152 0 451918
"196103" 484154 423621 4524 56009 484154 412567 0 0 10900 0 16 1477 8588 5729 20660 792 0 18591 4757 0 77 0 464715
"196104" 521094 437674 4902 78518 521094 443217 0 0 11808 0 16 1600 9309 6258 22856 900 0 20252 4684 0 194 0 500389
"196201" 510450 427931 4878 77641 510450 433050 0 0 11548 0 16 1582 9197 6290 22866 931 0 20312 4639 0 19 0 490119
"196202" 390218 326582 3847 59789 390218 329789 0 0 8793 0 17 1232 7145 5017 17845 753 0 15824 3706 0 97 0 374174
"196203" 412673 345363 4185 63125 412673 348408 0 0 9267 0 17 1328 7673 5520 19251 845 0 16215 3917 0 232 0 395321
"196204" 503823 424314 4714 74795 503823 431230 0 0 10336 0 16 1500 8620 6280 21885 1000 0 18339 4362 0 255 0 484356
"196301" 532830 447981 4943 79906 532830 455641 0 0 10950 0 17 1596 9092 6642 23509 1122 0 19587 4645 0 29 0 512508
"196302" 558992 469026 5053 84913 558992 477302 0 0 11526 0 17 1674 9417 6843 24949 1249 0 20917 4942 0 156 0 537733
"196303" 582272 487677 5094 89501 582272 497411 0 0 12031 0 17 1738 9665 6960 26270 1375 0 21491 5210 0 104 0 560444
"196304" 558475 465779 5145 87551 558475 469895 0 0 12485 0 17 1800 9959 7118 27670 1500 0 22085 5467 0 479 0 535608
"196401" 593215 495027 5300 92888 593215 499442 0 0 13137 0 17 1891 10499 7433 29690 1657 0 23697 5571 0 181 0 569756
"196402" 612252 511094 5332 95826 612252 515081 0 0 13468 0 18 1934 10866 7581 31136 1782 0 24256 5700 0 430 0 587972
"196403" 633228 528953 5352 98923 633228 532323 0 0 13766 0 19 1976 11227 7747 32638 1906 0 25693 5788 0 145 0 608721
"196404" 647246 545955 5270 96021 647246 544127 0 0 13835 0 20 2000 11351 7834 33705 2000 0 25638 5839 0 897 0 621869
"196501" 663263 559834 5180 98249 663263 557830 0 0 13914 0 24 2044 11435 7985 34953 2094 0 26533 5763 0 688 0 638129
"196502" 637854 539451 4809 93594 637854 534567 0 0 13279 0 27 2003 10887 7778 34570 2074 0 26183 5409 0 1077 0 613642
"196503" 693718 587928 5041 100749 693718 581085 0 0 14296 0 28 2215 11702 8597 38608 2326 0 28565 5635 0 661 0 668436
"196504" 734923 623812 5048 106063 734923 616096 0 0 14599 0 30 2300 12000 9006 40754 2500 0 30863 5572 0 1203 0 708770
"196601" 714419 606267 4846 103306 714419 596561 0 0 14027 0 33 2248 11770 8977 40765 2580 0 31372 5435 0 651 0 689436
"196602" 685683 581050 4592 100041 685683 571128 0 0 12923 0 36 2132 11386 8799 39868 2633 0 30268 5355 0 1155 0 661027
"196603" 615709 523227 4122 88360 615709 512747 0 0 11455 0 38 1904 10386 8109 36711 2527 0 26480 4686 0 666 0 593907
"196604" 660424 547891 4324 108209 660424 548264 0 0 12643 0 41 2000 11000 8692 39468 2800 0 28943 5256 0 1317 0 636486
"196701" 747328 625556 4875 116897 747328 617507 0 0 16002 0 44 2279 12432 9935 45497 3292 0 33712 5883 0 745 0 721070
"196702" 759549 641312 4919 113318 759549 622982 0 0 19156 0 46 2346 12486 10051 46820 3420 0 35265 5696 0 1281 0 732775
"196703" 809759 678588 5227 125944 809759 659985 0 0 23588 0 49 2525 13138 10671 50519 3740 0 38329 5748 0 1467 0 781605
"196704" 835107 712221 5238 117648 835107 682128 0 0 25511 0 52 2500 13000 10687 51104 3900 0 39176 5360 0 1689 0 807268
"196801" 776014 652734 4938 118342 776014 632831 0 0 24631 0 55 2266 12059 10053 48280 3847 0 35655 4961 0 1376 0 750359
"196802" 884503 731114 5750 147639 884503 718675 0 0 28212 0 59 2453 13773 11713 55974 4696 0 42054 5875 0 1019 0 855574
"196803" 901429 728536 6104 166789 901429 727875 0 0 28883 0 62 2402 14263 12385 58869 5232 0 44089 6076 0 1293 0 871229
"196804" 996085 843150 6452 146483 996085 815334 0 0 29517 0 64 2400 14600 12986 61456 5800 0 46082 6337 0 1509 0 964723
"196901" 946300 803399 6516 136385 946300 770526 0 0 28598 0 64 2349 14129 12893 60813 6091 0 43798 6005 0 1034 0 916203
"196902" 907895 774485 6737 126673 907895 733883 0 0 27895 0 64 2393 13826 12966 60925 6458 0 41803 5997 0 1685 0 877193
"196903" 882607 743955 6763 131889 882607 713075 0 0 26633 0 68 2402 13244 12751 59756 6699 0 40914 5905 0 1160 0 853065
"196904" 840609 705075 6953 128581 840609 667356 0 0 26761 0 72 2500 13300 13157 61425 7300 0 40857 6011 0 1870 0 809903
"197001" 815012 677754 6749 130509 815012 643541 0 0 25996 0 76 2518 12964 13164 61339 7750 0 40995 5654 0 1015 0 786036
"197002" 648418 541573 5713 101132 648418 509525 0 0 21457 0 81 2079 10321 10634 50119 6754 0 31346 4469 0 1633 0 624122
"197003" 755152 633467 6471 115214 755152 593764 0 0 24473 0 85 2502 12034 12875 59913 8577 0 36079 3328 0 1522 0 729210
"197004" 831233 702189 6573 122471 831233 650213 0 0 27209 0 89 2800 13200 14571 67087 10100 0 39683 4299 0 1982 0 802290
"197101" 920098 774490 7287 138321 920098 712824 0 0 30545 0 91 3174 14847 16889 76860 12058 0 46001 4810 0 1999 0 887890
"197102" 918939 778343 7486 133110 918939 708482 0 0 29701 0 94 3193 14970 17425 78937 12798 0 46553 5066 0 1720 0 886410
"197103" 911074 765304 7218 138552 911074 693654 0 0 29859 0 89 3306 15605 18539 83299 13942 0 46250 5491 0 1040 0 878325
"197104" 974871 823753 7641 143477 974871 743724 0 0 30811 0 85 3500 16600 20007 88651 15400 0 48621 5365 0 2107 0 939573
"197201" 1034722 871948 8779 153995 1034722 785993 0 0 33513 0 101 3822 18225 22123 96231 17456 0 50367 5645 0 1246 0 996904
"197202" 1033232 874936 9359 148937 1033232 781697 0 0 33803 0 108 3912 18815 22773 97083 18513 0 49683 5626 0 1219 0 994193
"197203" 1058729 893435 9616 155678 1058729 801771 0 0 35099 0 108 4077 19740 23848 99365 19828 0 48696 5503 0 694 0 1018991
"197204" 1203281 1032664 10537 160080 1203281 921384 0 0 39059 0 108 4500 21800 26528 107817 22200 0 51728 5746 0 2411 0 1158179
"197301" 1117824 970552 12272 135000 1117824 853489 0 0 37594 0 123 4340 21031 25801 102259 21487 0 44730 5883 0 1087 0 1073088
"197302" 1033342 903639 11887 117816 1033342 786769 0 0 34552 0 103 4126 20101 24798 95599 20326 0 39622 5998 0 1348 0 989779
"197303" 1104063 953484 11711 138868 1104063 833421 0 0 37905 0 121 4606 22302 27956 104779 22451 0 43124 6481 0 917 0 1057925
"197304" 938338 809377 10026 118935 938338 693870 0 0 33516 0 157 4200 19700 25449 93557 20200 0 38321 6603 0 2765 0 894887
"197401" 911785 784167 10625 116993 911785 664408 0 0 34242 0 168 4476 19749 26890 96863 21039 0 35632 6466 0 1852 0 868449
"197402" 817463 723296 9769 84398 817463 591895 0 0 30543 0 169 4260 17119 25074 88565 19295 0 31723 6267 0 2553 0 777326
"197403" 610689 540407 8388 61894 610689 440798 0 0 24012 0 168 3281 12038 18864 66279 14477 0 23415 5238 0 2119 0 579457
"197404" 632492 557581 9011 65900 632492 445034 0 0 23921 0 169 3700 12800 21292 74755 16400 0 26347 5910 0 2164 0 598738
"197501" 775904 684902 11291 79711 775904 547842 0 0 30308 0 183 4426 14759 25779 91897 20263 0 31972 6971 0 1504 0 736770
"197502" 893211 791599 10805 90807 893211 625664 0 0 35096 0 166 5013 16322 29723 110006 24371 0 37097 7569 0 2184 0 851152
"197503" 782809 701690 9108 72011 782809 544752 0 0 32046 0 165 4275 13760 25843 99892 22267 0 31770 6392 0 1647 0 747462
"197504" 839378 754817 9585 74976 839378 584599 0 0 33399 0 179 4400 14200 27451 107999 24300 0 33664 5819 0 3368 0 801827
"197601" 968562 868179 9885 90498 968562 677976 0 0 39514 0 242 4826 15974 31542 123664 28204 0 38525 6793 0 1302 0 929540
"197602" 987996 887651 9642 90703 987996 696689 0 0 39559 0 234 4599 16127 32125 123557 28717 0 38637 6424 0 1328 0 949642
"197603" 998860 897275 9283 92302 998860 707098 0 0 40120 0 222 4415 16451 32834 123523 29254 0 37434 6217 0 1292 0 960980
"197604" 1034228 927300 9453 97475 1034228 731643 0 0 46996 0 214 4400 16900 33686 125501 30100 0 37282 5964 0 1542 0 995755
"197701" 957603 856996 9591 91016 957603 674072 0 0 43884 0 240 4207 16107 31836 118706 28699 0 33004 5443 0 1405 0 920610
"197702" 986596 881959 9823 94814 986596 691898 0 0 45623 0 239 4560 16872 32879 123183 29936 0 34396 5431 0 1579 0 948092
"197703" 947989 845194 10252 92543 947989 661744 0 0 44147 0 236 4643 16627 31840 120475 29322 0 32450 4924 0 1581 0 909726
"197704" 922579 819054 10110 93415 922579 631269 0 0 44830 0 245 4800 17100 32300 123610 30000 0 31866 4719 0 1840 0 883765
"197801" 875995 773767 10544 91684 875995 593322 0 0 42997 0 274 4618 16698 31191 122074 29203 0 29615 4330 0 1673 0 837858
"197802" 943712 833089 10730 99893 943712 631295 0 0 47420 0 271 4923 18325 34052 137026 32043 0 31847 4486 0 2024 0 902953
"197803" 1017253 895681 11832 109740 1017253 671972 0 0 51282 0 279 5219 20185 37209 154397 35155 0 34597 4676 0 2282 0 972780
"197804" 969619 856213 11236 102170 969619 639962 0 0 48026 0 118 4800 19400 35063 150308 33300 0 31659 5065 0 1918 0 927082
"197901" 1031598 910760 11735 109103 1031598 678679 0 0 51464 0 120 4983 21227 37318 162540 35504 0 32676 4995 0 2092 0 986446
"197902" 1051694 920994 12022 118678 1051694 692078 0 0 52607 0 119 4903 22317 37700 165969 35908 0 32905 4951 0 2237 0 1005145
"197903" 1121034 980996 14087 125951 1121034 736067 0 0 55857 0 120 5064 24806 40249 178516 38316 0 34656 4896 0 2487 0 1069574
"197904" 1147253 1014625 14803 117825 1147253 768059 0 0 55264 0 129 4700 24800 38892 175437 37100 0 35436 4870 0 2566 0 1095385
"198001" 1070027 956763 14344 98920 1070027 705976 0 0 53448 0 131 4165 23810 36241 174254 34654 0 30905 4377 0 2066 0 1021134
"198002" 1217285 1076420 17548 123317 1217285 807724 0 0 60903 0 121 4319 27179 40389 197312 38460 0 34179 4416 0 2283 0 1161419
"198003" 1361379 1213806 19083 128490 1361379 909931 0 0 67574 0 125 4307 30079 43759 217866 41618 0 38933 4442 0 2745 0 1300598
"198004" 1494924 1346332 18930 129662 1494924 1010388 0 0 74676 0 117 4200 32300 46273 232046 44300 0 42446 4910 0 3268 0 1431199
"198101" 1507474 1350793 18883 137798 1507474 1014877 0 0 76917 0 92 3963 33097 47057 235138 45689 0 42613 4978 0 3053 0 1443408
"198102" 1481228 1315628 18417 147183 1481228 992885 0 0 78139 0 80 3690 32959 46960 230290 46506 0 41525 4810 0 3384 0 1417888
"198103" 1279659 1135956 15333 128370 1279659 836797 0 0 69512 0 82 3188 30150 43009 210616 43646 0 35644 4247 0 2768 0 1223891
"198104" 1382028 1225445 16467 140116 1382028 905159 0 0 74683 0 66 3237 32393 46163 227457 47800 0 37425 4170 0 3475 0 1322220
"198201" 1238257 1090243 14044 133970 1238257 775114 0 0 68554 0 73 2863 30158 42512 232923 45088 0 34427 3795 0 2750 0 1184574
"198202" 1209151 1073469 13513 122169 1209151 745220 0 0 67704 0 70 2661 29310 40771 237922 44136 0 34506 3577 0 3274 0 1156746
"198203" 1326070 1172612 13693 139765 1326070 796029 0 0 74449 0 72 2887 32921 45467 276586 50162 0 40442 3772 0 3283 0 1269442
"198204" 1562485 1386269 17442 158774 1562485 966342 0 0 88324 0 76 3300 38500 52893 294393 60200 0 49418 4118 0 4921 0 1494128
"198301" 1728634 1533575 19401 175658 1728634 1058391 0 0 98625 0 85 3614 42304 57381 332226 68737 0 57910 4262 0 5099 0 1653869
"198302" 1946581 1736437 22898 187246 1946581 1179666 0 0 110389 0 86 4163 47958 63878 375856 81807 0 70786 4569 0 7423 0 1859484
"198303" 1914447 1709243 24289 180915 1914447 1146214 0 0 110130 0 83 4335 48930 63871 368452 87559 0 72952 4451 0 7470 0 1824889
"198304" 1855966 1630197 26154 199615 1855966 1088573 0 0 109555 0 77 4317 48112 62197 364841 89641 0 74356 4292 0 10005 0 1763009
"198401" 1749244 1527519 28801 192924 1749244 1022881 0 0 105846 0 79 4145 45769 59290 338253 88715 0 72071 4068 0 8127 0 1658255
"198402" 1654360 1455724 25051 173585 1654360 957625 0 0 101388 0 79 3955 43229 56950 321970 87637 0 70020 3854 0 7653 0 1570539
"198403" 1769217 1542913 25456 200848 1769217 1007386 0 0 108687 0 75 4219 45688 61538 354676 96406 0 77466 3965 0 9111 0 1680703
"198404" 1789165 1553280 25994 209891 1789165 1008673 0 0 107044 0 4 4142 44658 60316 374583 96514 0 80605 3712 0 8914 0 1701741
"198501" 1936090 1671084 30324 234682 1936090 1068300 0 0 115093 0 69 4534 48796 65353 425239 105957 0 87869 3923 0 10957 0 1837487
"198502" 2044553 1743624 32398 268531 2044553 1133264 0 0 122134 0 74 4822 52313 68628 437283 111742 0 98224 4030 0 12039 0 1938877
"198503" 1923657 1641750 37738 244169 1923657 1052253 0 0 115843 0 85 4594 50047 64164 416388 105134 0 100721 3813 0 10615 0 1816765
"198504" 2270405 1916908 44383 309114 2270405 1229495 0 0 136791 0 90 5241 56969 73989 515760 120071 0 113719 4210 0 14070 0 2145442
"198601" 2572390 2136797 58372 377221 2572390 1393399 0 0 162113 0 99 6007 58656 79521 573682 135544 0 140903 5867 0 16599 0 2426790
"198602" 2685845 2244577 64259 377009 2685845 1455508 0 0 178274 0 80 6736 59592 83293 580998 147760 0 150750 6827 0 16027 0 2532324
"198603" 2454216 2031804 72043 350369 2454216 1316843 86 0 172779 0 85 6532 60265 75641 509887 140408 0 148119 6844 0 16727 0 2291720
"198604" 2682199 2240835 72399 368965 2682199 1494043 219 0 183172 0 97 6982 61163 76393 523498 150215 0 161210 7486 0 17721 0 2516351
"198701" 3227855 2708148 91583 428124 3227855 1771119 367 0 228339 0 105 8443 62121 95625 652060 184755 0 195885 10722 0 18314 0 3036567
"198702" 3298585 2783592 99680 415313 3298585 1748697 500 0 242944 0 110 8735 62974 100365 687316 196669 0 220569 12092 0 17614 0 3097380
"198703" 3470639 2944431 107277 418931 3470639 1825297 609 0 259413 0 101 9238 63894 108914 725431 210476 0 233732 13111 0 20423 0 3256595
"198704" 2710300 2286653 94700 328947 2710300 1462599 687 0 189006 0 7 7026 65056 80469 532640 170087 0 181659 10379 0 10685 0 2522447
"198801" 2882377 2419233 110010 353134 2882377 1559348 796 0 199699 0 6 7814 66358 86763 556319 188043 0 194448 11288 0 11495 0 2675406
"198802" 3005328 2514872 105733 384723 3005328 1638890 1000 0 211350 0 14 8295 67697 90659 569357 196898 0 197815 12278 0 11075 0 2800236
"198803" 2972099 2459275 108506 404318 2972099 1651531 1297 0 211592 0 14 8327 69308 88144 525060 204078 5 187626 13236 0 11881 0 2760827
"198804" 3075619 2558076 128662 388881 3075619 1757115 1688 0 213406 0 6 8477 71424 81426 515243 212634 7 187618 14342 0 12233 0 2840475
"198901" 3226081 2669423 133621 423037 3226081 1836454 2110 0 226429 0 4750 9017 74344 81198 546463 225318 18 194346 13068 0 12566 0 2978715
"198902" 3441756 2835812 137833 468111 3441756 1937048 2500 0 247682 0 4647 10116 78367 85298 582468 251759 27 214232 14189 0 13423 0 3183181
"198903" 3736453 3056089 171711 508653 3736453 2090221 2875 0 275549 0 4579 11050 82064 90723 642595 270927 42 236217 15530 0 14081 0 3437438
"198904" 3812955 3138600 197345 477010 3812955 2147477 3250 0 275709 0 4694 11010 84005 91754 635487 277832 55 250505 17099 0 14078 0 3484724
"199001" 3613254 3005478 162878 444898 3613254 2027978 3625 0 260910 0 4191 10550 84005 87068 607978 267614 89 232150 17212 0 9884 0 3324534
"199002" 3779525 3134877 190890 453758 3779525 2098220 4000 0 269743 0 4250 10627 81878 95541 643878 282130 123 259679 16593 0 12863 0 3462424
"199003" 3177324 2653601 166628 357095 3177324 1737290 4375 0 230043 0 4069 8667 79798 78304 545978 250979 142 212708 16000 0 8971 0 2893191
"199004" 3531306 2955814 197596 377896 3531306 1961368 4750 0 242615 0 2150 8758 79940 81929 605903 284569 340 233241 16188 0 9555 0 3217119
"199101" 4073363 3396441 220890 456032 4073363 2232734 5125 0 276092 0 3951 9947 82218 120805 707819 327145 449 277187 17128 0 12763 0 3726466
"199102" 4048446 3354319 224206 469921 4048446 2206652 5500 0 276334 0 3878 9480 86539 119141 701297 328790 474 279152 18785 0 12424 0 3693134
"199103" 4306115 3536308 258216 511591 4306115 2345580 5875 0 282180 0 3980 9791 91089 124669 738870 357453 751 311586 20534 0 13757 0 3908748
"199104" 4847773 3998481 278976 570316 4847773 2759193 6250 0 291200 0 3824 10271 94054 135819 806216 394962 1045 308920 21752 0 14267 0 4424629
"199201" 4758842 3908353 257473 593016 4758842 2695898 6625 0 279172 0 3551 10449 95673 139329 775698 388418 1385 327801 22509 0 12334 0 4356853
"199202" 4757228 3870341 272908 613979 4757228 2639308 7000 0 280355 0 3340 10370 96186 146601 793365 391220 1696 352223 22878 0 12686 0 4338860
"199203" 4900311 3966349 296190 637772 4900311 2743378 7375 0 285368 0 2848 10563 96448 149936 815006 400848 2001 351272 23196 0 12072 0 4458994
"199204" 5421969 4361179 314266 746524 5421969 3094169 7750 0 308847 0 3434 11225 97312 151600 873712 431666 2415 401256 23800 0 14783 0 4957149
"199301" 5670046 4481787 365074 823185 5670046 3170379 8125 0 323329 0 3445 11294 98628 162773 945169 463983 2929 441510 22542 133 15807 0 5153123
"199302" 5758436 4502439 426520 829477 5758436 3177242 8500 0 320431 0 3254 11381 100242 173205 958795 465277 3293 493826 23500 277 19213 0 5174049
"199303" 6024464 4628385 491186 904893 6024464 3302446 8879 0 327673 0 3229 11919 101911 186459 989294 487775 3779 553952 25344 290 21514 0 5369071
"199304" 6296866 4842338 543862 910666 6296866 3436996 9267 0 340997 0 4288 12536 103392 205792 1014338 506221 4398 607439 26491 464 24247 0 5581586
"199401" 6087940 4630536 578653 878751 6087940 3269034 9646 0 330689 0 3450 12022 105477 208496 970105 492220 4792 631782 27320 655 22252 0 5338111
"199402" 6051196 4541826 616744 892626 6051196 3199440 10000 0 328840 0 3192 10939 107566 214805 980057 494757 5179 648317 27973 392 19739 0 5264651
"199403" 6309778 4800739 626046 882993 6309778 3258306 10320 0 351444 0 3007 11006 109646 227345 1045052 520213 5832 716382 30725 322 20178 0 5508848
"199404" 6317493 4796829 626762 893902 6317493 3294200 10598 0 352812 0 2914 10355 111735 231352 1013686 521682 6179 709550 31880 424 20126 0 5513297
"199501" 6800246 5167983 644382 987881 6800246 3543551 10921 0 377550 0 2752 11299 119313 247294 1080416 558839 7171 784267 34410 450 22013 0 5965627
"199502" 7346130 5594356 668010 1083764 7346130 3794049 11427 0 412448 0 3031 12590 125623 267988 1150110 612334 8508 886247 37269 643 23863 0 6475101
"199503" 7956397 6024123 728149 1204125 7956397 4088196 20033 0 448814 0 4566 13582 131418 292211 1220867 667210 9946 991705 40322 774 26753 0 7010833
"199504" 8481326 6406754 790615 1283957 8481326 4434150 26415 0 484581 0 5006 14283 133479 309571 1256776 703520 11459 1024932 41926 1052 34176 0 7460789
"199601" 8910299 6683652 849842 1376805 8910299 4617247 30662 0 511510 0 5190 15901 135245 328554 1293612 736723 13121 1149604 43400 1359 28171 0 7831191
"199602" 9278694 6988156 903587 1386951 9278694 4766016 36489 0 533563 0 5622 16058 139484 348853 1314063 762670 14964 1263009 44420 1560 31923 0 8136040
"199603" 9475398 7047824 939758 1487816 9475398 4782959 41000 0 542322 0 6108 16422 142296 367667 1348212 802307 16362 1334077 44785 1739 29142 0 8295148
"199604" 9748132 6804309 1006135 1937688 9748132 4712249 46898 0 584303 0 6779 17760 147528 406853 1403102 846588 18778 1470007 46987 2401 37899 0 8482643
"199701" 9784993 6790317 1019624 1975052 9784993 4721776 49554 0 599361 0 2265 17949 150124 420600 1354427 848717 20177 1513437 44576 2751 39279 0 8508425
"199702" 11432059 7940529 1192191 2299339 11432059 5580189 60139 0 722384 0 1868 21180 165233 474607 1541637 952228 24842 1790588 49378 3636 44150 0 9954423
"199703" 12505437 8672223 1244738 2588476 12505437 6067867 70395 0 802857 0 1872 22623 172431 525976 1657912 1032573 27943 2015836 51474 4941 50737 0 10956621
"199704" 12621763 8674513 1207787 2739463 12621763 6144148 78426 0 837310 0 2610 23308 184332 539749 1603687 1051316 29946 2018682 49625 6702 51922 0 11095477
"199801" 14337594 9908785 1385867 3042942 14337594 6944659 87576 0 1004657 0 4856 26510 198022 612673 1806215 1153078 35224 2340041 53070 8213 62800 0 12598256
"199802" 14584986 10128661 1370021 3086304 14584986 7084547 93943 0 1045696 0 5620 26931 200628 638293 1774643 1162493 37848 2387468 50982 9215 66679 0 12854910
"199803" 12698222 9008385 1167450 2522387 12698222 6167920 84353 0 931755 0 3565 23979 178310 579513 1526989 1015882 34445 2044521 41745 9799 55447 0 11217928
"199804" 15354010 10962270 1474983 2916757 15354010 7511125 98549 0 1107910 0 6838 24483 197908 683240 1869231 1188056 42960 2506188 47606 15564 54351 0 13532276
"199901" 15821088 11278324 1527668 3015096 15821088 7682424 98553 0 1215204 0 8340 25114 198219 727538 1855570 1216866 46203 2618992 50615 16415 61035 0 13933682
"199902" 17167958 12270299 1656976 3240683 17167958 8410058 97972 0 1325682 0 9246 24877 204532 790591 1920873 1312387 50782 2875939 56276 20625 68117 0 15127308
"199903" 16191303 11706737 1701560 2783006 16191303 7971449 97313 0 1242447 0 8081 24200 190371 764452 1732743 1231949 48476 2766488 36736 21063 55535 0 14153757
"199904" 19400965 14476846 2003716 2920403 19400965 9769854 98289 0 1433963 0 11257 23812 205154 909036 1966233 1407716 56909 3376728 41267 33862 66885 0 17015012
"200001" 20461166 15409517 2089143 2962506 20461166 10170665 97579 0 1521314 0 11345 23681 202420 970911 2119928 1449700 60405 3680075 41967 36793 74383 0 17981434
"200002" 19554515 14621966 2054063 2878486 19554515 9493427 96002 0 1522160 0 11323 24210 201002 954116 2074984 1408895 60060 3546550 41167 46091 74528 0 17102131
"200003" 19578677 14382670 1942786 3253221 19578677 9375631 95056 0 1553246 0 12648 24354 196317 970739 2104672 1429789 60715 3584967 39323 49702 81519 0 17232029
"200004" 17574998 12444477 1852842 3277679 17574998 8147325 93214 0 1482981 0 11876 24231 191360 891899 1970582 1298683 56576 3226855 36611 65585 77220 0 15315273
"200101" 15401621 10743969 1654541 3003111 15401621 6979964 91687 0 1351303 0 8433 24561 169545 805315 1777240 1185877 49059 2781817 32545 66006 78268 0 13367721
"200102" 16557453 11604373 1718095 3234985 16557453 7459004 91334 0 1474046 0 9627 25593 176968 860369 1932834 1265772 52733 3009882 33906 75560 89825 0 14427879
"200103" 13860022 9514985 1433884 2911153 13860022 6019246 88674 0 1280641 0 7184 27140 161879 751711 1710026 1125466 43796 2484167 29152 64345 66595 0 12069843
"200104" 15628575 10868561 1612673 3147341 15628575 6829434 87973 0 1440960 0 8854 27878 170953 811274 1908646 1260360 49091 2834005 31075 82992 85080 0 13609070
"200201" 15803639 10914257 1607025 3282357 15803639 6872227 85713 0 1477112 0 8456 28271 173154 826387 1902746 1294055 50618 2879422 31027 88204 86247 0 13781255
"200202" 13930555 9281734 1521874 3126947 13930555 5937506 83367 0 1280216 0 4922 28611 160394 759082 1686352 1192749 44660 2549659 30357 88951 83728 0 12011717
"200203" 11509569 7578561 1235475 2695533 11509569 4811042 80600 0 1084779 0 0 28645 142662 666959 1466959 973655 37343 2038401 30814 78326 69384 0 9924263
"200204" 12438276 8212329 1373980 2851967 12438276 5161157 79254 0 1221566 0 3457 29100 149356 708878 1588582 1056772 45933 2187374 33725 98228 74894 0 10675536
"200301" 11949387 7929525 1293453 2726409 11949387 4799621 79203 0 1196867 0 2029 29923 144349 704654 1618924 1035799 50285 2089030 33864 97161 67679 0 10280930
"200302" 14028007 9259371 1581419 3187217 14028007 5620488 81649 0 1433104 0 6670 30563 159352 805960 1861761 1215260 61019 2506659 40181 117704 87637 0 12004481
"200303" 14707262 9632013 1755385 3319864 14707262 5933509 82416 0 1464740 0 9664 31060 163403 837565 1916967 1273898 67344 2678574 45771 115547 86803 0 12499628
"200304" 16638537 10845206 2079422 3713909 16638537 6787539 84670 0 1674617 0 14984 30437 178362 919271 2096558 1420987 79921 3051320 53019 146315 100537 0 14035461
"200401" 17164708 11052978 2139268 3972462 17164708 6916695 85998 0 1699878 0 16005 28233 183758 951164 2157836 1446593 84701 3257518 67260 155615 113454 0 14461115
"200402" 17281110 11259938 2162126 3859046 17281110 6890852 86535 0 1739673 0 15730 27919 186500 964242 2164612 1444746 86833 3312445 71347 171829 117847 0 14527812
"200403" 17024162 10887835 2212637 3923690 17024162 6715441 87985 0 1701308 0 15727 28855 186564 964392 2158070 1434096 86429 3286131 74980 173933 110251 0 14221215
"200404" 18940078 12088607 2560418 4291053 18940078 7483920 89956 0 1904597 0 20273 28247 196620 1053872 2338460 1600899 99186 3693633 82327 219024 129065 0 15704105
"200501" 18775260 12023510 2649890 4101860 18775260 7464790 91740 0 1876390 0 19468 27069 190733 1041975 2278804 1571899 99342 3669922 88563 219990 134575 0 15444972
"200502" 19217906 12200640 2704374 4312892 19217906 7644124 93409 0 1907932 0 20918 26145 193461 1074782 2315454 1609536 101637 3770557 95950 232878 131123 0 15813057
"200503" 20174872 12699117 3078627 4397128 20174872 8011837 95413 0 1990551 0 23538 26052 198742 1128214 2395857 1681339 108116 4029819 103609 248903 132883 0 16362519
"200504" 20636127 12686553 3317705 4631869 20636127 8092976 96814 0 2039077 0 24150 26223 199531 1161799 2441732 1715778 112642 4175670 105588 285816 158331 0 16518783
"200601" 22194603 13760448 3678391 4755764 22194603 8853615 98927 0 2170314 0 28202 26213 205265 1215962 2567893 1799198 121290 4516960 109868 313730 167166 0 17665768
"200602" 21702311 13236618 3681074 4784619 21702311 8597532 101350 0 2138733 0 26987 25713 202652 1196712 2508761 1749772 118452 4432549 108012 328140 166945 0 17162787
"200603" 22534526 13635570 3838166 5060790 22534526 8896885 103655 0 2280431 0 29436 24961 211683 1243292 2580538 1810749 125528 4599445 112203 342995 172725 0 17802357
"200604" 24339292 14602340 4328960 5407992 24339292 9643686 106046 0 2448109 0 35290 24897 227028 1364828 2724779 1926104 138080 4989564 122477 402036 186369 0 19012236
"200701" 25036145 15108514 4542134 5385497 25036145 10008867 107522 0 2487002 0 35412 25221 229503 1394041 2724177 1941885 140345 5181104 137152 421852 202062 0 19442809
"200702" 26420986 16093030 4982193 5345763 26420986 10349106 114459 0 2729064 0 40903 25025 243546 1473337 2841296 2056293 151428 5566357 147061 460027 223084 0 20299147
"200703" 26679292 16332195 5289192 5057905 26679292 10281666 111555 0 2808217 0 43898 24712 248509 1505083 2822003 2083441 152738 5701308 153638 521900 220624 0 20176819
"200704" 25576011 15725842 5247990 4602179 25576011 9625641 112982 0 2812205 0 41468 25317 236186 1464605 2673321 2013665 149139 5476896 146174 573655 224757 0 19080464
"200801" 23302336 14380058 4800092 4122186 23302336 8873109 112087 0 2595294 0 33675 25679 215654 1332810 2403457 1815127 128414 4923575 132751 530571 180134 0 17383781
"200802" 22787709 14344031 4761018 3682660 22787709 8543834 114591 0 2551667 0 32578 25812 212475 1325186 2332666 1784618 127627 4888776 125446 532802 189631 0 16907947
"200803" 20150482 12734585 3704539 3711358 20150482 7510966 108922 0 2333316 0 23241 25598 209539 1229512 2080495 1616205 111100 4110348 101877 528717 160646 0 15396325
"200804" 15678309 10037058 2748428 2892823 15678309 5776086 86253 188675 1806736 0 6711 22724 193288 1001658 1599744 1237888 85616 3014128 75682 473947 109172 0 12048356
"200901" 13741444 8909727 2464351 2367366 13741444 5004159 61475 223855 1594391 0 4485 21569 164592 872651 1382654 1107194 74656 2668290 69080 412842 79551 0 10524974
"200902" 16318826 10239249 3161958 2917619 16318826 6049676 78307 157565 1902511 0 10480 24139 187625 1005329 1566259 1286219 92530 3282037 78977 507860 89312 0 12258475
"200903" 19205788 11759441 3827242 3619105 19205788 7145020 100850 158846 2285787 0 20545 24565 219919 1152792 1770775 1492489 110393 3930013 87781 597499 108514 0 14319723
"200904" 20002958 12365364 3977413 3660181 20002958 7301040 122379 67350 2436886 25106 30317 22162 219803 1208451 1835749 1566461 119423 4136233 92399 669941 124151 25106 14841665
"201001" 21084652 12987630 4026556 4070466 21084652 7726241 117292 69617 2602816 25416 34691 21838 225581 1291454 1918215 1651988 127816 4351832 94857 687229 112353 25416 15856131
"201002" 18655863 11478262 3507670 3669931 18655863 6883802 108775 47674 2276176 25733 21822 21681 193383 1186008 1673926 1450019 112621 3799518 88088 642495 98409 25733 14056582
"201003" 20986458 12938837 4080863 3966758 20986458 7822956 111814 62501 2581450 26057 29526 19530 220306 1321826 1832594 1609310 115804 4266883 98098 741483 100264 26057 15670332
