"DATES" "FL263192005.Q" "FL103092005.Q" "FL723092000.Q" "FL513092003.Q" "FL543092003.Q" "FL613092003.Q" "FL663092003.Q" "FL103192005.Q" "FL115114005.Q" "FL753192003.Q" "FL513192003.Q" "FL543192003.Q" "FL613192003.Q" "FL663192003.Q" "FL503192003.Q" "FL263092001.Q" "FL313092803.Q" "FL313092803.Q" "FL713164003.Q" "FL713164003.Q" "FL403192405.Q" "FL103092403.Q" "FL113092403.Q" "FL133092403.Q" "FL313092403.Q" "FL723092403.Q" "FL443092405.Q" "FL473092403.Q" "FL543092403.Q" "FL723194733.Q" "FL443194733.Q" "FL543194733.Q" "FL613194733.Q" "FL663194735.Q" "FL733094705.Q" "FL103094105.Q" "FL103094105.Q" "FL753194503.Q" "FL663194505.Q" "FL503094505.Q" "FL503194305.Q" "FL153094305.Q" "FL313094303.Q"
"195201" 13357 12945 50 86 126 71 79 2636 80 188 332 287 22 171 0 3716 635 635 242 242 669 0 17 123 239 0 290 0 0 0 0 0 0 0 0 0 0 0 0 0 0 0 0
"195202" 13953 13532 52 88 128 74 79 2705 81 191 333 288 23 173 0 3794 635 635 245 245 681 0 18 124 239 0 300 0 0 0 0 0 0 0 0 0 0 0 0 0 0 0 0
"195203" 14264 13834 54 90 130 77 79 2751 82 194 334 289 24 175 0 3849 635 635 247 247 688 0 18 125 239 0 306 0 0 0 0 0 0 0 0 0 0 0 0 0 0 0 0
"195204" 14721 14261 59 90 135 83 93 2806 84 199 351 304 23 178 0 3945 635 635 253 253 698 0 18 126 239 0 315 0 0 0 0 0 0 0 0 0 0 0 0 0 0 0 0
"195301" 15108 14639 61 92 137 86 93 2891 85 202 352 305 24 181 0 4040 635 635 257 257 723 0 19 127 239 0 338 0 0 0 0 0 0 0 0 0 0 0 0 0 0 0 0
"195302" 15545 15066 63 94 139 90 93 2915 87 206 353 307 25 186 0 4079 635 635 260 260 739 0 17 129 239 0 354 0 0 0 0 0 0 0 0 0 0 0 0 0 0 0 0
"195303" 15926 15436 66 96 141 94 93 2995 89 210 354 309 26 190 0 4173 635 635 262 262 748 0 18 131 239 0 360 0 0 0 0 0 0 0 0 0 0 0 0 0 0 0 0
"195304" 16253 15735 69 96 145 98 110 3066 91 207 366 317 24 180 0 4251 635 635 265 265 758 0 19 132 239 0 368 0 0 0 0 0 0 0 0 0 0 0 0 0 0 0 0
"195401" 16564 16036 71 98 147 102 110 3134 93 211 367 319 25 185 0 4334 635 635 270 270 786 0 19 133 231 0 403 0 0 0 0 0 0 0 0 0 0 0 0 0 0 0 0
"195402" 16990 16450 74 100 150 106 110 3225 95 214 368 321 26 189 0 4438 635 635 272 272 783 0 18 135 210 0 420 0 0 0 0 0 0 0 0 0 0 0 0 0 0 0 0
"195403" 17216 16664 77 102 153 110 110 3312 97 217 369 323 27 193 0 4538 635 635 276 276 792 0 19 136 210 0 427 0 0 0 0 0 0 0 0 0 0 0 0 0 0 0 0
"195404" 17631 17036 81 113 155 116 130 3300 99 233 411 356 27 207 0 4633 635 635 288 288 898 0 20 137 303 0 438 0 0 0 0 0 0 0 0 0 0 0 0 0 0 0 0
"195501" 17944 17337 84 115 158 120 130 3395 101 236 412 358 28 211 0 4741 635 635 294 294 933 0 19 140 303 0 471 0 0 0 0 0 0 0 0 0 0 0 0 0 0 0 0
"195502" 18469 17849 87 117 161 125 130 3502 104 240 414 360 29 216 0 4865 635 635 295 295 960 0 18 143 303 0 496 0 0 0 0 0 0 0 0 0 0 0 0 0 0 0 0
"195503" 18852 18218 91 119 164 130 130 3587 106 244 416 362 30 221 0 4966 635 635 298 298 972 0 20 145 303 0 504 0 0 0 0 0 0 0 0 0 0 0 0 0 0 0 0
"195504" 19395 18720 95 123 167 136 154 3616 109 255 450 390 30 226 0 5076 635 635 303 303 990 2 21 148 303 0 516 0 0 0 0 0 0 0 0 0 0 0 0 0 0 0 0
"195601" 19981 19293 98 125 170 141 154 3723 111 259 452 392 31 231 0 5199 635 635 310 310 1048 4 20 152 303 0 569 0 0 0 0 0 0 0 0 0 0 0 0 0 0 0 0
"195602" 20679 19975 102 128 173 147 154 3819 113 262 453 393 32 234 0 5306 635 635 316 316 1072 6 21 155 300 0 590 0 0 0 0 0 0 0 0 0 0 0 0 0 0 0 0
"195603" 21540 20820 106 131 176 153 154 3902 115 265 454 394 33 237 0 5400 670 670 320 320 1085 10 21 158 300 0 596 0 0 0 0 0 0 0 0 0 0 0 0 0 0 0 0
"195604" 22505 21740 112 133 179 160 181 3967 118 261 460 399 31 223 0 5459 670 670 326 326 1102 13 21 161 300 0 607 0 0 0 0 0 0 0 0 0 0 0 0 0 0 0 0
"195701" 23140 22360 116 135 182 166 181 4010 118 264 461 400 32 228 0 5513 670 670 331 331 1230 18 22 164 375 0 651 0 0 0 0 0 0 0 0 0 0 0 0 0 0 0 0
"195702" 24411 23613 121 138 185 173 181 4066 120 265 462 401 32 232 0 5578 670 670 333 333 1252 23 25 168 368 0 668 0 0 0 0 0 0 0 0 0 0 0 0 0 0 0 0
"195703" 24882 24066 126 141 188 180 181 4076 121 266 463 402 32 236 0 5596 670 670 338 338 1264 27 25 170 368 0 674 0 0 0 0 0 0 0 0 0 0 0 0 0 0 0 0
"195704" 25394 24524 131 144 192 189 214 4228 123 254 449 389 30 237 0 5710 670 670 345 345 1283 32 26 172 368 0 685 0 0 0 0 0 0 0 0 0 0 0 0 0 0 0 0
"195801" 25736 24843 134 147 195 196 221 4313 125 255 450 390 30 237 0 5800 670 670 350 350 1338 36 26 174 368 0 734 0 0 0 0 0 0 0 0 0 0 0 0 0 0 0 0
"195802" 26385 25469 137 149 199 202 229 4408 127 256 450 390 30 237 0 5898 670 670 353 353 1348 36 24 176 364 0 748 0 0 0 0 0 0 0 0 0 0 0 0 0 0 0 0
"195803" 26777 25837 140 152 202 209 237 4497 129 257 450 390 30 237 0 5990 670 670 357 357 1361 37 31 179 358 0 756 0 0 0 0 0 0 0 0 0 0 0 0 0 0 0 0
"195804" 27409 26443 144 154 206 217 245 4504 131 282 498 432 33 235 0 6115 670 670 363 363 1379 38 32 182 358 0 769 0 0 0 0 0 0 0 0 0 0 0 0 0 0 0 0
"195901" 27971 26979 147 157 210 224 254 4630 134 283 498 432 33 234 0 6244 670 670 374 374 1446 39 33 186 361 0 827 0 0 0 0 0 0 0 0 0 0 0 0 0 0 0 0
"195902" 28769 27750 151 160 213 232 263 4783 137 286 499 433 34 236 0 6408 670 670 380 380 1471 42 30 191 364 0 844 0 0 0 0 0 0 0 0 0 0 0 0 0 0 0 0
"195903" 29295 28249 154 163 217 240 272 4899 139 289 500 434 35 238 0 6534 670 670 383 383 1488 46 39 194 357 0 852 0 0 0 0 0 0 0 0 0 0 0 0 0 0 0 0
"195904" 29827 28752 158 166 221 249 281 4923 142 294 520 451 35 239 0 6604 670 670 387 387 1514 51 40 198 359 0 866 0 0 0 0 0 0 0 0 0 0 0 0 0 0 0 0
"196001" 30416 29312 162 169 225 257 291 5014 144 297 521 452 36 243 0 6707 670 670 395 395 1613 57 42 202 359 0 953 0 0 0 0 0 0 0 0 0 0 0 0 0 0 0 0
"196002" 30773 29641 165 171 229 266 301 5069 145 302 523 454 38 251 0 6782 750 750 400 400 1634 64 38 205 361 0 966 0 0 0 0 0 0 0 0 0 0 0 0 0 0 0 0
"196003" 31138 29976 169 174 233 275 311 5149 147 307 525 456 40 259 0 6883 750 750 403 403 1663 69 47 208 365 0 974 0 0 0 0 0 0 0 0 0 0 0 0 0 0 0 0
"196004" 31865 30670 173 178 237 285 322 5169 149 308 543 471 36 249 0 6925 824 824 409 409 1690 72 48 211 370 0 989 0 0 0 0 0 0 0 0 0 0 0 0 0 0 0 0
"196101" 32620 31393 177 181 241 295 333 5244 151 313 545 473 38 256 0 7020 824 824 423 423 1788 75 49 215 370 0 1079 0 0 0 0 0 0 0 0 0 0 0 0 0 0 0 0
"196102" 33340 32389 182 184 245 305 35 5347 154 316 546 474 39 258 0 7134 824 824 425 425 1807 76 45 220 374 0 1092 0 0 0 0 0 0 0 0 0 0 0 0 0 0 0 0
"196103" 34141 32846 186 187 249 316 357 5400 157 319 547 475 40 260 0 7198 824 824 432 432 1820 77 57 223 363 0 1100 0 0 0 0 0 0 0 0 0 0 0 0 0 0 0 0
"196104" 34717 33387 190 190 254 327 369 5286 160 344 608 527 41 287 0 7253 995 995 445 445 1835 80 57 227 364 0 1107 0 0 0 0 0 0 0 0 0 0 0 0 0 0 0 0
"196201" 35221 33854 195 194 258 338 382 5330 161 347 609 528 42 292 0 7309 995 995 453 453 1849 83 58 231 365 0 1112 0 0 0 0 0 0 0 0 0 0 0 0 0 0 0 0
"196202" 35929 34525 199 197 263 350 395 5418 161 350 610 529 43 296 0 7407 995 995 458 458 1860 87 55 235 367 0 1116 0 0 0 0 0 0 0 0 0 0 0 0 0 0 0 0
"196203" 36577 35133 204 201 268 362 409 5473 163 353 611 530 44 299 0 7473 995 995 462 462 1868 88 68 238 356 0 1118 0 0 0 0 0 0 0 0 0 0 0 0 0 0 0 0
"196204" 37276 35793 209 204 272 375 423 5673 164 330 583 505 39 261 0 7555 1117 1117 467 467 1884 90 69 241 358 0 1126 0 0 0 0 0 0 0 0 0 0 0 0 0 0 0 0
"196301" 38210 36685 214 208 277 388 438 5733 166 333 584 506 40 264 0 7626 1117 1117 478 478 1895 90 70 245 360 0 1130 0 0 0 0 0 0 0 0 0 0 0 0 0 0 0 0
"196302" 39143 37577 219 211 282 401 453 5868 167 333 584 506 40 263 0 7761 1117 1117 481 481 1910 89 66 249 369 0 1137 0 0 0 0 0 0 0 0 0 0 0 0 0 0 0 0
"196303" 39793 38183 224 215 287 415 469 5990 169 333 584 506 40 261 0 7883 1117 1117 487 487 1932 89 81 253 356 0 1153 0 0 0 0 0 0 0 0 0 0 0 0 0 0 0 0
"196304" 40736 39081 229 219 292 430 485 5852 172 348 614 532 41 276 0 7835 1179 1179 497 497 1902 90 82 256 303 0 1171 0 0 0 0 0 0 0 0 0 0 0 0 0 0 0 0
"196401" 41523 39821 235 223 297 445 502 5938 174 348 614 532 41 274 0 7921 1179 1179 508 508 1912 90 83 261 289 0 1189 0 0 0 0 0 0 0 0 0 0 0 0 0 0 0 0
"196402" 42522 40774 240 227 302 460 519 6045 176 350 615 533 42 276 0 8037 1229 1229 513 513 1927 91 78 267 290 0 1201 0 0 0 0 0 0 0 0 0 0 0 0 0 0 0 0
"196403" 43482 41684 246 231 308 476 537 6098 178 352 616 534 43 278 0 8099 1229 1229 518 518 1915 91 93 273 246 0 1212 0 0 0 0 0 0 0 0 0 0 0 0 0 0 0 0
"196404" 44480 42632 251 235 313 493 556 6033 180 371 654 567 44 298 0 8147 1229 1229 524 524 1930 91 95 279 238 0 1227 0 0 0 0 0 0 0 0 0 0 0 0 0 0 0 0
"196501" 46064 44164 257 239 319 510 575 6206 183 373 655 568 45 300 0 8329 1290 1290 536 536 1960 92 96 287 238 0 1247 0 0 0 0 0 0 0 0 0 0 0 0 0 0 0 0
"196502" 47531 45578 263 243 324 528 595 6208 185 370 654 567 44 291 0 8319 1290 1290 541 541 1991 94 97 307 233 0 1260 0 0 0 0 0 0 0 0 0 0 0 0 0 0 0 0
"196503" 48536 46527 270 247 330 546 616 6370 188 367 653 566 43 281 0 8468 1290 1290 544 544 2012 94 107 313 228 0 1270 0 0 0 0 0 0 0 0 0 0 0 0 0 0 0 0
"196504" 55410 53344 276 252 336 565 637 6433 191 369 651 564 43 281 0 8532 1290 1290 551 551 2029 97 108 319 228 0 1277 0 0 0 0 0 0 0 0 0 0 0 0 0 0 0 0
"196601" 56434 54309 283 256 342 585 659 6571 191 366 650 563 42 274 0 8657 1290 1290 560 560 2127 104 110 330 280 0 1303 0 0 0 0 0 0 0 0 0 0 0 0 0 0 0 0
"196602" 57979 55794 289 261 348 605 682 6669 193 370 652 565 43 281 0 8773 1290 1290 562 562 2223 111 104 351 318 0 1339 0 0 0 0 0 0 0 0 0 0 0 0 0 0 0 0
"196603" 59176 56929 296 265 354 626 706 6633 194 374 654 567 44 288 0 8754 1290 1290 566 566 2270 115 115 358 322 0 1360 0 0 0 0 0 0 0 0 0 0 0 0 0 0 0 0
"196604" 59042 56731 303 270 360 648 730 6947 196 352 622 539 41 250 0 8947 1290 1290 570 570 2293 120 117 365 322 0 1369 0 0 0 0 0 0 0 0 0 0 0 0 0 0 0 0
"196701" 60425 58053 322 289 368 655 738 7141 200 356 624 541 42 253 0 9157 1223 1223 578 578 2325 121 120 375 322 0 1387 0 0 0 0 0 0 0 0 0 0 0 0 0 0 0 0
"196702" 61317 58881 341 309 377 662 747 7355 205 358 625 542 43 249 0 9377 1264 1264 585 585 2331 122 124 396 297 0 1392 0 0 0 0 0 0 0 0 0 0 0 0 0 0 0 0
"196703" 62556 60053 362 330 386 670 755 7492 210 360 626 543 44 245 0 9520 1333 1333 589 589 2352 128 125 405 300 0 1394 0 0 0 0 0 0 0 0 0 0 0 0 0 0 0 0
"196704" 65610 63037 385 353 394 677 764 7595 215 373 658 570 44 253 0 9708 1373 1373 598 598 2371 134 128 414 300 0 1395 0 0 0 0 0 0 0 0 0 0 0 0 0 0 0 0
"196801" 66795 64147 408 378 404 685 773 7945 220 375 659 571 45 250 0 10065 1422 1422 612 612 2414 141 130 424 302 0 1417 0 0 0 0 0 0 0 0 0 0 0 0 0 0 0 0
"196802" 68156 65433 433 404 413 692 781 8078 224 379 660 573 46 252 0 10212 1466 1466 617 617 2473 148 135 453 311 0 1426 0 0 0 0 0 0 0 0 0 0 0 0 0 0 0 0
"196803" 69837 67032 460 432 423 700 790 8195 229 383 661 575 47 262 0 10352 1483 1483 619 619 2301 156 137 459 148 0 1401 0 0 0 0 0 0 0 0 0 0 0 0 0 0 0 0
"196804" 73669 70780 488 462 432 708 799 8250 234 392 692 599 46 255 0 10468 1510 1510 630 630 2218 160 139 516 0 0 1403 0 0 0 0 0 0 0 0 0 0 0 0 0 0 0 0
"196901" 75296 72317 518 494 442 716 809 8558 239 396 693 601 47 256 0 10790 1531 1531 641 641 2281 169 142 528 0 0 1442 0 0 1000 0 0 0 0 1000 0 0 0 0 0 0 0 0
"196902" 77224 74151 550 528 453 724 818 8774 245 402 695 604 49 260 0 11029 1587 1587 659 659 2332 181 146 554 0 0 1451 0 0 2000 0 0 0 0 2000 0 0 0 0 0 0 0 0
"196903" 78952 75781 584 565 463 732 827 9017 250 408 697 607 51 263 0 11293 1637 1637 666 666 2357 203 148 562 0 0 1444 0 0 3000 0 0 0 0 3000 0 0 0 0 0 0 0 0
"196904" 83073 79799 619 604 474 740 837 9590 256 372 657 569 44 196 0 11684 1694 1694 669 669 2426 225 152 571 0 0 1478 0 0 4000 0 0 0 0 4000 0 0 0 0 0 0 0 0
"197001" 85303 81920 658 646 485 748 846 10179 264 378 659 572 46 196 0 12294 1761 1761 681 681 2295 0 157 580 0 0 1558 0 0 5000 0 0 0 0 5000 0 0 0 0 0 0 0 0
"197002" 87920 84423 698 691 496 756 856 10400 272 383 661 574 48 194 0 12532 1810 1810 685 685 2342 0 163 593 0 0 1586 0 0 6000 0 0 0 0 6000 0 0 0 0 0 0 0 0
"197003" 89675 86057 741 739 507 765 866 10763 280 388 663 576 50 192 0 12912 1859 1859 691 691 2362 0 165 598 0 0 1599 0 0 8000 0 0 0 0 8000 0 0 0 0 0 0 0 0
"197004" 94349 90606 786 790 519 773 875 11074 288 384 677 587 45 169 0 13224 1929 1929 702 702 2396 0 167 622 0 0 1607 0 0 10000 0 0 0 0 10000 0 0 0 0 0 0 0 0
"197101" 93028 89150 835 845 531 782 885 11280 291 389 679 589 47 174 0 13449 1963 1963 717 717 2436 0 171 636 0 0 1629 0 0 11000 0 0 69 0 11069 0 0 0 0 0 0 0 0
"197102" 95439 91419 886 904 543 791 896 11431 295 395 681 592 49 181 0 13624 2012 2012 729 729 2430 0 177 651 0 0 1602 0 0 12000 0 0 134 0 12134 0 0 0 0 0 0 0 0
"197103" 97825 93658 940 966 556 799 906 11115 299 401 683 595 51 188 0 13332 2119 2119 734 734 2434 0 179 655 0 0 1600 0 0 14000 0 0 273 0 14273 0 0 0 0 0 0 0 0
"197104" 103902 99578 998 1033 569 808 916 11181 302 434 766 664 51 224 0 13622 2181 2181 742 742 2490 0 180 692 0 0 1618 0 0 15000 0 0 565 0 15565 0 0 0 0 0 0 0 0
"197201" 101047 96557 1059 1105 582 817 927 10949 307 440 768 667 53 229 0 13413 2218 2218 761 761 2591 0 183 699 0 0 1709 0 0 16000 0 0 1035 0 17035 0 0 0 0 0 0 0 0
"197202" 102790 98126 1124 1182 595 826 937 11187 312 445 770 669 55 232 0 13670 2289 2289 772 772 2639 0 190 728 0 0 1721 0 0 17000 0 0 1707 0 18707 0 0 0 0 0 0 0 0
"197203" 104982 100132 1193 1264 609 836 948 11558 318 450 772 671 57 235 0 14061 2336 2336 778 778 2654 0 192 733 0 0 1729 0 0 19000 0 0 2404 0 21404 0 0 0 0 0 0 0 0
"197204" 125510 120465 1266 1352 623 845 959 11946 323 495 873 757 58 285 0 14737 2451 2451 793 793 2730 0 192 782 0 0 1756 0 0 21000 0 0 2950 0 23950 0 0 0 0 0 0 0 0
"197301" 109828 104576 1344 1446 638 854 970 12891 349 500 875 759 60 260 0 15694 2528 2528 807 807 2946 0 197 806 0 0 1943 0 0 22000 0 0 3385 0 25385 0 0 0 0 0 0 0 0
"197302" 112746 107275 1427 1546 653 864 981 14031 388 518 882 767 66 243 0 16895 2609 2609 820 820 3076 0 205 863 0 0 2008 0 0 23000 0 0 3499 250 26749 0 0 0 0 0 0 0 0
"197303" 114821 109121 1514 1653 668 873 992 14501 419 536 889 775 72 236 0 17428 2611 2611 829 829 3213 0 210 914 0 0 2089 0 0 24000 0 0 3559 500 28059 0 0 0 0 0 0 0 0
"197304" 126246 120302 1607 1768 683 883 1003 14587 438 581 1029 888 68 254 0 17845 2799 2799 844 844 3276 0 212 942 0 0 2122 0 0 25000 0 0 3584 750 29334 0 0 0 0 0 0 0 0
"197401" 125396 119192 1706 1891 699 893 1015 16394 476 599 952 896 74 238 0 19629 2913 2913 872 872 3484 0 219 959 0 0 2306 0 0 27000 0 0 3514 1000 31514 0 0 0 0 0 0 0 0
"197402" 127524 121047 1811 2022 715 903 1026 16904 514 670 875 830 73 302 0 20168 3146 3146 878 878 3701 0 241 1047 0 0 2413 0 0 29000 0 0 3292 1250 33542 0 0 0 0 0 0 0 0
"197403" 131984 125217 1922 2162 732 913 1038 18485 553 741 798 764 72 365 0 21778 3229 3229 886 886 3883 0 245 1095 0 0 2543 0 0 31000 0 0 3133 1500 35633 0 0 0 0 0 0 0 0
"197404" 135298 128224 2040 2312 749 923 1050 19295 588 848 701 597 56 521 0 22606 3445 3445 897 897 4018 0 246 1148 0 0 2624 0 0 32000 0 0 3251 1750 37001 0 0 0 0 0 0 0 0
"197501" 139407 132008 2165 2473 766 933 1062 19409 583 919 746 636 55 536 0 22884 3596 3596 902 902 4113 0 246 1190 0 0 2677 0 0 34000 0 0 3590 2000 39590 500 500 0 0 0 0 0 0
"197502" 143681 135936 2298 2645 784 944 1074 20178 578 925 791 675 56 551 0 23754 3747 3747 909 909 4123 0 248 1222 0 0 2653 0 0 36000 0 0 3842 2500 42342 1000 1000 0 0 0 0 0 0
"197503" 145176 137066 2440 2828 802 954 1086 20163 573 931 836 714 57 566 0 23840 3937 3937 914 914 4184 0 250 1255 0 0 2679 0 0 38000 268 0 7003 0 45271 1500 1500 0 0 0 0 0 0
"197504" 149542 141045 2589 3024 820 965 1099 21490 567 872 883 752 61 584 0 25209 4119 4119 929 929 4376 0 287 1384 0 0 2705 0 0 39000 887 0 9913 0 49800 2000 2000 0 0 0 0 0 0
"197601" 153575 144667 2748 3234 839 976 1111 22848 572 878 928 807 62 586 0 26681 4256 4256 945 945 4561 0 300 1434 0 0 2827 0 0 40000 1363 0 10437 0 51800 2250 2250 0 0 0 0 0 0
"197602" 155902 146557 2917 3459 859 986 1124 23733 576 910 993 862 64 629 0 27767 4658 4658 959 959 4635 0 325 1471 0 0 2839 0 0 41000 1374 0 11326 0 53700 2500 2500 0 0 0 0 0 0
"197603" 159203 149422 3069 3699 879 997 1137 24531 580 942 1058 917 66 672 0 28766 4994 4994 965 965 4698 0 340 1494 0 0 2864 0 0 42000 1498 0 12202 0 55700 2750 2750 0 0 0 0 0 0
"197604" 222283 211984 3286 3956 899 1008 1150 43001 583 999 1142 972 71 760 0 47528 5207 5207 983 983 4857 0 360 1608 0 0 2889 0 0 43640 1489 0 13232 0 58361 3000 3000 0 0 0 0 0 0
"197701" 224340 213519 3488 4230 920 1020 1163 43776 579 1031 1207 1027 73 815 0 48508 5391 5391 990 990 5224 0 390 1659 0 0 3175 0 0 45000 1546 0 13054 0 59600 3250 3250 0 0 0 0 0 0
"197702" 228345 216971 3702 4524 941 1031 1176 44599 575 1065 1235 1050 74 875 0 49473 5571 5571 1000 1000 5302 0 397 1707 0 0 3198 0 0 46000 1970 0 13530 0 61500 3500 3500 0 0 0 0 0 0
"197703" 231022 219060 3930 4838 963 1042 1189 45481 570 1099 1263 1073 75 935 0 50496 5741 5741 1016 1016 5350 0 400 1724 0 0 3226 0 0 47000 2196 0 14304 0 63500 3750 3750 0 0 0 0 0 0
"197704" 248299 235712 4171 5174 985 1054 1203 50246 623 1170 1252 1066 77 979 0 55413 5956 5956 1029 1029 5554 0 404 1855 0 0 3295 0 0 50148 2640 0 13653 0 66441 4000 4000 0 0 0 0 0 0
"197801" 253173 240120 4408 5351 1019 1098 1177 51473 656 1204 1280 1089 78 988 0 56768 6249 6249 1048 1048 6083 0 415 1930 0 0 3738 0 0 51000 3200 0 13600 0 67800 4500 4500 0 0 0 0 0 0
"197802" 257120 243580 4658 5534 1054 1143 1151 53550 696 1248 1353 1151 83 1000 0 59081 6400 6400 1056 1056 6283 0 481 1984 0 0 3818 0 0 52000 3536 0 15726 0 71262 4775 4775 0 0 0 0 0 0
"197803" 259267 245214 4922 5724 1090 1191 1126 55937 744 1292 1426 1213 88 1001 0 61701 6581 6581 1062 1062 6490 0 510 2055 0 0 3925 0 0 53000 3622 0 16102 0 72724 5050 5050 0 0 0 0 0 0
"197804" 287511 272921 5201 5920 1128 1240 1101 62898 848 1375 1497 1276 97 985 0 68976 6581 6581 1078 1078 6777 0 531 2126 0 0 4120 0 0 54934 3793 0 16924 0 75651 5325 5325 0 0 0 0 0 0
"197901" 293661 278507 5497 6122 1166 1292 1077 64018 955 1524 1687 1338 102 905 0 70529 7012 7012 1113 1113 7195 0 550 2175 0 0 4470 0 0 56200 4322 0 16358 0 76880 5600 5600 0 0 0 0 0 0
"197902" 301333 285589 5808 6332 1206 1345 1053 66667 1062 1673 1877 1500 114 989 0 73882 7200 7200 1126 1126 7455 0 571 2287 0 0 4597 0 0 57400 4284 0 16402 0 78086 5875 5875 0 0 0 0 0 0
"197903" 308514 292149 6138 6549 1247 1401 1030 69345 1169 1822 2067 1662 126 1073 0 77264 7350 7350 1135 1135 7720 0 600 2353 0 0 4767 0 0 58700 4043 0 18210 0 80953 6150 6150 0 0 0 0 0 0
"197904" 340578 323562 6486 6773 1290 1459 1008 79675 1329 1994 2240 1908 149 1284 0 88579 7529 7529 1145 1145 8328 0 643 2536 0 0 5149 0 0 60364 4809 0 19293 0 84466 6425 6425 0 0 0 0 0 0
"198001" 347187 329488 6854 7005 1334 1520 986 82242 1377 2409 2430 2070 43 1329 0 91900 7616 7616 1159 1159 8162 0 660 2675 0 0 4827 0 0 62000 5378 0 18599 0 85977 6700 6700 0 0 0 0 0 0
"198002" 350873 332458 7243 7245 1380 1583 964 87028 1643 2614 2528 2324 148 1371 0 97656 7720 7720 1169 1169 8444 0 680 2789 0 0 4975 0 0 64000 5784 0 19411 0 89195 6975 6975 4024 8675 12699 0 0 0
"198003" 355406 336240 7654 7493 1427 1649 943 90347 1963 2888 2614 2458 407 1692 0 102369 8074 8074 1184 1184 8600 0 690 2875 0 0 5035 0 0 66000 5315 0 20143 0 91458 7250 7250 4563 8855 13418 0 0 0
"198004" 396064 376110 8089 7750 1476 1717 922 111406 3672 4617 3297 2794 433 886 0 127105 8250 8250 1203 1203 9010 0 755 3095 0 0 5160 0 0 67223 5480 0 21425 0 94128 7525 7525 3892 8631 12523 0 0 0
"198101" 399401 378620 8548 8015 1527 1789 902 114656 3688 4844 3376 2832 34 821 0 130251 8384 8384 1227 1227 9308 0 770 3190 0 0 5348 0 0 70200 6028 0 15571 0 91799 7800 7800 4566 9522 14088 0 0 0
"198102" 405735 384088 9033 8290 1579 1863 882 118760 4013 5403 3468 2965 61 875 0 135545 8700 8700 1246 1246 9697 0 785 3344 0 0 5568 0 0 75381 5876 0 14111 0 95368 8075 8075 2775 11592 14367 0 0 0
"198103" 408141 385587 9545 8573 1633 1940 863 123032 4369 5795 3626 3076 218 934 0 141050 9030 9030 1257 1257 9977 0 800 3495 0 0 5682 0 0 80600 5703 0 11250 0 97553 8350 8350 2952 14317 17269 0 0 0
"198104" 421753 398245 10087 8867 1689 2021 844 144946 4930 6553 3505 3580 37 1072 0 164623 9300 9300 1278 1278 10391 0 836 3728 0 0 5827 0 0 85938 5910 0 12478 0 104326 8625 8625 12610 4203 16813 0 0 0
"198201" 428539 403482 10817 9307 1740 2236 957 146763 4618 6780 3556 3692 100 1250 0 166759 9550 9550 1298 1298 10652 0 870 3900 0 0 5882 0 0 86500 5881 0 11657 0 104038 8900 8900 13446 4482 17928 0 0 0
"198202" 433434 407713 11018 9478 1748 2404 1073 148927 4874 7178 3539 3949 159 1408 0 170034 10150 10150 1327 1327 10829 0 836 3891 0 0 6102 0 0 87672 5714 0 9229 0 102615 9175 9175 15043 5015 20058 0 0 0
"198203" 435887 409625 11314 9681 1737 2645 885 151070 5233 7518 3492 3912 93 1629 0 172947 10200 10200 1341 1341 10914 0 850 3970 0 0 6094 0 0 94900 5685 0 15852 0 116437 9450 9450 16766 5589 22355 0 0 0
"198204" 406633 380636 11399 9521 1686 2383 1008 161264 5645 7846 3979 3949 360 1799 0 184842 10574 10574 1359 1359 11249 0 865 4115 0 0 6269 0 0 102092 5286 0 18684 0 126062 9725 9725 17067 5689 22756 0 0 0
"198301" 409434 382353 11818 9589 1671 2940 1063 162214 5683 8068 3943 3970 236 1936 0 186050 10626 10626 1393 1393 11226 0 875 4130 0 0 6221 0 0 100000 4999 0 19588 0 124587 10000 10000 16273 5588 21861 0 0 0
"198302" 413713 386003 12039 9962 1722 2887 1100 165151 5962 8135 3971 3988 423 1998 0 189628 10985 10985 1421 1421 11301 0 841 4142 0 0 6318 0 0 99864 4730 0 20300 0 124894 10275 10275 16866 5988 22854 0 0 0
"198303" 419775 391381 12321 10252 1761 2899 1161 167842 6301 8556 4291 4008 661 2073 0 193732 11050 11050 1446 1446 11276 0 841 4180 0 0 6255 0 0 108700 4852 0 21082 0 134634 10550 10550 16609 6055 22664 0 0 0
"198304" 393163 365247 12638 9859 1725 2922 772 167638 6440 8697 4657 4007 19 2250 0 193708 11261 11261 1465 1465 11453 0 841 4217 0 0 6395 0 0 117550 5296 0 22759 0 145605 10825 10825 19257 6692 25949 0 0 0
"198401" 398033 369538 12886 9846 1698 3479 586 170828 6304 8919 4699 3841 1257 2660 0 198508 11041 11041 1499 1499 11679 0 840 4225 0 0 6614 0 0 114000 5192 0 23345 0 142537 11100 11100 19167 7461 26628 0 0 0
"198402" 403563 374468 13612 10020 1704 3021 738 178889 6586 9269 4706 3821 1355 2804 0 207430 11352 11352 1541 1541 11896 0 839 4236 0 0 6821 0 0 111935 5041 0 25011 0 141987 11375 11375 14786 5892 20678 0 0 0
"198403" 407961 378413 13629 10217 1737 3330 635 181888 6669 10018 4540 3720 2241 2847 0 211923 11831 11831 1597 1597 12055 0 845 4270 0 0 6940 0 0 124100 5923 0 29429 0 159452 11650 11650 20041 7785 27826 0 0 0
"198404" 389543 359846 13774 9906 1928 3396 693 191554 7104 10326 4044 4878 1916 3716 0 223538 12356 12356 1626 1626 12340 0 861 4279 0 0 7200 0 0 136446 6462 0 31053 0 173961 11925 11925 19592 7520 27112 0 0 0
"198501" 392719 363074 14199 9472 1873 3407 694 196224 7638 10555 3977 4736 1816 3461 0 228407 12756 12756 1687 1687 12704 0 870 4290 0 0 7544 0 0 137000 6787 0 32990 0 176777 12223 12223 21362 8804 30166 0 0 0
"198502" 397420 367132 14530 9725 1964 3378 691 200539 7548 10710 3897 4835 2116 3436 0 233081 13272 13272 1721 1721 12916 0 843 4189 0 0 7884 0 0 138945 7228 0 37285 0 183458 14237 14237 21025 9421 30446 0 0 0
"198503" 400736 370268 14130 10078 1979 3552 729 204215 7588 11499 4183 5276 1792 3446 0 237999 13608 13608 1753 1753 13016 0 832 4087 0 0 8097 0 0 145500 7105 0 43396 0 196001 13999 13999 20436 15289 35725 0 0 0
"198504" 407815 377132 14810 10032 1575 3389 877 210869 7955 11377 4545 7260 1369 3848 0 247223 13898 13898 1781 1781 13141 0 833 3995 0 0 8313 0 0 152083 7196 0 43897 0 203176 16657 16657 22679 16026 38705 0 0 0
"198601" 416821 384101 15235 10400 1520 4663 902 223178 7201 11698 4454 6862 1269 3958 -8045 250575 14106 14106 1821 1821 13299 0 826 3786 0 0 8687 0 0 156650 7682 0 48410 0 212742 14908 14908 25592 17339 42931 0 0 0
"198602" 423279 389411 15568 10764 1175 5470 891 229913 7389 11967 4476 7024 1200 4056 -9613 256412 14500 14500 1807 1807 13544 0 806 3830 0 0 8908 0 0 160739 7343 0 47648 0 215730 19259 19259 18861 27102 45963 0 0 0
"198603" 427555 394218 15248 11256 1251 4647 935 237363 7521 12669 4516 8521 1769 4124 -11201 265282 15215 15215 1849 1849 13604 0 790 3637 0 0 9177 0 0 163585 6056 0 51951 0 221592 18493 18493 24477 22258 46735 0 0 0
"198604" 437492 402295 15028 11848 1460 5655 1206 254068 8104 12394 5982 9363 3614 3624 -12448 284701 15380 15380 1874 1874 13672 0 771 3416 0 0 9485 0 0 168818 7347 0 52177 0 228342 18726 18726 26850 19387 46237 0 0 0
"198701" 444664 408388 15493 12655 1471 5426 1231 272792 3272 12793 5912 9887 3052 4809 -15043 297474 15569 15569 1916 1916 14085 0 757 3208 0 0 10120 0 0 174746 6500 0 52200 0 233446 19050 19050 27370 19741 47111 0 0 0
"198702" 452122 415943 14596 13087 1483 5787 1226 282836 3435 12227 6439 10281 4651 5413 -18724 306558 15851 15851 1961 1961 14383 0 742 3124 0 0 10517 0 0 162430 6500 0 57972 0 226902 14500 14500 30929 20408 51337 0 0 0
"198703" 460331 423432 14911 13343 1517 5899 1229 303201 3544 13158 6696 10414 3471 5754 -18682 327556 16258 16258 2009 2009 14508 0 740 2970 0 0 10798 0 0 169127 6490 0 50514 5551 231682 13750 13750 32855 18522 51377 0 0 0
"198704" 506624 462526 18652 15512 1889 5210 2835 316746 3084 14354 10508 7204 3451 3130 -23924 334552 16591 16591 2047 2047 14966 0 733 2952 0 0 11281 0 0 172575 6480 0 46893 14971 240919 12500 12500 34073 21746 55819 0 0 0
"198801" 511409 465210 19052 16496 1994 6186 2471 327058 5714 15522 10673 7454 4211 3774 -31681 342724 16870 16870 2095 2095 15481 0 725 2877 0 0 11879 0 0 173403 6470 0 34972 25567 240412 12167 12167 38721 25358 64079 0 0 0
"198802" 515165 468782 18695 16962 1935 6517 2274 347813 5888 15784 10817 7146 4279 2094 -36954 356866 17168 17168 2110 2110 15819 0 726 2888 0 0 12205 0 0 181300 6460 0 33446 25743 246949 11635 11635 42946 26923 69869 0 0 0
"198803" 523797 476373 18618 17537 2028 7055 2186 364067 6037 15685 11008 7608 3860 3921 -41260 370926 17493 17493 2097 2097 16360 0 726 2998 0 0 12636 0 0 189004 6450 0 30830 25026 251310 10726 10726 45603 29235 74838 0 0 0
"198804" 535920 484692 20239 18863 2118 7300 2708 394345 6467 16906 11729 7263 2668 4795 -42407 401766 17905 17905 2113 2113 16930 0 733 3020 0 0 13177 0 0 193849 6440 0 27274 32164 259727 9489 9489 46871 28502 75373 0 0 0
"198901" 550582 497065 20944 19396 2019 8402 2756 409791 8029 17901 12015 8169 5854 4363 -46103 420019 18166 18166 2131 2131 17118 0 725 2658 0 0 13735 0 0 198831 6430 0 28413 25810 259484 11132 11132 50758 30840 81598 0 0 0
"198902" 559202 500895 21110 19839 1921 12930 2507 422616 8546 17976 12377 8123 9448 4787 -48111 435762 18423 18423 2145 2145 16755 0 725 2229 0 0 13801 0 0 203980 6420 0 27754 32855 271009 10874 10874 49358 31713 81071 0 0 0
"198903" 568983 506735 21273 20403 1744 16320 2508 437177 8628 18544 13099 8537 5404 4718 -48526 447581 18738 18738 2198 2198 16709 0 720 2161 0 0 13828 0 0 202057 6410 0 25362 40913 274742 9936 9936 47152 32118 79270 0 0 0
"198904" 570655 497898 22571 22371 2398 23127 2290 454631 8717 18638 14188 8552 9336 6266 -52442 467886 19079 19079 2243 2243 16335 0 800 2150 0 0 13385 0 0 202444 6405 0 25326 44242 278417 9922 9922 49482 28349 77831 0 0 0
"199001" 581726 510759 23429 23047 2478 19614 2399 474935 3517 19312 14492 8956 8488 6325 -52501 483524 19403 19403 2313 2313 14963 0 650 2100 0 7 12206 0 0 208689 6400 0 22760 41281 279130 16611 16611 46650 29861 76511 0 0 0
"199002" 587541 517408 23487 22855 2464 18907 2420 487978 3828 20121 14719 8760 9370 6471 -53079 498168 19710 19710 2344 2344 14447 0 625 2050 0 7 11765 0 0 209675 6300 0 21475 40082 277532 15672 15672 44250 32904 77154 0 0 0
"199003" 606804 533247 23074 23364 2859 21735 2525 507141 3913 20278 15019 8775 6828 6536 -61166 507324 20171 20171 2399 2399 13966 0 600 2000 0 25 11340 1 0 210250 6200 0 26498 35194 278142 19338 19338 50083 30791 80874 0 0 0
"199004" 629804 556172 24905 24822 2709 18677 2519 513266 3843 18442 17253 9868 4575 3774 -65675 505346 20383 20383 2423 2423 13679 0 575 2000 0 86 11015 2 1 207837 6000 0 21187 27996 263020 15463 15463 47640 33790 81430 0 0 0
"199101" 647666 567453 25651 25054 2860 24069 2579 518461 3924 18890 19585 10145 1774 5179 -68765 509193 20666 20666 2501 2501 13355 0 550 1950 0 193 10658 3 1 211534 5750 0 14184 31552 263020 16894 16894 46732 35216 81948 0 0 0
"199102" 650263 574663 24902 25092 2849 20078 2679 519556 3932 18728 19787 10252 10973 5591 -65651 523168 21091 21091 2545 2545 13263 0 563 2000 0 343 10352 4 1 213493 5500 0 14919 26939 260851 17769 17769 42634 37105 79739 0 0 0
"199103" 660498 583997 25105 24786 2686 21065 2859 515630 3964 18976 20385 11547 5177 5888 -59197 522370 21432 21432 2565 2565 13260 0 576 2050 0 513 10114 6 1 220580 5250 0 15986 24968 266784 19040 19040 44470 40633 85103 0 0 0
"199104" 657717 580288 25370 23730 3683 21188 3458 511257 3937 24876 24708 8633 5622 5770 -51399 533404 21887 21887 2652 2652 12974 0 618 2156 0 680 9511 8 1 227224 5000 0 14779 21154 268157 17603 17603 47233 44487 91720 0 0 0
"199201" 678421 594535 26013 24225 3857 26134 3657 521964 4541 25488 24810 8951 6296 5955 -62819 535186 22201 22201 2745 2745 12823 0 600 2100 0 852 9253 10 8 222994 4750 0 14166 17464 259374 18785 18785 47688 49692 97380 0 0 0
"199202" 689270 605677 26502 24505 4043 24623 3920 528810 4612 25985 24991 9428 6712 6109 -65082 541565 22507 22507 2832 2832 12497 0 600 2000 0 1046 8815 12 24 235783 4500 0 13861 20504 274648 18382 18382 51548 52789 104337 0 0 0
"199203" 694990 614858 27026 20713 4006 24413 3974 528186 4644 26162 24930 9253 7434 6130 -61627 545112 22888 22888 2977 2977 12818 0 608 2092 0 1255 8824 15 24 244025 4250 0 12537 25618 286430 16626 16626 51706 59071 110777 0 0 0
"199204" 674386 586397 29905 24000 4021 24642 5421 523630 4376 21238 25662 9681 4194 5297 -53808 540270 23314 23314 3054 3054 12802 0 608 2092 0 1416 8642 20 24 254976 4000 0 14759 24476 298211 19573 19573 51104 63663 114767 0 0 0
"199301" 679807 592857 30343 24784 4107 22067 5649 533755 5264 21341 25917 8611 2226 9433 -58464 548083 23537 23537 3187 3187 13110 0 650 2158 0 1657 8590 25 30 263214 4000 0 22253 11978 301445 15154 15154 41999 69870 111869 0 0 0
"199302" 704180 607448 30724 25308 3864 30492 6344 539478 5199 22569 25965 9269 5042 13569 -61210 559881 23817 23817 3288 3288 13509 0 660 2210 0 2007 8549 50 33 270866 4000 0 22848 20475 318189 15558 15558 38059 76004 114063 0 0 0
"199303" 718351 622359 31517 25921 3819 28384 6351 537164 5252 22589 26119 9603 6183 17705 -52585 572030 24064 24064 3331 3331 14088 0 721 2217 0 2350 8712 54 34 279096 4188 0 22571 18817 324672 15369 15369 44070 79243 123313 0 0 0
"199304" 723526 607125 33827 28826 4864 44588 4296 545294 5206 24035 26678 13134 10153 23690 -54877 593313 24457 24457 3401 3401 14447 0 780 2217 0 2697 8657 59 37 286615 4446 0 21160 30674 342895 14409 14409 44541 80841 125382 0 0 0
"199401" 754599 635465 34608 28128 4963 47085 4350 560920 4984 24462 27197 13635 9921 23914 -66248 598785 24679 24679 3445 3445 14718 0 840 2237 0 3047 8480 66 48 290594 4400 0 20131 29707 344832 13265 13265 43630 90827 134457 0 0 0
"199402" 770722 651040 35521 28205 5223 46274 4459 563880 4970 24658 27539 13663 10413 24138 -64450 604811 25041 25041 3523 3523 15420 0 888 2253 0 3602 8552 75 50 292967 4400 0 21984 20716 340067 14486 14486 46560 90918 137478 0 0 0
"199403" 789980 669271 36365 28555 5106 46165 4518 584508 4929 25539 28031 13952 10525 24362 -72412 619434 25437 25437 3608 3608 15858 0 910 2298 0 3903 8607 89 51 300410 4400 0 24858 24757 354425 16379 16379 41396 95866 137262 0 0 0
"199404" 786565 685575 35626 32199 4752 25853 2560 598073 4834 26261 27892 10941 6014 14032 -70065 617982 25888 25888 3683 3683 16273 0 943 2235 0 4293 8612 104 86 304156 4400 0 25183 26851 360590 16594 16594 44072 96903 140975 0 0 0
"199501" 808249 705300 35862 32771 4777 27137 2402 616300 2914 27851 28026 11166 4910 14513 -78259 627421 26200 26200 3786 3786 16643 0 960 2190 0 4753 8556 102 82 317104 4417 0 23942 30204 375667 18797 18797 50226 105299 155525 0 0 0
"199502" 824282 720107 36516 32745 5038 27412 2464 631522 2881 28083 29409 11342 4467 14994 -83079 639619 26477 26477 3815 3815 17097 0 960 2161 0 5212 8560 121 83 325930 4432 0 26443 33722 390527 20760 20760 52251 108086 160337 0 0 0
"199503" 847305 741314 37185 33746 4921 27534 2605 648613 2872 30943 29755 11711 5456 15475 -87346 657479 26880 26880 3915 3915 17756 0 960 2137 0 5506 8933 136 84 337367 4460 0 27043 32048 400918 21230 21230 51329 115408 166737 0 0 0
"199504" 885506 778673 37850 37759 5611 22783 2830 651294 2818 32662 36837 13810 7450 17382 -82187 680066 27406 27406 3966 3966 18256 0 960 2163 0 5846 9051 161 75 344278 4491 0 28600 31564 408933 22454 22454 50734 114752 165486 0 0 0
"199601" 912238 803286 38823 38303 5829 24195 1802 674134 3653 32726 37887 14004 8169 18280 -80654 708199 27844 27844 4037 4037 18382 0 960 2135 0 6042 8982 153 110 348443 4531 0 29226 34420 416620 21321 21321 52693 126609 179302 0 0 0
"199602" 929066 817571 39179 38937 6012 25359 2008 699056 3598 30752 38671 14110 9240 19178 -89708 724897 28221 28221 4138 4138 18932 0 960 2153 0 6186 9351 161 121 361939 4577 0 32552 33879 432947 23746 23746 52851 137759 190610 0 0 0
"199603" 953869 838647 40322 39770 6265 26198 2667 709732 3619 31394 39124 14545 7511 20076 -84508 741493 28654 28654 4535 4535 19242 0 960 2144 0 6304 9539 172 123 365275 4630 0 31812 32608 434325 23206 23206 59431 144807 204238 0 0 0
"199604" 989810 866486 42839 33646 6553 27854 12432 704789 4021 30266 38496 17628 8899 20765 -79245 745619 29240 29240 4602 4602 19706 0 1651 1515 0 6671 9526 177 166 372883 4690 0 31545 28677 437795 23012 23012 64468 166258 230726 0 0 0
"199701" 1022479 894784 43894 35404 7292 28277 12828 734399 3594 31648 38697 18473 10845 22230 -85598 774288 29667 29667 4762 4762 20352 0 1660 1510 0 7110 9720 184 168 387062 4757 0 40523 27576 459918 32217 32217 79358 180427 259785 0 0 0
"199702" 1049864 917176 45194 37043 7415 29954 13082 753906 3612 34970 39578 22165 10039 23695 -89890 798075 30078 30078 5050 5050 20827 0 1610 1563 0 7625 9661 195 173 399290 4831 0 36612 33914 474647 29107 29107 74288 182146 256434 0 0 0
"199703" 1073233 938316 45849 38749 7265 30418 12636 756740 3847 36685 42595 23167 6327 25160 -77352 817169 30493 30493 5227 5227 21244 0 1583 1611 0 8000 9250 400 400 410009 4912 0 41642 34616 491179 33106 33106 82895 193492 276387 0 0 0
"199704" 1068063 933123 44233 42769 8642 35134 4162 756443 3854 38765 46157 25170 5522 29388 -81163 824136 30829 30829 5433 5433 21468 0 1651 1515 0 7982 9921 220 179 413622 5000 0 35167 49717 503506 27959 27959 78803 201278 280081 0 0 0
"199801" 1113320 980303 45744 42391 9284 30869 4729 781632 3324 38740 46732 25426 4699 29242 -85599 844196 31214 31214 5471 5471 22807 0 1607 1598 0 8488 10717 222 175 430270 6176 0 40463 52560 529469 20175 20175 87532 224147 311679 0 0 0
"199802" 1160205 1019151 46616 44530 10178 34743 4987 795968 3326 38940 47115 26174 6671 29096 -82047 865243 31658 31658 5791 5791 23385 0 1777 1723 0 8669 10802 253 161 445856 7010 0 36569 73323 562758 18232 18232 79295 228461 307756 0 0 0
"199803" 1183163 1040238 45579 45755 9475 36740 5376 804411 3245 43539 47455 26452 5540 28950 -69225 890367 32071 32071 5910 5910 24201 0 1699 1801 0 9170 11056 294 181 459233 7158 0 34175 80530 581096 17039 17039 89468 235709 325177 0 0 0
"199804" 1196021 1041048 31187 46954 11149 57992 7691 817754 3373 46133 47313 27268 8008 29723 -59528 920044 32409 32409 5952 5952 25521 0 1581 1650 0 10017 11757 309 207 468964 8164 0 36033 89792 602953 17965 17965 90559 236763 327322 0 0 0
"199901" 1268257 1104151 32402 49523 11517 60896 9768 829768 3637 45841 48290 27991 3382 31024 -42230 947703 32803 32803 6122 6122 26966 0 1621 1590 0 10609 12479 400 267 476405 8675 0 39282 104554 628916 13368 13368 89790 274923 364713 0 0 0
"199902" 1320516 1149511 33229 50537 12007 63290 11942 915497 3641 60372 52149 37795 7610 32325 -17698 1091691 33259 33259 6282 6282 27824 0 1557 1670 0 11094 12750 452 301 473851 9279 0 38658 118843 640631 13155 13155 88473 280832 369305 0 0 0
"199903" 1387281 1208995 33927 53302 12663 64556 13838 940951 3680 60815 58415 38116 10009 33626 -1977 1143635 33588 33588 6330 6330 29561 0 1531 1695 0 12188 13305 486 356 475558 9043 0 52285 99872 636758 17793 17793 102479 282818 385297 0 0 0
"199904" 1414355 1250747 36046 47768 9369 20524 49901 912461 3566 61972 51475 32123 9925 38680 -8493 1101709 33860 33860 6432 6432 31583 0 1615 1608 0 13001 14483 534 342 471859 9257 0 83904 58124 623144 28553 28553 93031 302697 395728 0 0 0
"200001" 1452865 1282845 37800 48498 10187 21002 52533 948471 3140 62962 52651 34088 6920 39459 5483 1153174 34203 34203 6744 6744 32610 0 1706 1524 0 13432 15124 565 259 492055 9485 0 104410 51140 657090 28141 28141 114567 300231 414798 0 0 0
"200002" 1508272 1331822 38975 50929 10617 20545 55384 1036809 3137 63215 54382 37292 7346 40238 5708 1248127 34613 34613 6865 6865 32747 0 1622 1591 0 13389 15296 590 259 501038 9607 0 97589 61645 669879 26302 26302 114542 306820 421362 0 0 0
"200003" 1550984 1365433 43668 52119 11053 21104 57607 1103584 3146 64604 56700 48637 6626 41017 5937 1330251 34948 34948 6933 6933 33111 0 1597 1634 0 13393 15513 610 364 514763 10457 0 104790 66084 696094 28243 28243 119921 303077 422998 0 0 0
"200004" 1531607 1351617 44486 47887 10426 16221 60970 1179966 3251 64236 60875 42886 9273 53973 6557 1421017 35360 35360 6997 6997 33812 0 1641 1634 0 13789 15736 647 365 525439 11099 0 109161 69440 715139 29421 29421 138669 303755 442424 0 0 0
"200101" 1571516 1388979 45126 48629 11042 16541 61199 1224001 3798 63950 65040 45378 14698 55362 7481 1479708 35881 35881 7029 7029 34589 0 1623 1603 0 14114 16201 704 344 541824 13265 17013 127635 69413 769150 10230 10230 134244 350524 484768 0 0 0
"200102" 1601926 1418849 45980 48343 11031 16865 60858 1277731 3832 67988 62806 47923 16092 56751 7621 1540744 36379 36379 7143 7143 35479 0 1800 1954 0 14243 16510 736 236 552191 14005 17038 130210 75707 789151 10436 10436 126241 327713 453954 0 0 0
"200103" 1649296 1452412 46561 48338 11237 16590 74158 1297276 3848 68312 64082 49220 8721 58140 7721 1557320 36738 36738 7266 7266 36221 0 1777 2003 0 14418 16935 826 262 577793 14184 17004 132357 81727 823065 10608 10608 109261 317702 426963 0 0 0
"200104" 1693131 1489756 50601 49282 8551 11902 83039 1266207 3312 67207 66368 38784 12853 56065 7677 1518473 37065 37065 7373 7373 37088 0 1773 2026 0 15171 16971 871 276 586102 13039 15633 144901 45904 805579 11614 11614 108718 327737 436455 0 0 0
"200201" 1744877 1530629 51434 54244 8692 12623 87255 1288718 4221 68268 66667 40314 12416 55165 7789 1543558 37511 37511 7648 7648 37806 0 1801 1998 0 15715 17023 967 302 593786 13223 15109 127825 66751 816694 14693 14693 102208 345538 447746 0 0 0
"200202" 1784532 1563833 51908 55816 10650 12476 89849 1294566 4402 68928 69560 40782 12258 54265 7704 1552465 37879 37879 8330 8330 38092 0 1756 2076 0 16884 15941 1072 363 609837 12908 17097 135426 52925 828193 15568 15568 123404 339852 463256 0 0 0
"200203" 1821287 1596951 52611 55594 11047 12593 92491 1307448 4382 69141 69691 41538 14545 53365 7748 1567858 38243 38243 8264 8264 38697 0 1775 2091 0 17116 16207 1111 397 630395 12231 18089 145565 33124 839404 16733 16733 116654 335971 452625 0 0 0
"200204" 1867043 1611894 51025 79000 12201 12425 100498 1252522 3980 73305 63302 49618 14497 35401 7327 1499952 38551 38551 8380 8380 39080 0 1789 2104 0 17519 16011 1162 495 639245 13202 19587 161055 25457 858546 18514 18514 127291 347912 475203 0 0 0
"200301" 1894714 1634043 53009 79962 12177 12042 103481 1269882 3830 77126 61173 49625 32454 36119 7471 1537680 38929 38929 8505 8505 40293 0 1864 2071 0 17974 16573 1235 576 650050 13543 20254 160390 34242 878479 18517 18517 127473 355993 483466 0 0 0
"200302" 1944240 1676988 54427 82447 12543 12458 105377 1266675 3873 77000 62344 47890 32457 36837 7446 1534522 39334 39334 8657 8657 40859 0 1787 2195 0 18409 16379 1321 768 667018 14664 21842 179879 32067 915470 20767 20767 126110 352075 478185 0 0 0
"200303" 1987316 1714404 55108 84497 12740 12956 107611 1266876 3613 76854 61920 47402 33257 37555 7450 1534927 39691 39691 8746 8746 41695 0 1768 2298 0 18569 16658 1392 1010 679639 15025 22201 177885 40716 935466 20537 20537 122928 348947 471875 0 0 0
"200304" 2054464 1745058 57478 84606 14394 15663 137265 1302021 3275 85195 68233 46603 30668 37447 7552 1580994 39985 39985 8847 8847 42283 0 2073 2508 0 18709 16439 1407 1147 689759 15566 23408 181837 44202 954772 20993 20993 134697 358656 493353 0 0 0
"200401" 2137473 1807089 60269 90691 14212 16236 148976 1322636 3038 85516 68996 46671 34633 38219 7710 1607419 40327 40327 8978 8978 44099 0 2248 2418 0 19086 17601 1540 1206 708111 17047 24615 192410 58315 1000498 19379 19379 158950 366539 525489 0 0 0
"200402" 2215269 1872058 63295 93804 15160 17173 153779 1339083 3023 86702 67734 60535 37986 38991 7700 1641754 40840 40840 9226 9226 45233 0 2113 2598 0 19252 18443 1597 1230 738592 17398 23927 213171 48340 1041428 21470 21470 136478 358929 495407 0 0 0
"200403" 2273264 1923622 64205 96936 16047 17583 154871 1357113 3139 98728 66247 64468 40294 39763 7699 1677451 41689 41689 10502 10502 45260 0 1979 2759 0 19580 18088 1618 1236 819413 18291 25455 221738 63618 1148515 22332 22332 151060 353266 504326 0 0 0
"200404" 2498494 2094695 93458 89910 16568 14687 189176 1409774 3023 122674 61425 66596 21786 49610 7828 1742716 41978 41978 11914 11914 44788 0 1952 2744 0 19333 17401 1654 1704 856983 18960 25879 234115 62301 1198238 23579 23579 167746 367090 534836 0 0 0
"200501" 2561802 2151198 93796 90944 16932 14766 194166 1436157 3396 128107 64296 67128 25785 48960 8002 1781831 42341 42341 12560 12560 45138 0 2095 2634 0 19999 17106 1650 1654 853312 19319 25764 159049 121901 1179345 95348 95348 169130 377798 546928 0 0 0
"200502" 2605684 2184743 93619 98333 17525 17043 194421 1428905 3478 130229 61851 68228 27277 48310 8049 1776327 42696 42696 12937 12937 45905 0 1906 2627 0 20028 18059 1688 1597 876272 20156 25944 162547 125784 1210703 97446 97446 184756 397033 581789 0 0 0
"200503" 2602572 2174867 94436 100737 19064 19110 194358 1468204 3373 131083 59477 69474 28477 47660 8053 1815801 42990 42990 13307 13307 46715 0 1824 2821 0 20218 18486 1771 1595 878020 21417 34010 169433 139910 1242790 101574 101574 189781 395624 585405 0 0 0
"200504" 2651721 2205709 104867 103250 19067 17691 201137 1549444 3315 130184 60083 65840 38753 49947 8413 1905979 43242 43242 13536 13536 46697 0 1805 2849 0 20181 18514 1768 1580 896970 22666 35627 195213 130490 1280966 117028 117028 188781 413970 602751 0 0 0
"200601" 2718695 2262060 106437 104736 18480 19922 207060 1584147 3003 136580 64467 67480 40354 45101 8689 1949821 44544 44544 13759 13759 47271 0 1802 2867 0 20488 18729 1808 1577 914533 21458 35260 187002 108274 1266527 132005 132005 212905 421404 634309 0 0 0
"200602" 2756118 2297629 105857 104627 18393 20724 208888 1639462 3057 137864 64996 77472 41856 44371 8838 2017916 44706 44706 14970 14970 47306 0 1804 2895 0 20636 18702 1789 1480 929733 22219 34772 191948 114077 1292749 135497 135497 214981 429637 644618 0 0 0
"200603" 2835853 2372427 103941 107550 19209 21920 210806 1688512 3082 142367 67607 80625 42657 43097 8844 2076791 45042 45042 15069 15069 47405 0 1848 2965 0 19983 19267 1850 1492 963020 23074 38598 197369 113015 1335076 139323 139323 211805 427204 639009 0 0 0
"200604" 2948172 2440731 95902 105468 19976 41993 244102 1722710 3576 135391 99896 71336 51113 61018 9022 2154062 45266 45266 15325 15325 46878 0 1861 3016 0 22878 15593 1925 1605 1006940 24734 38325 198450 145062 1413511 140086 140086 197338 437264 634602 0 0 0
"200701" 3057183 2522062 105930 109672 21543 47181 250795 1800578 3253 139260 78977 70994 44130 60590 9172 2206954 45550 45550 15846 15846 46873 0 1974 3222 0 22361 15916 1738 1662 1017932 23927 39483 244088 74685 1400115 82932 82932 231086 452495 683581 0 0 0
"200702" 3151499 2574887 113806 114316 22647 60950 264893 1869656 3362 143022 85171 73537 44571 61084 9322 2289725 46734 46734 16102 16102 46980 0 2105 3448 0 22424 15332 1881 1790 1040210 25301 41425 257099 68602 1432637 87353 87353 240738 454337 695075 0 0 0
"200703" 3241785 2647341 121418 117121 24257 65467 266181 1942373 3431 155544 92230 73087 42323 62657 9472 2381117 46824 46824 17274 17274 53821 0 2132 3513 0 25264 18475 2341 2096 1086407 26519 41878 244675 76055 1475534 83132 83132 225287 475820 701107 0 0 0
"200704" 3552902 2892704 150306 121095 25589 177893 185315 2014476 3458 107242 79339 69957 62721 63705 9622 2410520 46917 46917 18450 18450 55971 0 2160 3558 0 26670 18846 2500 2237 1133057 25287 43658 239918 34714 1476634 81515 81515 241003 510471 751474 0 0 0
"200801" 3659137 2979385 152022 122757 27232 186516 191225 2063533 3082 117121 79667 74455 72851 68995 9772 2489476 47020 47020 19549 19549 58190 0 3158 2459 0 27948 19935 2345 2345 1158434 26210 42974 244195 39191 1511004 84467 84467 240432 502903 743335 0 0 0
"200802" 3758574 3066460 151202 125169 27994 192151 195598 2136097 3118 122606 86460 74393 75490 74678 9922 2582764 48087 48087 19874 19874 58967 0 3251 2468 0 28138 19932 2638 2540 1148484 28772 42277 237696 69566 1526795 82218 82218 237281 499658 736939 0 0 0
"200803" 3829882 3121633 153892 127920 29605 197112 199720 2172988 3194 124222 88931 76282 83455 83683 10072 2642827 48216 48216 20312 20312 59722 0 3910 2125 0 28493 19514 2840 2840 1157217 27821 36965 241345 92046 1555394 83481 83481 192610 501017 693627 0 0 0
"200804" 3742835 3006267 192267 106552 25111 226212 186426 2176522 3170 92565 61350 59601 57703 60220 10222 2521353 48301 48301 21076 21076 55660 0 4061 2048 0 25621 17969 2758 3203 1181286 31626 31165 232593 91990 1568660 80453 80453 276634 516903 793537 0 0 0
"200901" 3793652 3057894 191098 108285 24310 225672 186393 2185364 3439 91210 53123 62204 61059 58521 10372 2525292 48439 48439 22558 22558 53478 0 4069 2163 0 24661 16960 2423 3202 1245398 24026 29710 226232 707777 2233143 76946 76946 269335 532991 802326 0 0 0
"200902" 3861101 3124746 184896 109940 26563 227327 187629 2205290 3466 92074 54948 65882 65459 61463 10522 2559104 49736 49736 24246 24246 55284 0 4264 2054 0 27173 16053 2511 3229 1260832 24296 33868 212692 709841 2241529 72341 72341 224457 513151 737608 0 0 0
"200903" 3946974 3195721 189154 115385 27242 229670 189802 2250999 3507 95984 59666 68235 66741 61438 10672 2617242 49814 49814 24918 24918 54588 0 4611 1866 0 26788 15678 2509 3136 1320845 23921 40850 208387 660943 2254946 70878 70878 199120 502063 701183 0 0 0
"200904" 4051191 3261630 223129 131076 29790 243705 161861 2253477 3370 111913 74841 74356 58763 85244 10822 2672786 49952 49952 25640 25640 51767 0 4782 2003 0 24736 14994 2372 2880 1346277 22176 40458 209273 583914 2202098 71178 71178 200911 523723 724634 1788 894 894
"201001" 4157803 3362060 222676 133133 30382 244254 165298 2292383 3387 115526 75380 75860 60408 88463 10972 2722379 50437 50437 26255 26255 50999 0 4761 2056 0 24076 14953 2365 2788 1342671 23103 43193 206951 629590 2245508 70389 70389 186867 523938 710805 4220 2110 2110
"201002" 4247902 3437592 227657 135674 31470 248347 167162 2317829 3401 118601 76898 76662 60076 87517 11122 2752106 51764 51764 26620 26620 50531 0 4966 1897 0 23650 14781 2365 2872 1366953 22936 46949 204098 635827 2276763 69419 69419 150402 514812 665214 6152 3076 3076
"201003" 4341606 3517762 234710 135072 33152 250690 170221 2344331 3370 120894 76356 78459 61266 86287 11273 2782236 53269 53269 26686 26686 50627 0 5028 2214 0 24017 14031 2410 2927 1387807 23522 50812 204252 657174 2323567 69471 69471 177067 520719 697786 7112 3556 3556
