"DATES" "FL894104005.Q" "FL893111005.Q" "FL713014003.Q" "FL313112003.Q" "FL263191003.Q" "FL774110005.Q" "FL793120005.Q" "FL793131005.Q" "FL793135005.Q" "FL634000005.Q" "FL792150005.Q" "FL654090005.Q" "FL893167005.Q" "FL153040005.Q" "FL153050005.Q" "FL893170005.Q" "FL893178005.Q" "FL893190005.Q" "FL894190005.Q" "FL883011203.Q" "FL893064105.Q" "FL152090205.Q" "FL903012005.Q" "FL903091005.Q" "FL904010005.Q" "FL902050005.Q" "FL903078005.Q" "FL903090005.Q" "FL903028003.Q" "FL903023005.Q" "FL903029200.Q" "FL903070005.Q" "FL894090005.Q"
"195201" 452386 1466 0 2413 84 25922 130528 73989 4621 0 -926 3612 4704 58445 29583 45475 20151 52952 905405 23428 170033 323343 -2162 0 521 -1466 10040 6699 1500 -1426 3999 -10294 1414798
"195202" 461312 1446 0 2420 102 24849 132121 76228 4731 0 -933 3696 5511 59153 30860 43494 17866 55233 918089 23533 177569 323942 -2178 0 499 -1652 7902 7022 1500 -852 5376 -11229 1436745
"195203" 471623 1456 0 2429 98 26878 134018 77811 4654 0 -1131 3837 5026 59892 32292 46490 18659 56986 941018 23526 177773 324710 -2196 0 948 -2460 8583 7417 1514 -702 3814 -12824 1462933
"195204" 484881 1462 0 2435 75 26264 138678 80183 4858 0 -1081 3932 5661 60665 33476 48947 18815 58296 967547 23252 168555 322399 -2221 0 709 -2152 8612 6829 1559 -838 7209 -10294 1472340
"195301" 487071 1460 0 2438 102 26541 134481 82113 4908 0 -955 3867 5433 61439 34586 48368 17283 59237 968372 22649 165387 320704 -2232 0 601 -1975 9170 6473 1606 -1397 5362 -13203 1472707
"195302" 494643 1418 0 2451 74 25254 132531 84736 5132 0 -1065 3778 5665 62199 36124 48776 16363 60692 978771 22521 155600 319269 -2247 0 665 -1822 8360 6851 1655 -992 6126 -11835 1469400
"195303" 508018 1439 0 2458 85 25656 136105 86346 5157 0 -1025 3753 5830 62937 37389 50030 18802 62373 1005353 22220 151067 320171 -2258 0 885 -2595 10670 7369 1711 -975 4640 -12263 1491627
"195304" 516899 1367 0 2469 114 26088 138710 88467 5803 0 -1165 4146 6513 63647 38505 49460 19889 62405 1023317 22091 164584 322141 -2269 0 786 -2113 11672 6595 1780 -653 7208 -9337 1518464
"195401" 515024 1323 0 2491 115 24573 133696 90512 6435 0 -1256 4512 6104 64339 39764 48504 16006 63434 1015576 22035 178055 322501 -2288 0 480 -1613 10813 6794 1839 -1171 4987 -11712 1530038
"195402" 520464 1303 0 2501 128 24715 135866 93406 6878 0 -1232 4895 7085 65018 41204 48736 12623 65403 1028993 22027 196162 322721 -2302 0 849 -1702 7562 7186 1865 -946 5543 -10935 1562783
"195403" 528225 1175 0 2503 150 24516 137222 95052 7280 0 -1192 5469 7606 65687 42347 51009 14743 66951 1048743 21863 217910 324003 -2312 0 1043 -2473 9572 8062 1846 -470 3895 -11455 1604811
"195404" 542025 1185 0 2505 158 24629 143349 97834 6985 0 -1545 6110 8647 66349 43858 53753 16401 68065 1080308 21793 224300 325853 -2324 0 737 -1945 11101 8123 1765 -36 6715 -8784 1636902
"195501" 544096 1141 0 2508 147 24626 138890 99965 6945 0 -1551 6525 8645 67031 45342 54003 14300 69745 1082358 21763 232079 328187 -2333 0 539 -2259 7658 8309 1704 186 4402 -11712 1657893
"195502" 554500 1121 0 2507 127 24327 140141 102541 7025 0 -1730 7186 9013 67740 47818 56181 13060 73491 1105048 21730 258468 328843 -2339 0 835 -2140 6482 9691 1739 -717 5881 -10555 1705212
"195503" 566623 1108 0 2507 123 25623 140826 104096 6880 0 -1680 7257 9008 68498 50186 60883 16468 76009 1134415 21745 276004 331600 -2343 0 919 -3371 9724 10818 1878 -656 3884 -10459 1753370
"195504" 582326 1044 0 2507 129 26261 145680 106606 6668 0 -1979 7839 9628 69254 51966 64939 19690 77904 1170462 21753 281765 335009 -2345 0 1036 -3362 12766 11738 2117 -427 6907 -7294 1787853
"195601" 585015 1048 0 2509 95 25675 142244 108798 6588 0 -1841 8555 9205 70104 53886 64385 16302 78645 1171213 21765 302590 340007 -2350 0 760 -3019 10029 10543 2376 -309 4491 -9987 1823041
"195602" 590097 979 0 2512 141 24823 142494 111792 6775 0 -1970 8613 9055 71013 55095 66624 13110 80868 1182021 21868 292672 344970 -2364 0 779 -2556 6953 10765 2575 -656 5392 -9289 1829932
"195603" 598853 1052 0 2517 119 26630 142444 113421 6639 0 -1660 8506 8750 71904 56680 69135 15539 83088 1203617 22032 286758 348339 -2373 0 1082 -4138 9233 10821 2721 -488 3986 -10975 1850877
"195604" 611787 1608 0 2526 138 27328 147602 116243 6459 0 -1901 9046 8991 72724 58241 71309 18206 84024 1234331 22058 307024 351265 -2384 0 1122 -3825 11729 9935 2821 -60 6661 -8437 1897116
"195701" 616521 1588 0 2533 198 25279 143972 119536 6696 0 -1513 9106 8167 73468 59600 70726 15570 85513 1236960 22406 291995 354718 -2396 0 523 -3342 9970 10169 2928 -549 4321 -11159 1895614
"195702" 620403 1649 0 2544 176 26196 143043 123078 6703 0 -1702 9687 8712 74135 62266 70598 13118 88302 1248908 22732 313429 357274 -2407 0 691 -2420 7673 10238 3095 -721 4728 -10927 1932393
"195703" 632314 1898 0 2552 153 26288 144728 124998 6738 0 -1540 9001 8628 74784 63406 71971 14921 89774 1270614 22759 284196 360871 -2418 0 886 -4499 9327 10441 3338 -252 2963 -11417 1930071
"195704" 643033 1975 0 2562 131 26590 147124 128323 6677 0 -1933 8714 8712 75462 64590 74349 16256 89999 1292564 22857 279633 363222 -2428 0 788 -4622 10525 9650 3675 -5 5479 -6654 1941868
"195801" 645315 2042 0 2578 160 24165 143407 131906 8778 0 -2168 9463 9096 76183 66698 71629 13257 90905 1293414 22487 297466 369611 -2448 0 -72 -4692 8909 9076 3985 56 3417 -11395 1976142
"195802" 654369 2084 0 2590 132 24558 147865 136089 10048 0 -2128 10610 10856 76958 69111 73335 10433 93193 1320103 21412 316492 373090 -2457 0 -255 -2825 6263 8306 4146 6 4228 -9708 2023393
"195803" 661800 2031 0 2593 172 25294 145579 139021 9584 0 -1717 11791 9430 77752 71972 77184 11910 95224 1339620 20929 351866 376338 -2470 0 491 -4397 7583 9755 4182 -120 2158 -11014 2082585
"195804" 681959 1958 0 2600 149 26094 152969 142594 9268 0 -2081 13242 10447 78535 74947 80719 13724 96462 1383586 20582 370936 378101 -2478 0 888 -3920 9199 9684 4120 -162 5434 -7493 2137933
"195901" 688658 1793 0 2606 143 25690 147117 145217 9185 0 -1807 14132 9888 79331 77007 81693 13226 98621 1392500 20486 380046 379147 -2484 0 818 -2441 6530 9647 3981 -165 2709 -8922 2162506
"195902" 705203 2111 0 2621 137 26533 148412 149108 8804 0 -1381 14973 10053 80133 80082 83743 13825 100537 1424894 19746 396439 378470 -2502 0 1140 -1820 7138 9420 3785 -565 3592 -8650 2208011
"195903" 721878 2085 0 2626 145 25678 150588 151384 8045 0 -1601 14747 9935 80994 82234 84684 14645 102887 1450954 19579 390321 377788 -2527 0 1312 -3083 7966 9656 3473 -158 2113 -9817 2229707
"195904" 739030 1997 0 2639 132 26573 154416 154121 7527 0 -1878 15818 10510 81956 85033 87081 15537 104001 1484493 19507 413667 378788 -2516 0 1212 -2914 8862 10748 2979 -166 6028 -6175 2278397
"196001" 743537 1888 0 2652 121 25893 146475 156063 7463 0 -869 15312 8980 82895 86259 88551 14203 104623 1484046 19457 389055 381409 -2532 0 805 -1573 8169 8269 2536 -405 4028 -9028 2263698
"196002" 755365 1807 0 2661 140 25841 149325 159640 7929 0 -1453 16097 9383 83772 89296 89411 13391 106438 1509043 19363 399948 382290 -2537 0 950 -2122 7340 8248 2376 -698 4981 -7926 2300032
"196003" 765214 1705 0 2673 191 27298 151285 162772 8733 0 -1677 15640 10230 84539 90160 90959 13743 107700 1531165 18725 371099 385269 -2546 0 1142 -2632 7675 8654 2605 -520 2952 -9613 2298541
"196004" 780495 1555 0 2686 148 26568 156322 165847 11090 0 -2095 17026 10864 85184 93865 92767 14924 107726 1564972 17804 420273 388749 -2556 0 1288 -2794 8848 8007 3208 -347 6396 -6347 2376095
"196101" 781683 1555 0 2691 189 24535 149028 171051 11431 0 -1813 19440 10419 85872 97898 92168 13223 111209 1570579 17433 470438 391274 -2562 0 829 -2726 7109 10670 3830 -296 4217 -8973 2437626
"196102" 792944 1705 0 2707 213 25149 151975 176434 12637 0 -1964 20003 11795 86665 100808 93559 12313 112895 1599838 17603 471181 394806 -2574 0 771 -2718 6202 8004 4117 -308 5213 -10025 2474746
"196103" 808152 2064 0 2723 238 26326 155416 179040 13743 0 -1727 21007 11775 87588 103423 95733 13156 115440 1634097 17457 484154 399824 -2683 0 1202 -3047 7053 10110 4099 -777 3864 -11742 2527453
"196104" 828772 1806 0 2740 236 28555 162367 184140 13536 0 -2120 22875 13113 88631 107215 97560 14666 117023 1681115 16947 521094 405285 -2689 0 1977 -2708 8478 9479 3804 -222 7426 -8247 2607143
"196201" 835937 1686 0 2748 234 26010 154500 190451 15569 0 -1831 23048 11923 89663 108989 97262 14624 119324 1690137 16643 510450 410429 -2684 0 887 -2729 7832 10553 3470 -276 4862 -10465 2616209
"196202" 852433 1963 0 2757 296 26141 158642 197269 16208 0 -1950 18436 11381 90651 106318 98036 14611 121763 1714955 16527 390218 413057 -2685 0 883 -2812 7850 9107 3331 -365 6257 -10316 2523507
"196203" 864455 1528 0 2749 788 28648 157533 202547 15579 0 -1635 19088 12055 91563 109271 101407 15911 123315 1744802 16082 412673 417498 -2645 0 1532 -3495 9179 9741 3366 -858 4298 -11280 2581217
"196204" 888365 1163 0 2760 790 29196 167739 209944 16374 0 -2068 21271 13761 92398 113731 102538 16302 123777 1798041 16057 503823 421515 -2651 0 1302 -3592 9590 8633 3541 37 8095 -8052 2722533
"196301" 895534 1242 0 2769 828 26160 159341 216743 18160 0 -1762 22549 12709 93355 117121 102625 15799 126763 1809936 15946 532830 423227 -2653 0 560 -2777 7899 9743 3735 -25 5434 -10767 2770790
"196302" 915366 1235 0 2779 1065 26328 165104 223877 18457 0 -1945 23693 14474 94378 121414 103549 15416 130541 1855731 15830 558992 422381 -2652 0 719 -2839 7503 8484 3820 -360 6693 -11504 2843070
"196303" 928827 1204 0 2788 1000 27677 163696 228467 18781 0 -2050 24496 15745 95473 124643 106095 16422 133600 1886864 15634 582272 421073 -2644 0 1140 -3853 8495 10348 3815 78 4709 -12278 2896033
"196304" 954452 1247 0 2806 731 28421 172925 235539 20313 0 -2554 25215 16414 96635 127964 109947 17292 134450 1941797 15596 558475 426078 -2616 0 1249 -2628 9366 9534 3729 118 8798 -7714 2922110
"196401" 963659 1344 0 2825 867 26861 165628 241251 22067 0 -2251 26881 15373 97719 132524 107747 17015 136898 1956408 15550 593215 426300 -2598 0 726 -2390 9028 10919 4135 328 6567 -11814 2976572
"196402" 985025 968 0 2841 978 27137 170747 248397 22631 0 -2247 27682 16486 98806 137404 109359 16342 141199 2003755 15623 612252 431135 -2581 0 622 -3597 8281 10956 3603 -99 7880 -11981 3049681
"196403" 1002111 878 0 2855 1243 28443 172879 253848 23209 0 -2658 29131 16184 99913 141251 113131 17073 144686 2044177 15643 633228 435766 -2542 0 1303 -4367 9037 12505 3628 -429 5769 -14139 3118049
"196404" 1028822 1201 0 2830 1097 29515 181840 261194 25077 0 -2303 29116 16830 101051 144772 118736 17970 146530 2104278 15471 647246 445012 -2419 0 654 -2272 9946 12089 2791 -69 10030 -8988 3190245
"196501" 1041896 1191 0 2864 1033 28701 173982 268846 27097 0 -2030 30465 15917 102149 148653 119415 17549 150664 2128392 14638 663263 449583 -2370 0 974 -2982 9785 12404 3774 -283 6558 -11685 3239701
"196502" 1063594 1713 0 2901 822 31039 179426 275017 28507 0 -2062 30037 17477 103382 151419 122290 16793 154267 2176622 14308 637854 454399 -2355 0 1277 -3711 8907 11196 3860 -172 7794 -12185 3268572
"196503" 1078514 1796 0 2949 892 30244 177326 280570 29818 0 -1896 32825 15393 104656 157541 126346 18036 158032 2213042 14184 693718 457715 -2367 0 1145 -4161 10124 13207 3962 -54 4626 -14461 3366638
"196504" 1107340 1644 0 3064 781 30547 189131 288458 30983 0 -1482 35220 17954 105876 161999 132435 20080 158557 2282587 14065 734923 471071 -2355 0 1075 -2881 12148 7086 4093 203 10175 -9997 3483099
"196601" 1123517 1288 0 3242 884 30007 180270 293981 32342 0 -2259 36173 16818 107050 165194 131937 20262 161289 2301995 13738 714419 472846 -2338 0 593 -4053 14587 6453 4219 -110 8185 -14523 3489985
"196602" 1148620 1429 0 3543 917 31666 188986 299348 32963 0 -1884 35429 18441 108192 167435 134168 17110 164281 2350644 13529 685683 486443 -2279 0 1467 -4099 11322 4112 4306 -350 10641 -16726 3527905
"196603" 1162449 1520 0 3740 932 34054 182594 301175 33409 0 -1526 32224 16270 109349 166801 138379 18136 167593 2367099 13356 615709 493541 -2190 0 1964 -5748 12436 7570 4352 -354 7675 -19659 3483659
"196604" 1187819 1647 0 3963 885 36521 193589 306483 33302 0 -1529 34829 18729 110570 172487 143494 19155 165946 2427890 13235 660424 504250 -2198 0 1901 -5564 13345 7551 4356 214 12232 -14645 3588607
"196701" 1197275 671 0 4176 951 32437 185764 316691 36445 0 -1633 39280 19143 111835 181081 139837 18923 169562 2452438 13184 747328 507645 -2172 0 558 -4352 12762 8446 3856 198 7795 -20175 3713679
"196702" 1209215 1105 0 4394 843 32846 191704 327431 37013 0 -2108 40429 20037 113072 185670 142256 12681 174100 2490688 13169 759549 512329 -2062 0 1434 -4899 6408 6687 4386 -516 9842 -20446 3774901
"196703" 1231841 1572 0 4560 827 36545 194463 335047 37517 0 -2780 43249 22547 114314 192242 145894 13429 177437 2548704 13077 809759 518255 -2044 0 2003 -6377 7249 8501 3624 828 6777 -22242 3891476
"196704" 1268372 2765 0 4646 1055 38840 208909 341194 39204 0 -2184 44308 25752 115535 195629 152836 14773 175925 2627559 12065 835107 528780 -1982 0 1934 -5062 8497 1597 4137 176 12062 -17237 3999389
"196801" 1285918 3223 0 4870 1357 38480 197643 349095 40094 0 -2106 41949 23678 116737 195262 149923 19513 185312 2650948 10703 776014 541214 -1929 0 164 -6371 12256 6762 4978 566 6680 -22309 3978082
"196802" 1311478 3382 0 4930 1749 40241 204932 355212 38407 0 -618 47493 27246 117921 207230 155247 14582 188727 2718159 10681 884503 549520 -1778 0 1920 -3966 7251 4523 4697 380 9952 -23084 4162968
"196803" 1336944 3879 0 4976 1832 44683 208196 361105 42058 0 88 49914 29874 119110 212779 162469 14719 194110 2786736 10755 901429 556068 -1765 0 1751 -4480 7518 9154 4757 1177 6054 -23951 4254773
"196804" 1373395 4818 0 5062 1587 44659 224018 367814 45929 0 -1544 51232 32334 120324 218721 170025 16038 197271 2871683 10892 996085 573116 -1733 0 2531 -3513 8767 4658 6110 1289 13591 -20632 4440708
"196901" 1390498 4922 0 5108 1856 46172 210242 374682 41578 0 936 50339 27054 121561 220281 170630 17630 204489 2887977 10836 946300 583320 -1718 0 1386 -3747 12851 5080 6154 890 8052 -26305 4425790
"196902" 1417926 4904 0 5166 1809 50652 219617 377600 38957 0 2307 48052 27562 122814 223828 176907 13886 211300 2943286 11153 907895 591917 -1570 0 3965 -3759 9037 2335 6183 457 11299 -27467 4453771
"196903" 1449593 5579 0 5198 1618 49158 216516 378752 32472 0 5254 47940 22920 124083 226278 184222 14465 223034 2987082 11164 882607 595878 -1563 0 2345 -5621 9742 11569 6205 1714 6910 -29846 4475276
"196904" 1491168 5105 0 5334 1173 52282 232072 382331 30874 0 4680 47588 25676 125362 230936 193661 14522 221223 3063987 11859 840609 606685 -1514 0 2410 -4424 9817 7846 4913 108 15686 -24240 4512538
"197001" 1507652 6314 400 5397 1172 50782 218688 385193 32035 0 5353 48369 22046 126703 233842 192407 15408 225579 3077339 11903 815012 615624 -1503 0 1941 -4001 13018 3324 4916 -275 8821 -30014 4523651
"197002" 1536063 5306 400 5421 1220 49923 226812 393565 35793 0 2750 39201 19753 127979 225789 195790 12034 230572 3108370 11889 648418 633134 -1565 0 3089 -1521 9539 -67 4921 -632 10051 -29242 4407238
"197003" 1561774 4900 400 5492 1141 51134 227870 399943 49735 0 1494 44172 21608 129295 241214 198420 12519 239909 3191019 11494 755152 627493 -1582 0 3232 -4096 10113 4893 6157 -457 5883 -29629 4590644
"197004" 1600014 4282 400 5556 798 49305 244823 412949 55118 0 1114 46812 24877 130703 253749 203610 12475 243072 3289656 11072 831233 636713 -1593 0 3056 -1702 10056 -109 6085 -284 15903 -23346 4760608
"197101" 1619033 4963 400 5654 1082 47600 230658 437427 60225 0 2315 52687 23491 132202 267832 204224 14633 251824 3356250 10963 920098 658048 -1616 0 4192 -1656 9015 -2214 4824 -780 10532 -25823 4948885
"197102" 1657295 4581 400 5797 1102 45377 245007 455182 60041 0 2230 52961 23828 133786 274414 206310 13417 254242 3435969 10507 918939 673456 -1623 0 4222 -2304 7254 -7244 4983 -670 13685 -26081 5046649
"197103" 1698278 3508 400 5911 1239 45391 243171 465851 64470 0 5326 52214 24572 135417 282431 210370 15348 265769 3519666 10207 911074 688208 -1636 0 2534 -2703 8791 -5147 4375 -499 9389 -27577 5141628
"197104" 1750655 3779 400 6046 1234 47564 262871 481319 68591 0 5007 55446 28722 137055 293492 220192 16566 275148 3654086 10206 974871 702258 -1581 0 2007 -854 9633 -7444 5003 -575 17900 -19913 5337245
"197201" 1781202 5254 400 6219 1421 45803 249984 505099 69771 0 9031 57548 30040 138724 308275 219724 18458 291108 3738061 9662 1034722 726007 -1676 0 366 -25 10476 -3091 5027 207 11753 -27342 5512757
"197202" 1822303 5340 400 6372 1626 45156 258173 519938 75837 0 9111 56656 32683 140430 319267 223439 16082 303449 3836262 10490 1033232 738168 -1694 0 1828 -865 7561 -5338 5101 -325 16324 -30023 5625583
"197203" 1863993 5221 400 6483 1820 45102 260034 534569 81894 0 9290 56209 33988 142166 331095 233713 18348 310308 3934633 10487 1058729 757069 -1717 0 -741 -1945 9591 -11043 5133 -16 10833 -28616 5779439
"197204" 1935097 5155 400 6579 2172 44602 286955 550998 87380 0 6702 58926 37444 143930 349329 248611 20460 320708 4105447 10487 1203281 782941 -1734 0 -2435 -903 11259 -31307 5158 -217 22429 -21299 6121205
"197301" 1990433 5428 400 6667 2722 42954 271668 570053 100228 0 13782 52843 31769 145734 349273 253680 23530 328258 4189422 10487 1117824 808212 -1753 0 -764 -1472 12856 -40822 5191 295 13250 -27601 6166765
"197302" 2053672 5411 400 6860 3005 38998 282316 582582 107357 0 17143 48013 29545 147589 349081 269489 21365 348264 4311090 10487 1033342 840953 -1671 0 -2241 1368 10118 -35370 5239 -198 18057 -25012 6225582
"197303" 2110503 5424 400 6924 2729 51592 272644 577997 126780 0 23322 51927 27530 149452 366497 283073 23799 358222 4438814 10487 1104063 884097 -1690 0 522 2006 12271 -37746 5322 -134 12222 -26047 6470735
"197304" 2172701 5493 400 7001 3329 41879 304731 590352 126442 0 23141 46635 29499 151278 358451 306260 25898 364624 4558113 11652 938338 917738 -1715 0 -1823 -161 13988 -17233 5446 79 21781 -10516 6415995
"197401" 2212410 5703 400 6988 3729 47484 283558 610529 132178 263 27861 44521 25231 153061 367676 310755 29869 373878 4636093 11652 911785 935465 -1825 0 -1433 -1433 16689 -14243 5555 242 11899 -21090 6500634
"197402" 2283599 6061 400 7085 3529 48640 293328 615520 149876 570 31309 40662 25053 154793 367681 325090 28597 380036 4761828 11652 817463 954055 -1839 0 2673 6333 14612 -20709 5589 -552 17877 -24708 6545723
"197403" 2348243 6964 400 7188 3129 55994 287857 613276 163343 1386 34640 32320 24406 156548 348136 337000 33399 392918 4847148 11652 610689 996358 -1881 0 1978 8033 18956 -24940 5558 -113 10301 -22601 6470556
"197404" 2409478 7040 400 7333 4946 40808 311687 628062 167411 2379 25358 35152 25870 158399 367498 254755 32754 392489 4871817 11652 632492 1028273 -1919 0 663 6614 18290 -101475 5461 -152 22205 -42024 6636572
"197501" 2436351 7498 400 7500 5022 40913 290899 656027 166783 3620 28927 40968 23687 161446 400150 247751 31889 689001 5238832 11620 775904 1059360 -1953 2852 2503 12266 19102 83563 5345 -1140 13212 -67237 7017203
"197502" 2485632 7458 500 7711 4822 27595 311273 686292 158402 3661 30446 46061 24646 163796 441607 250412 26994 713195 5390503 11620 893211 1086803 -1976 3083 -1122 14787 13536 90716 5254 -2046 17559 -72762 7315108
"197503" 2536829 7363 500 7910 5272 39270 306694 705132 156752 3708 33144 40876 22925 165855 443098 263522 29746 736847 5505442 11599 782809 1105666 -2024 3512 511 16686 15752 112225 5179 -2068 11344 -77353 7321752
"197504" 2619091 7312 500 8170 5772 29633 331096 726454 158262 3696 29087 43034 28466 168626 466998 277958 31331 734435 5669920 11599 839378 1127852 -2048 3150 -3091 15285 17126 86236 5100 -273 24207 -51194 7554251
"197601" 2671859 7995 500 8318 6428 30983 313780 766015 148574 3712 31848 46920 29112 170615 496217 273021 35455 782980 5824332 11599 968562 1144465 -2085 3246 -440 13990 16305 116706 5035 -187 15537 -76443 7857294
"197602" 2744472 9508 500 8657 6941 27961 332432 789159 147812 3430 37364 47003 31278 173075 512522 284762 32717 802938 5992531 11598 987996 1184957 -1901 3643 -1407 18314 12754 109293 5000 -857 17473 -81595 8096365
"197603" 2814864 10002 800 8556 6763 31598 329121 813587 143615 3421 50161 45799 31990 175297 521486 294477 36332 834795 6152663 11598 998860 1214247 -2129 4054 -1610 29373 16153 122445 5006 -1487 11070 -87613 8282106
"197604" 2904877 9814 1200 8659 7441 20506 356209 847958 144413 3686 45085 46510 39896 177824 534520 310530 38535 913371 6411033 11598 1034228 1257328 -2161 4002 -3952 27163 18151 166077 5049 -1115 24844 -59406 8535535
"197701" 2971564 10121 1200 8648 8287 21230 338423 887120 143638 3460 45048 43037 37776 180124 537867 315884 40373 944035 6537835 11658 957603 1291568 -2291 4390 -4323 27454 20329 177646 5104 -232 17031 -77839 8631395
"197702" 3065724 10172 1200 8765 9731 20917 356834 908986 146177 3443 52327 46401 39516 182557 557299 326934 35174 963169 6735326 11658 986596 1325884 -2316 4914 -2942 26784 14183 176293 5141 -705 19539 -81575 8900148
"197703" 3168104 9999 1200 8864 8990 20786 361938 929238 155074 3463 51150 45617 41050 184993 573921 334707 39052 1001631 6939776 11658 947989 1369199 -2342 3970 -6498 25714 17820 188094 5174 -527 13668 -94251 9117800
"197704" 3292975 10385 1250 8909 8756 19126 386279 943206 172986 3887 52320 45491 44158 187808 589857 354468 41889 1019549 7183298 11719 922579 1420309 -2422 3056 -9374 31057 20603 177275 5208 193 26473 -68305 9354141
"197801" 3385603 10311 1250 9045 10041 18376 359949 967727 186342 5620 64798 44493 44018 190464 602112 361432 45206 1067664 7374451 11718 875995 1479831 -2396 2689 -3348 38404 20501 186172 5237 -441 17209 -85600 9563568
"197802" 3512937 10001 1250 9142 10192 24007 386993 982203 196857 6959 69174 46687 49788 193533 635742 377853 40627 1096372 7650316 11706 943712 1537712 -2423 2597 -5831 40398 15014 205494 5252 -162 20432 -95853 9958528
"197803" 3629437 10121 1300 9271 9613 31649 393217 999872 209116 8407 73227 48619 52282 196398 678666 389172 44793 1149275 7934434 11668 1017253 1589892 -2412 2855 -7324 42910 18897 220285 5221 -219 13646 -114252 10373640
"197804" 3779409 9968 1300 9383 17131 35237 418994 1009558 228076 10808 76103 46050 46691 199369 691400 417960 48845 1212670 8258952 11671 969619 1651070 -2448 8344 -9189 45265 22347 217371 5166 -141 26044 -83375 10661928
"197901" 3872851 14256 1300 9659 22361 46352 387756 1034764 231509 18020 91384 47697 44025 202002 720298 425397 54409 1270785 8494825 11479 1031598 1721238 -2499 8675 -8811 50340 25146 258820 5114 -162 16837 -109144 11014824
"197902" 4003971 14035 1800 9982 21989 50727 415798 1047656 227620 25915 104319 48943 52252 204897 746076 444584 50247 1306473 8777284 11323 1051694 1787061 -2543 8418 -8789 56653 19974 262114 5085 -889 19524 -115985 11383800
"197903" 4146931 11504 1800 10262 27282 53609 430624 1061951 245684 34194 104436 51166 53342 207494 785257 466635 55674 1371836 9119680 11228 1121034 1853943 -2563 13649 -10855 56038 24752 279876 5074 -393 13030 -128471 11855748
"197904" 4276379 11957 1800 10493 26913 55257 455847 1070184 257408 45214 92729 51789 47966 210305 801128 492599 58767 1445015 9411749 11172 1147253 1916264 -2598 11724 -10713 43140 27177 291923 5086 -139 26072 -94800 12189566
"198001" 4389297 15377 2968 10709 30071 59463 425256 1087310 267797 61292 102235 47052 47117 212764 819642 498881 64925 1510887 9653042 11172 1070027 1962819 -2643 14581 -10248 51897 34504 351725 5102 -604 17425 -123619 12358940
"198002" 4464454 16124 3018 10849 31804 35409 447430 1108616 265121 77827 114600 52395 47936 215454 875484 496573 59540 1570821 9893454 11172 1217285 2020264 -2674 16184 -11161 54313 28736 370141 5107 -674 20772 -133651 12795082
"198003" 4581134 17131 3268 10925 29447 24682 462181 1130072 278200 79901 119016 58226 50887 217872 933258 509856 62876 1640807 10209739 11168 1361379 2083297 -2728 12120 -12905 55736 31328 366490 5114 -1457 13628 -143471 13341728
"198004" 4725056 20751 2518 11057 31392 22199 477541 1153968 316914 76415 116224 61809 61897 220559 969655 542623 64413 1690595 10565586 11160 1494924 2157711 -2775 14927 -14221 52206 32571 328843 5125 -760 28330 -114140 13899275
"198101" 4828364 25275 2818 11167 37927 11047 462806 1167800 322964 114223 133793 62207 57277 222852 988771 567661 67037 1811311 10895299 11154 1507474 2205158 -2837 17789 -13416 70749 45780 350549 5136 -6068 22960 -134174 14262617
"198102" 4970389 24066 3068 11266 39125 9961 477261 1169189 341572 129871 133201 62444 59772 225503 1007881 577913 61003 1844089 11147574 11154 1481228 2245624 -2892 15540 -12705 68789 40172 365554 5142 2687 23162 -143565 14523696
"198103" 5125707 24172 3318 11374 39943 16291 479389 1173929 365555 164470 131907 56895 56345 227711 1017402 576949 62864 1919234 11453455 11152 1279659 2274203 -2939 12376 -14482 62357 42360 395106 5145 -441 16038 -160936 14663885
"198104" 5258005 24627 3318 11502 41811 -25785 505568 1203985 378591 186305 144739 59842 63961 230141 1063520 582763 58072 1968315 11759280 11151 1382028 2315580 -2980 10579 -17245 67510 38582 359771 5147 -1819 32404 -128743 15104833
"198201" 5335748 24248 3568 11606 47174 -26070 482742 1235505 380905 198732 152330 57582 54236 232060 1092816 571902 57367 2053546 11965996 11150 1238257 2346276 -3031 14642 -18031 74698 39961 405155 5150 -2691 26873 -148173 15167126
"198202" 5470078 24873 3818 11693 48286 -44898 488633 1250507 398141 209680 150446 58968 55968 234096 1133894 580691 51431 2085703 12212008 11149 1209151 2358993 -3084 13772 -17176 69762 33352 413632 5156 -1216 26328 -150528 15401303
"198203" 5606817 25099 4218 11764 41159 -60383 513289 1274188 410809 235246 151694 66340 61220 235743 1231916 587454 53810 2151178 12601561 11148 1326070 2353701 -3148 10072 -17364 59422 35016 413774 5145 -2645 21667 -157121 15927662
"198204" 5769638 28215 4618 11859 49522 -30828 543333 1345347 395825 219928 175790 76852 69844 237958 1289101 605521 55676 2127914 12976113 11148 1562485 2360157 -3184 13273 -17850 79647 36390 344482 5174 -2187 30549 -117818 16541427
"198301" 5886466 28408 4618 11971 51747 -54368 532312 1454966 345303 197336 159555 88829 71108 239874 1369991 588857 62042 2181946 13220960 11138 1728634 2390164 -3242 18449 -21270 65840 40883 344093 5201 -2036 25817 -146996 17024157
"198302" 6067441 27979 4618 12104 50818 -52293 564983 1487817 351067 180893 157634 105428 81421 242244 1475057 596814 58334 2218589 13630947 11131 1946581 2388072 -3288 17139 -19805 58031 35378 338837 5217 -1721 25697 -163672 17684918
"198303" 6257370 27116 4618 12241 53082 -46290 574415 1517615 369618 179590 181046 108621 79455 244290 1507791 598091 62354 2292060 14023082 11128 1914447 2395966 -3327 17415 -22155 60008 38446 362677 5233 -1900 22837 -195705 18061094
"198304" 6466054 27756 4618 12327 141573 -33206 582798 1560403 384570 179467 188439 112121 83395 246737 1535809 629117 60353 2277627 14459958 11121 1855966 2420553 -3405 98332 -27831 76978 36234 274390 5236 -799 33112 -165861 18421212
"198401" 6651987 29078 4618 12501 146438 -30145 578304 1597879 398659 193976 198870 115625 77829 247998 1520601 642143 68022 2323053 14777435 11111 1749244 2425123 -3388 100083 -22478 76359 37832 269288 5245 -1154 27443 -194197 18667880
"198402" 6915188 28499 4618 12656 147963 -26647 590336 1632582 431952 198879 194281 116949 78182 249521 1517385 668457 64588 2369936 15195325 11100 1654360 2415224 -3457 101366 -21397 68824 33446 253459 5259 -1676 30464 -206096 19015817
"198403" 7146164 28104 4618 12739 142799 -15636 597152 1659716 452070 204049 212285 130023 76177 250880 1628658 673225 65680 2469049 15737751 11097 1769217 2413773 -3498 99862 -22722 77300 34829 224450 5267 -824 23857 -229562 19722879
"198404" 7431452 28641 4618 12880 139968 -20060 629721 1710609 471437 232204 224107 135610 87862 252787 1707455 686361 68097 2426950 16230699 11096 1789165 2419804 -3538 98721 -23054 69288 37109 112924 5274 -453 31219 -195744 20319018
"198501" 7653642 29257 4618 13157 141748 -15569 602308 1758885 474554 239622 202239 155269 82366 254900 1806270 687063 69268 2566996 16726593 11093 1936090 2419543 -3431 101362 -24219 43623 34175 178126 5281 -123 27940 -229317 20959902
"198502" 7914004 29888 4618 13175 136231 -21450 640436 1798331 466576 245746 204268 179853 99860 257747 1876115 699950 65697 2644037 17255081 11090 2044553 2407021 -3608 99060 -22849 37673 29305 194715 5289 187 28569 -231582 21580986
"198503" 8189442 32395 4618 13255 141303 -12529 660642 1825468 478160 241990 216380 198848 102833 260564 1873283 703229 69970 2761649 17761499 11090 1923657 2424585 -3669 102730 -23192 41440 32041 224474 5297 343 25942 -241973 21957398
"198504" 8622899 37483 4718 13267 148461 10341 713479 1852303 488537 242408 250573 245911 131188 264336 2088568 752405 69436 2982394 18918706 11090 2270405 2489135 -3785 105764 -17009 51651 31078 128787 5305 1725 31958 -190171 23544033
"198601" 8798364 39406 4718 13478 152917 9528 685385 1882784 492193 264343 273288 308737 143123 268266 2206609 706522 71213 3011263 19332137 11090 2572390 2531770 -3729 108199 -25603 67993 25692 99985 5313 894 25139 -225154 24368658
"198602" 9123749 41321 4818 13571 159332 5739 738507 1914741 481874 276639 277989 348453 137211 272862 2263942 705518 71284 3020373 19857922 11084 2685845 2551373 -3759 110467 -24299 62076 24557 82328 5320 2251 25883 -246157 25067557
"198603" 9434242 42948 5018 13647 168938 15884 747563 1946056 489896 293572 293286 382028 133008 277435 2233391 720166 74018 3094325 20365420 11084 2454216 2584975 -3791 119926 -20965 57543 26705 55726 5327 2632 17134 -255471 25410929
"198604" 9811696 43446 5018 13756 179874 41718 838882 1978288 492124 290581 298540 426494 141075 282599 2326777 760848 76337 3129565 21137617 11064 2682199 2612210 -3811 129932 -19686 63714 28198 -61647 5333 2655 23016 -200678 26476064
"198701" 10008921 44042 5018 13884 180965 45085 763926 1990829 488099 302686 295669 500753 132637 289604 2543685 774723 77849 3192541 21650915 11081 3227855 2625148 -3851 128598 -18402 54702 29737 -119214 5339 2719 14491 -224996 27645876
"198702" 10300995 40333 5018 13991 181371 36721 821170 2001113 501653 299557 301777 534895 135991 295990 2630110 773889 78928 3255454 22208956 11069 3298585 2644548 -3898 133258 -20619 53435 29591 -116843 5344 2702 17115 -244601 28307674
"198703" 10545505 40265 5018 14105 182604 69975 815533 2013544 514147 304166 303743 548617 141540 303304 2755131 790755 79776 3321237 22748963 11075 3470639 2663300 -3901 136644 -18447 59200 29875 -198065 5349 5129 10761 -253620 29121052
"198704" 10824585 41673 5018 14225 213270 75323 842856 2048021 541903 313776 292574 480185 115277 309540 2504830 834347 80019 3433202 22970624 11078 2710300 2703552 -3952 165867 -25241 50682 30515 -203837 5353 5993 23430 -209686 28556429
"198801" 11021558 38920 5018 14354 211387 53964 820392 2122006 549561 342271 323019 508509 119456 315686 2571298 849757 81289 3461023 23409467 11063 2882377 2751507 -3985 161456 -23691 71731 26337 -238880 0 5406 18444 -236139 29273736
"198802" 11296047 36386 5018 14454 220222 65544 861244 2149198 551052 324932 332065 507531 118308 322107 2648161 862774 79059 3530578 23924680 11063 3005328 2788279 -4047 162826 -23140 72624 22553 -251312 0 3239 20591 -265994 29992011
"198803" 11539898 43048 5018 14574 224302 53705 856140 2167910 580818 323868 342586 500342 116493 327582 2671332 866287 79333 3597623 24310858 11062 2972099 2814744 -4063 165476 -27128 74207 21642 -271150 0 2760 16365 -281508 30412162
"198804" 11866214 43338 5018 14736 228720 77331 885122 2187212 595079 335020 318668 500525 118296 335651 2738343 934232 80792 3856273 25120569 11057 3075619 2843805 -4063 167129 -28237 61519 22408 -320445 0 5912 24267 -227883 31350443
"198901" 12123474 45473 5368 14876 242447 60990 827511 2199396 614383 360736 352661 508503 116637 339423 2825225 948612 86163 3958518 25630396 11061 3226081 2886267 -4160 183990 -23720 75742 27916 -328320 0 4860 17255 -251802 32052044
"198902" 12340483 55892 8518 15056 245142 56538 864682 2218805 620336 381312 392692 537282 131301 348088 2953830 964457 82519 4062726 26279658 11063 3441756 2920439 -4197 194920 -26926 82548 22827 -312810 0 4080 21541 -270118 32941051
"198903" 12547615 63969 8518 15166 250390 48910 852261 2251053 620280 411818 392514 567209 127750 353884 3090321 970704 82435 4201405 26856201 11065 3736453 2935156 -4259 196110 -29045 79165 21384 -309368 0 7423 14099 -275140 33838506
"198904" 12839227 69989 8518 15303 266828 66445 892152 2285172 612951 424736 396442 589561 133913 365250 3168958 997171 78726 4259371 27470713 11059 3812955 2957364 -4324 214168 -29818 70419 17514 -369951 0 6684 22082 -227841 34553157
"199001" 13072987 71616 8518 15453 261211 65457 853528 2316623 598327 459847 383010 578579 130021 371326 3164838 986124 84056 4375885 27797406 11060 3613254 2945912 -4388 207052 -26166 53619 23797 -274825 0 6962 19041 -250121 34612660
"199002" 13293153 72719 8518 15614 273580 65408 886964 2321088 580349 449501 383256 618068 127431 379254 3283840 998280 79251 4300260 28136533 11065 3779525 2958450 -4452 217986 -26409 52957 18540 -291742 0 7009 23904 -278633 35166413
"199003" 13505351 75784 8518 15713 287725 81769 889638 2329589 565402 479566 356301 577048 127580 385289 3181983 1024408 83339 4434478 28409481 11063 3177324 2981128 -4508 228877 -29087 24490 22419 -282505 0 11371 19723 -293903 34882120
"199004" 13766802 79228 10018 16256 297926 95686 934740 2349060 546885 493319 371875 608355 137428 391738 3310346 1038776 80869 4426010 28955317 11058 3531306 2991848 -4146 243084 -31267 14969 21294 -370780 0 15023 30540 -235850 35806662
"199101" 13870089 73540 10018 15958 296995 86016 906410 2380444 549942 547259 340285 668086 132529 399936 3507465 1008227 77090 4519850 29390138 11058 4073363 2998110 -4616 235372 -16338 -15809 23365 -380550 0 5198 28283 -248404 36846169
"199102" 14017424 70319 10018 16070 284823 61012 934262 2376331 529088 527633 345092 688938 137524 408344 3555580 1025638 70528 4560217 29618841 11062 4048446 2985324 -4679 231563 -11677 -15529 16502 -362397 0 8250 31552 -261587 37031675
"199103" 14185497 70372 10018 16170 282524 88410 948302 2365742 512778 528125 359126 753266 158053 413070 3689947 1044941 75770 4650144 30152255 11062 4306115 2965399 -4716 230797 -4708 -13136 21451 -390899 0 19837 27711 -258374 37806868
"199104" 14421326 73670 10018 16296 273526 95987 1022519 2350691 488414 534967 353811 769485 188869 418577 3830592 1084657 72959 4776252 30782615 11057 4847773 2957716 -4718 221080 -4619 -24096 19548 -399195 0 3831 35067 -185003 38937267
"199201" 14582841 70321 10018 16314 264833 96349 993288 2347950 475259 567172 365502 810091 194603 425924 3809325 1069346 79119 5052998 31231252 11057 4758842 2960843 -4821 215192 -665 -33522 13261 -233751 0 859 33588 -219196 39191049
"199202" 14781579 73045 10018 16386 267007 100943 1034709 2329471 444198 552575 390957 876790 193330 430537 3880670 1093823 76062 5064164 31616264 11059 4757228 2939747 -4867 220539 -5073 -17708 18438 -225916 0 1375 36769 -237989 39538730
"199203" 15004336 74684 10018 16433 271987 129918 1073175 2304783 438825 549826 414429 915815 214471 440204 3982740 1108172 80176 5163057 32193047 11059 4900311 2947117 -4905 219594 -4982 -9998 23834 -208856 0 4007 27414 -236531 40241957
"199204" 15212974 67004 8018 16516 267711 138188 1134667 2293448 415222 539471 393616 992537 217697 447710 4139420 1143751 80227 5192428 32700604 11056 5421969 2942674 -4931 216069 -9545 -18801 25802 -259690 0 6811 36643 -162886 41246831
"199301" 15339230 70172 8018 16588 265061 147915 1089339 2275622 410616 553540 457583 1080846 226180 456231 4297923 1139911 83614 5245608 33163997 11054 5670046 2979578 -4985 217492 -5139 34604 15209 -306307 0 3356 31356 -205962 42045050
"199302" 15573957 69788 8018 16678 263474 150523 1168153 2254890 401065 546540 454704 1172808 235284 465825 4379298 1148399 80700 5334725 33724828 11057 5758436 3013644 -5027 215442 -5998 34431 23871 -320140 0 3500 36211 -229222 42754897
"199303" 15856039 71727 8018 16784 252269 173981 1182084 2236506 389379 544651 471810 1278067 255509 475164 4515989 1163176 85049 5430931 34407132 11057 6024464 3051232 -5082 208464 -8126 55535 26470 -325947 0 2207 28336 -241615 43753644
"199304" 16180610 69119 8018 16962 271821 188668 1251981 2223110 391684 559649 455217 1375386 279049 484813 4617492 1212533 86015 5680780 35352906 11053 6296866 3088100 -5133 231603 -5387 23889 27975 -302956 0 5631 35373 -151588 44889518
"199401" 16408466 72678 8018 17126 271120 222111 1220704 2233785 382693 575608 470058 1414213 283712 491128 4588734 1206411 90248 5757159 35713972 11052 6087940 3149724 -5192 228381 -8295 32313 20387 -328573 0 349 30888 -191842 45184272
"199402" 16623245 71776 8018 17285 290447 236823 1229478 2214840 379296 569198 501989 1445412 279090 497307 4658471 1237955 85682 5780423 36126734 11052 6051196 3214467 -5243 248704 -8681 58765 31550 -402557 0 914 33380 -212014 45658632
"199403" 16878166 72667 8018 17477 299169 248182 1205718 2198531 402616 575955 524656 1515754 263877 514405 4824859 1258151 88370 5863284 36759855 11054 6309778 3250993 -5302 260786 -5268 66221 32715 -416724 0 1200 25230 -213986 46586808
"199404" 17207809 70437 8018 17648 373929 278389 1240202 2185755 411242 600127 523992 1477349 278963 520348 4898270 1321025 86191 5972805 37472499 11051 6317493 3299119 -5346 323746 -8189 85625 33571 -523948 0 3428 32619 -143585 47302241
"199501" 17457651 83354 8018 17832 382087 271048 1191644 2202528 441177 631178 578143 1553285 270523 533340 5103733 1321245 96501 6033406 38176693 11053 6800246 3338113 -5394 332984 -4408 122286 22686 -606962 0 4210 27905 -176540 48609338
"199502" 17779757 86695 8018 18002 410073 264498 1239798 2229064 456321 675419 600485 1661009 277848 547871 5331035 1342772 90436 6071203 39090304 11054 7346130 3375917 -5488 357867 -4158 112288 37093 -677542 0 2000 30306 -186478 50157518
"199503" 18071826 83481 10168 18199 403948 265632 1188685 2267586 477525 699256 624571 1782014 286143 556470 5561779 1384004 94474 6135882 39911643 11051 7956397 3431929 -5561 344902 -1459 138467 41623 -796558 0 560 21965 -202579 51769660
"199504" 18468612 82065 10168 18326 418824 288486 1211356 2298386 476870 741294 625985 1852752 305653 566188 5725145 1443428 94832 6356902 40985271 11050 8481326 3480204 -5677 358381 -11207 110549 49651 -924594 0 3079 28787 -139806 53488687
"199601" 18766646 80315 10168 18325 444015 264566 1158169 2367618 493629 812363 635866 1996986 326868 570801 5884453 1445096 103323 6460275 41839481 11053 8910299 3516054 -5944 376389 -4639 101825 32947 -1006532 0 -12 24190 -186190 54944853
"199602" 19110013 79411 10168 18280 444762 247477 1181293 2371311 511109 804814 659111 2129932 318618 578909 6021424 1485555 101074 6497826 42571086 11050 9278694 3583490 -6240 383093 -10452 106971 48760 -1105758 0 -3422 26460 -204716 56209625
"199603" 19427547 71511 9718 18866 474734 223643 1183701 2395064 557183 833574 653382 2211611 317764 594048 6154459 1486745 106892 6638521 43358963 11050 9475398 3632959 -5878 404610 -13796 93819 56706 -1147831 0 -1699 17771 -242199 57316868
"199604" 19804543 71086 9718 18865 521682 236777 1200366 2421088 590891 886653 665082 2342369 358076 610646 6386667 1554582 110843 6852056 44641990 11049 9748132 3714625 -6101 434905 -14627 108172 -5458 -1225017 0 -1639 24760 -167392 58968193
"199701" 20061769 62967 9200 18974 567770 208880 1167428 2478523 605960 945874 682421 2410631 380320 624036 6418330 1552296 125029 6999233 45319641 11050 9784993 3784074 -6183 484051 -3931 83197 8916 -1228449 0 -9677 20187 -221357 59773004
"199702" 20377866 63564 9200 19013 573814 196148 1204302 2491963 646747 947209 723929 2717543 414320 639637 6929632 1579434 124119 6890153 46548593 11050 11432059 3840249 -6261 485653 -9428 114071 7434 -1458195 0 -6804 22518 -259069 62942032
"199703" 20726365 62787 9200 19326 599233 186027 1163917 2507785 696083 998999 748732 2973616 431835 655613 7313669 1620552 134304 7047303 47895345 11050 12505437 3893086 -6076 506956 -25059 121321 17087 -1511922 0 -7849 14180 -258176 65454456
"199704" 21235907 65518 9200 19325 618473 217142 1209189 2550576 713412 1042527 766082 2989385 469080 664963 7360723 1682785 117068 7230431 48961787 11050 12621763 3967636 -6218 534982 -34434 150899 1820 -1754379 0 -8134 20866 -189921 66846754
"199801" 21700371 64849 9200 19405 612437 176605 1172525 2610591 760939 1125867 818122 3339314 504740 677277 7872573 1705947 128573 7316538 50615873 11049 14337594 4027946 -6259 520217 -24269 172064 14453 -1837268 0 -10411 16079 -215022 70362879
"199802" 22219292 66638 9200 19461 628576 187917 1224691 2625406 753994 1149644 813985 3438423 539562 690600 7921074 1712670 119539 7500875 51621546 11047 14584986 4116046 -6325 548360 -19707 151533 6251 -1920161 0 -16074 18792 -249299 71820255
"199803" 22679264 71351 9200 19886 657156 195446 1176771 2657676 777197 1242892 875271 3137280 573350 693522 7435633 1754233 132515 7861540 51950184 11044 12698222 4174927 -6105 572726 -18919 204048 20820 -1930062 0 -11973 10341 -271236 70264738
"199804" 23327732 77614 9200 19885 627575 185316 1220288 2739875 805253 1327915 810381 3613143 572239 718262 8265392 1787793 130290 8178008 54416161 11041 15354010 4235597 -6385 529248 -30623 172703 20183 -2263410 0 -3858 17772 -208067 75789246
"199901" 23902361 69963 8200 19885 654952 177742 1185829 2759943 805513 1411755 877477 3759243 552636 735925 8411403 1803626 135225 8297066 55568743 11049 15821088 4287463 -6753 540086 -15538 236829 25657 -2370539 0 -7218 13499 -250415 77522735
"199902" 24301549 67188 8200 20402 673591 204585 1218494 2777652 808022 1393448 837663 4044234 587061 749813 8759024 1874932 141152 8555016 57022025 11046 17167958 4344346 -6602 556290 -13135 208008 30771 -2515670 0 -12353 16692 -268478 80549852
"199903" 24904027 69166 7200 20902 684991 205750 1209667 2808985 837723 1444297 859879 3932396 593061 756180 8484790 1965679 146512 8716868 57648072 11047 16191303 4387584 -6555 556366 -17645 226883 34607 -2709417 0 -10166 9083 -265984 80420833
"199904" 25388849 67193 6200 20901 676469 203411 1332283 2823714 936392 1579593 938349 4538494 676591 783859 9264137 2049731 150535 9199712 60636412 11048 19400965 4447417 -7112 563261 -27422 155936 36736 -2791522 0 -9849 16971 -188707 86747550
"200001" 25787020 66340 6200 21441 751326 119612 1228081 2891126 966226 1665165 983304 4824055 801054 800974 9586066 2122535 170589 9272097 62063211 11048 20461166 4552208 -7562 618130 -17147 296883 53602 -3278665 0 -6453 12870 -223831 89639805
"200002" 26156700 63461 4200 22124 762844 190104 1234690 2912201 986462 1627916 1001860 4718300 780175 806519 9469386 2236195 170017 9604969 62748123 11046 19554515 4677908 -7855 612765 -16180 298798 48395 -3354876 0 -5185 16128 -246274 89645876
"200003" 26573922 61569 3200 23181 740645 198441 1199808 2975602 1025135 1696557 1057434 4780828 805811 818706 9581928 2337013 172612 10146369 64198761 11046 19578677 4783308 -7630 609761 -25200 342944 45990 -3308634 0 -7759 8608 -252624 91166336
"200004" 27137549 62985 2200 23180 803348 215404 1218787 3054702 1052571 1812133 1012761 4433065 822720 819098 9171312 2444195 179397 10194364 64459770 11046 17574998 4877428 -8463 643839 -10128 282839 50513 -4147571 0 -2288 16653 -172453 90270302
"200101" 27764075 59353 2200 23578 845324 152585 1200749 3168022 1076869 1994732 997024 3987136 799306 823042 8600621 2410379 186348 10638273 64729616 11046 15401621 4940615 -8693 671153 -2934 360422 54269 -4345361 0 -653 12479 -215690 88557906
"200102" 28107349 59906 2200 23904 806479 155747 1231239 3209596 1087235 2014678 1012791 4257992 781547 840295 8948866 2392415 181621 10853497 65967357 11044 16557453 4977650 -8766 637627 910 382592 48209 -4413824 0 -3620 15602 -244460 91099234
"200103" 28676079 66234 2200 24462 805295 168330 1256533 3276818 1094127 2115434 1054685 3753210 919920 843982 8299849 2368608 217892 11272072 66215729 11044 13860022 5023712 -8495 635122 -1568 396825 84330 -4272117 0 -3991 8106 -238647 88510942
"200104" 29318753 63766 2200 24462 810100 187411 1360842 3369310 1121049 2240583 1022941 4135365 825864 880004 8764339 2359765 191202 10926936 67604892 11045 15628575 5034913 -8555 630930 7084 347876 57088 -4408895 0 -12323 16201 -158624 91808643
"200201" 29816213 62639 2200 24696 795025 159416 1263853 3489658 1178779 2203347 1060888 4244779 778034 894158 8932152 2376704 190814 10994151 68467504 11044 15803639 5064993 -8934 615524 18937 397191 55469 -4474947 0 -9598 11896 -190009 92931652
"200202" 30361963 70171 2200 24846 802487 131360 1302036 3525382 1188600 2151237 1128005 3925081 745623 901153 8484556 2388324 198220 11309823 68641066 11044 13930555 5131569 -9149 622753 17439 482288 59037 -4451335 0 -7869 15067 -204022 91190025
"200203" 30914651 71299 2200 25450 828523 146851 1327591 3619086 1199693 2114795 1083623 3450716 726258 902878 7868314 2409658 211963 11764400 68667948 11042 11509569 5209281 -8865 644679 12689 408030 66592 -4320022 0 -14810 7453 -139441 88741535
"200204" 31831442 74624 2200 25450 831130 204179 1352951 3694692 1171012 2223890 1128531 3638375 738842 920915 8189585 2446598 200645 11559877 70234937 11043 12438276 5240611 -9147 652474 13644 419733 50456 -4338022 0 -11684 15489 6375 91125550
"200301" 32437266 75737 2200 25591 855431 133931 1336025 3805892 1214099 2156115 1142507 3588246 789871 936271 8157750 2428937 208803 11575196 70869867 11043 11949387 5385183 -9207 685519 16411 424846 53166 -4363396 0 -7699 11377 -103124 91507588
"200302" 33205128 77480 2200 25992 885900 107190 1393787 3893987 1221728 2120138 1211078 4072412 963720 959653 8847528 2433214 208704 11539437 73169276 11044 14028007 5516238 -9073 717521 6358 503716 46584 -4423420 0 -7868 14716 -99137 95975168
"200303" 33844507 80393 2200 26015 841564 156627 1376408 3936068 1221329 2058004 1230804 4244497 931642 973038 9084556 2443067 213251 11654288 74318256 11043 14707262 5684337 -9258 679759 18961 533912 47585 -4402288 0 -15888 7298 -67888 97928705
"200304" 34646277 82176 2200 26014 867094 190358 1437425 4002087 1226797 2016368 1345376 4654181 858792 1013152 9718939 2468090 198752 11828673 76582749 11043 16638537 5848115 -9454 705315 10029 575635 31533 -4602182 0 -17926 15476 29018 102343000
"200401" 35311421 81401 2200 26210 903080 111732 1434584 4096286 1326817 1968946 1398286 4912118 941083 1022468 9914925 2538025 220602 12143332 78353515 11045 17164708 6049066 -9551 739032 15695 577791 48817 -4622946 0 1099 5728 -21576 104844245
"200402" 36039135 78792 2200 26499 909536 164356 1473961 4172698 1377550 1916455 1330420 4966333 981054 1031940 10013659 2561720 205897 12323888 79576092 11045 17281110 6287805 -9540 723077 24853 496950 28385 -4629390 0 35 6034 -77272 106592919
"200403" 36790112 78732 2200 26673 922858 166037 1463134 4233305 1436196 1866414 1436603 4983326 976913 1038194 10006237 2614242 222608 12608111 80871894 11043 17024162 6503537 -9606 747027 18366 606050 39071 -4815179 0 3127 5855 -57437 107873362
"200404" 37816167 83388 2200 26703 956974 209781 1522783 4283685 1505078 1879849 1428483 5436259 1038182 1060352 10635470 2662785 219221 13290928 84058288 11045 18940078 6735453 -9731 767245 24900 577092 28359 -5065488 0 11171 5766 40360 113365189
"200501" 38617117 75303 2200 26902 1048804 195195 1499555 4374577 1573164 1840970 1542005 5471613 1051259 1059415 10568064 2736683 236073 13447684 85366583 11041 18775260 7108493 -9643 845101 34342 656492 35945 -5156318 0 4932 5986 -20745 114865285
"200502" 39451018 72690 2200 27172 995632 200445 1514557 4401130 1645137 1831499 1658506 5595743 1064207 1067195 10809612 2824432 233733 13716269 87111176 11041 19217906 7518696 -9443 785780 16183 768745 22664 -5276560 0 1741 6516 -49835 117593029
"200503" 40179267 67334 2200 27401 1041876 196416 1481772 4517411 1746200 1876688 1724190 5874407 1068188 1077684 11155259 2932298 225901 13590764 88785255 11041 20174872 8065522 -9028 823622 19694 761904 5302 -5722615 0 2809 6708 -44429 121192722
"200504" 41276385 61088 2200 27482 997784 197401 1527205 4598126 1789524 2006863 1744520 6048853 1038431 1082599 11460065 3003598 214516 14270562 91347201 11043 20636127 8335799 -9058 779542 21274 683346 -18121 -5328507 0 1829 7420 10006 124182439
"200601" 42357554 61371 2200 27626 1049564 177951 1507823 4691764 1887697 2014121 1862983 6463849 1105502 1102346 11864154 3031170 237475 14273251 93718400 11044 22194603 8627980 -10253 847225 23864 652557 -7316 -5700308 0 1514 6533 -52617 128790828
"200602" 43361512 64142 2200 27815 1123746 136939 1536882 4732866 1965561 2067431 1945704 6419311 1148648 1110119 11790046 3120733 227977 14463157 95244789 11041 21702311 8587642 -10175 923593 24344 718795 -30621 -6153747 0 1520 7037 -42890 130107927
"200603" 44277850 62410 2200 28065 1106807 144493 1491113 4790969 2055870 2168152 2096401 6627904 1191464 1133472 12153401 3145558 241321 14720341 97437790 11041 22534526 8634920 -10019 926092 38410 809792 -30893 -6454920 0 2693 6581 -5708 133336249
"200604" 45351370 62224 2200 28064 1084987 186140 1507259 4945083 2050763 2312139 2147928 7068292 1249932 1163730 12750581 3195918 237010 15659214 101002833 11041 24339292 8792921 -10142 886336 19332 856877 -48136 -6572913 0 57 7407 159208 138848062
"200701" 46523391 62909 2200 28166 1156945 48982 1486306 5086042 2122894 2372322 2355094 7328692 1288976 1172739 12922118 3244871 225734 15860112 103288492 11041 25036145 8771630 -10205 960759 31520 939003 -72963 -7068173 0 1308 6056 102193 142217809
"200702" 47542086 62512 2200 27835 1247892 63912 1482710 5123572 2149468 2466334 2393733 7805235 1379506 1191134 13442288 3330977 205277 16232750 106149421 11041 26420986 8931197 -10686 1047251 18359 979418 -109550 -7505240 0 -839 6444 65177 147022311
"200703" 48879947 65657 2200 27484 1311783 109282 1482763 5178047 2284756 2779512 2376392 7989334 1374518 1199551 13582128 3367129 195127 16398802 108604411 11041 26679292 8937235 -11155 1073711 17609 940624 -134223 -7908081 0 761 6235 53180 150193318
"200704" 50041559 67266 2200 27383 1342026 88593 1532933 5224513 2382210 3033062 2156517 7828984 1526416 1201518 13390748 3397966 167747 17474212 110885853 11041 25576011 8760522 -11298 1083878 21125 620792 -174783 -7228997 0 2775 7259 110693 150801982
"200801" 50802468 72780 2200 27156 1233022 35443 1521725 5383688 2461217 3382546 2159920 7336357 1647051 1187232 12624344 3407474 173185 18528153 111985960 11041 23302336 8504834 -11523 960088 16376 717849 -183329 -6901132 0 5947 7086 54468 149138342
"200802" 51249696 72703 2200 27039 1123211 143250 1533984 5416210 2418576 3318248 1888013 7412256 1564903 1196350 12555534 3403198 131623 18793420 112250413 11041 22787709 8183300 -11638 877523 10088 496751 -240152 -6527857 0 1678 6786 26631 148592653
"200803" 52066107 68424 2200 26742 999941 562041 1941907 5534675 2387632 3355284 1653101 6614282 1685174 1197701 11807993 3356078 124980 20277189 113661451 11041 20150482 7938585 -11933 762322 -11622 307111 -259493 -5371137 0 2052 5843 45817 146292599
"200804" 52435410 74154 2200 26551 939912 1890529 2101314 5749320 2191599 3757259 1261068 5435286 1128468 1179835 10408481 3255851 40135 19655454 111532825 11041 15678309 7319346 -12123 729441 51676 27730 -349117 -5098966 0 1159 5276 115595 139070850
"200901" 52744456 71242 2200 26550 878771 1633204 1966697 5918674 2154514 3738663 1060951 5107780 1017204 1182970 9885947 3204270 42643 19990561 110627297 11041 13741444 6885679 -15711 720010 58296 -55632 -355159 -5387829 0 -232 4920 102743 136194054
"200902" 52496645 78052 2200 26549 818626 1131546 2082298 5936974 2151009 3584578 1273002 5856859 999082 1204511 10656057 3210996 32084 19073637 110614705 11041 16318826 6647151 -15878 654695 93200 265252 -371956 -5779730 0 1194 4763 81326 138658857
"200903" 52320831 179208 5200 26299 792572 1294102 2060006 6131129 2025170 3362986 1339522 6625356 1067511 1227299 11547887 3238839 59341 18765524 112068780 11041 19205788 6603895 -16265 613764 65983 343140 -357838 -5869316 0 2500 3817 109732 142993987
"200904" 52253027 175083 5200 26199 768334 1282595 2093410 6326496 1989792 3258599 1446253 6961579 1091181 1242054 11926597 3271088 39442 19915292 114072221 11041 20002958 6374502 -16492 591755 86110 406987 -376621 -5200257 0 2035 4246 232847 144730111
"201001" 51935115 170097 5200 26199 777256 1201294 2067070 6459421 1887769 2930749 1452201 7295032 1108758 1263669 12304409 3325468 50846 19926520 114187072 11041 21084652 6456198 -16546 597168 58923 460872 -370045 -5078198 0 1379 3305 182069 145900036
"201002" 51955387 165701 5200 26198 848139 1143994 2173052 6443417 1799292 2760411 1313263 6764196 1146077 1265420 11607762 3402961 46073 20747100 113613642 11041 18655863 6614913 -17007 653262 72855 434339 -383820 -4830923 0 -583 3425 186306 142777604
"201003" 52280475 177015 5200 25923 899328 1031367 2181077 6541784 1835015 2746132 1313443 7376226 1176070 1299980 12261885 3445417 62835 20181460 114840632 11041 20986458 6513325 -17488 674364 67489 389999 -379585 -5490709 0 1551 3494 210064 146892278
