"DATES" "FL724090005.Q" "FL723020005.Q" "FL724005005.Q" "FL723069175.Q" "FL723061100.Q" "FL723061705.Q" "FL723061753.Q" "FL723061763.Q" "FL723061795.Q" "FL723062000.Q" "FL723063005.Q" "FL723065773.Q" "FL723063663.Q" "FL723063095.Q" "FL723068005.Q" "FL723065005.Q" "FL723066000.Q" "FL723067003.Q" "FL723064105.Q" "FL723064203.Q" "FL293169723.Q" "FL723090005.Q" "FL724190005.Q" "FL724110005.Q" "FL713022003.Q" "FL713068705.Q" "FL724112005.Q" "FL724116005.Q" "FL723127005.Q" "FL723123005.Q" "FL723122605.Q" "FL723129205.Q" "FL723131005.Q" "FL723135005.Q" "FL722150005.Q" "FL723169175.Q" "FL723163003.Q" "FL723169305.Q" "FL723178003.Q" "FL723190005.Q" "FL723194733.Q" "FL723193005.Q" "FL724004005.Q" "FL723066303.Q"
"195201" 156710 22696 132830 461 61120 1653 0 0 1653 9475 2408 0 0 2408 30488 14715 10210 2300 0 0 366 818 145593 2163 710 157 614 682 101580 5560 1034 94986 34753 4515 100 370 0 0 713 1399 0 1399 130896 0
"195202" 158080 21777 135004 400 61178 1509 0 0 1509 9846 2479 0 0 2479 30495 15031 10988 3078 0 0 333 966 146725 1909 581 44 606 678 102076 5837 1140 95099 35594 4612 32 336 0 0 684 1482 0 1482 132259 0
"195203" 161468 23111 137178 493 61610 1888 0 0 1888 10196 2350 0 0 2350 31182 15443 11516 2500 0 0 363 816 150019 2754 738 355 1048 613 103807 6180 1452 96175 36170 4523 2 367 0 0 791 1605 0 1605 135041 0
"195204" 166212 22703 142223 472 63318 2110 0 0 2110 10189 2217 0 0 2217 32779 15720 12255 3163 0 0 394 892 154622 2494 967 127 815 585 107542 4941 1275 101326 37011 4714 22 398 0 0 793 1648 0 1648 139454 0
"195301" 163784 22698 139966 425 60470 2034 0 0 2034 10527 2220 0 0 2220 32597 15932 13061 2700 0 0 364 756 152128 2864 810 690 706 658 104072 5530 1156 97386 37521 4752 173 368 0 0 713 1665 0 1665 137630 0
"195302" 161964 22151 138555 331 58644 1594 0 0 1594 10529 2187 0 0 2187 32579 16237 13661 2793 0 0 342 916 150038 2068 601 54 774 639 101818 3634 1088 97096 38434 4964 9 346 0 0 628 1771 0 1771 136104 0
"195303" 166724 21959 143567 431 62200 1781 0 0 1781 10679 2233 0 0 2233 32924 16489 13930 2900 0 0 412 786 154577 2686 685 329 994 678 104799 5870 1049 97880 39019 4978 9 416 0 0 736 1934 0 1934 141079 0
"195304" 170411 22672 146377 477 63426 3601 0 0 3601 10821 2234 0 0 2234 31544 16699 14012 3563 0 0 458 904 158250 2353 935 13 901 504 107644 4146 948 102550 39524 5614 37 463 0 0 967 1648 0 1648 143272 0
"195401" 166439 21824 143516 630 60650 3983 0 0 3983 11414 2334 0 0 2334 31064 16819 13622 3000 0 0 464 635 154114 1695 535 132 596 432 103309 5060 894 97355 39945 6233 -58 469 0 0 847 1674 0 1674 140980 0
"195402" 170222 21671 147068 614 63508 3163 0 0 3163 11932 2173 0 0 2173 30734 17231 13995 3718 0 0 471 1012 157639 1965 567 22 969 407 105064 5591 945 98528 40986 6665 24 476 0 0 690 1769 0 1769 143821 0
"195403" 173598 21161 151036 751 67330 1798 0 0 1798 12345 2118 0 0 2118 31077 17769 14048 3800 0 0 487 914 160887 2260 511 174 1165 410 106729 4120 724 101885 41439 7055 115 492 0 0 877 1920 0 1920 147723 0
"195404" 179674 21345 156572 707 68981 3551 0 0 3551 12586 2159 0 0 2159 31439 18421 14274 4454 0 0 698 1059 166626 2069 808 10 868 383 112081 4172 1075 106834 42168 6752 -20 706 0 0 941 1929 0 1929 152816 0
"195501" 176278 21218 153476 631 64180 3643 0 0 3643 13009 2079 0 0 2079 32242 18965 14627 4100 0 0 646 938 163168 2235 552 598 667 418 108542 4070 840 103632 42557 6712 -22 652 0 0 735 1757 0 1757 150022 0
"195502" 178299 20747 155911 502 63271 2736 0 0 2736 12788 1971 0 0 1971 34572 19769 15831 4471 0 0 524 1117 165007 2321 850 75 971 425 109610 5078 906 103626 43134 6796 -117 530 0 0 530 2203 0 2203 151964 0
"195503" 180465 21435 157325 525 62020 2181 0 0 2181 12835 1874 0 0 1874 36818 20358 16514 4200 0 0 537 1168 167014 2967 788 649 1052 478 110353 4220 855 105278 43488 6656 -26 542 0 0 575 2459 0 2459 153662 0
"195504" 184900 21687 161599 457 61592 2882 0 0 2882 12698 1846 0 0 1846 39084 20813 17190 5037 0 0 514 1100 171304 3315 1585 107 1172 451 114202 3709 981 109512 43811 6446 -205 518 0 0 565 2652 0 2652 157076 0
"195601" 182923 21472 159832 493 58600 2840 0 0 2840 12774 1763 0 0 1763 40203 21193 17466 4500 0 0 528 1091 169124 2924 793 706 900 525 111789 6170 1087 104532 44236 6356 -16 534 0 0 528 2773 0 2773 155860 0
"195602" 183192 20716 160723 442 56620 2259 0 0 2259 12829 1679 0 0 1679 42297 21789 18375 4433 0 0 547 1206 169064 2738 1206 232 926 374 110949 5232 1161 104556 45074 6526 -232 553 0 0 463 2993 0 2993 156837 0
"195603" 185818 21756 162174 528 56950 2007 0 0 2007 12964 1656 0 0 1656 43128 22296 18645 4000 0 0 644 1244 171386 3422 1060 573 1239 550 111629 5110 1063 105456 45584 6374 68 650 0 0 704 2955 0 2955 158818 0
"195604" 190476 22320 166112 500 58552 2399 0 0 2399 12901 1429 0 0 1429 44679 22510 18861 4281 0 0 774 1270 176072 3522 1665 25 1282 550 115934 3733 1258 110943 46125 6186 -210 782 0 0 871 2862 0 2862 162605 0
"195701" 189183 21260 165909 482 58615 2443 0 0 2443 13069 1455 0 0 1455 44963 22456 18826 3600 0 0 815 1199 174611 2563 807 592 681 483 113143 6385 935 105823 47892 6434 151 823 0 0 796 2809 0 2809 163124 0
"195702" 189736 21578 165944 433 55500 2057 0 0 2057 13306 1480 0 0 1480 47098 22541 19629 3900 0 0 783 1431 174984 3071 1029 824 850 368 111522 4490 1443 105589 49304 6458 4 791 0 0 688 3146 0 3146 162827 0
"195703" 193554 21634 169449 516 58620 1827 0 0 1827 13495 1524 0 0 1524 46780 22881 20006 3800 0 0 958 1513 178462 3125 985 776 1041 323 113286 6330 1441 105515 50305 6512 114 967 0 0 823 3330 0 3330 166607 0
"195704" 195977 22369 171160 610 58239 2410 0 0 2410 13915 1566 0 0 1566 46859 23108 20232 4221 0 0 1046 1402 180708 2665 1424 50 939 252 115203 3898 1558 109747 51322 6462 -313 1056 0 0 952 3361 0 3361 167985 0
"195801" 195578 21316 171726 973 59550 3082 0 0 3082 14512 1612 0 0 1612 44930 23161 19706 4200 0 0 1223 1313 180019 1240 704 118 82 336 112363 5560 1224 105579 52772 8573 -375 1235 0 0 1013 3198 0 3198 168749 0
"195802" 202894 21585 178355 1013 62740 2541 0 0 2541 15808 1863 0 0 1863 45091 23708 20191 5400 0 0 1082 1872 187089 1230 796 128 -95 401 116532 9460 1473 105599 54455 9845 -291 1093 0 0 819 3406 0 3406 174037 0
"195803" 203543 21241 179867 1013 64720 2760 0 0 2760 16342 1595 0 0 1595 44972 24435 20330 3700 0 0 1025 1410 187395 2278 949 337 652 340 114180 4220 1078 108882 55923 9382 67 1035 0 0 894 3636 0 3636 177192 0
"195804" 210764 21753 186476 818 66376 2985 0 0 2985 16505 1523 0 0 1523 47646 25251 20711 4661 0 0 955 1580 194602 2561 1296 46 1047 172 120791 4250 1529 115012 56696 9069 -252 965 0 0 929 3843 0 3843 182770 0
"195901" 206815 21284 183076 822 63160 2475 0 0 2475 16713 1545 0 0 1545 47456 25900 21105 3900 0 0 843 1612 190478 2673 746 572 981 374 115427 3590 1422 110415 57702 8982 88 852 0 0 810 3944 0 3944 180019 0
"195902" 210131 21448 186367 656 60860 2028 0 0 2028 16886 1545 0 0 1545 50966 26872 22454 4100 0 0 786 1530 193570 3413 846 892 1307 368 116368 4420 1586 110362 59026 8594 534 794 0 0 566 4275 0 4275 183053 0
"195903" 212264 21000 188403 752 59230 1958 0 0 1958 16989 1542 0 0 1542 52770 27546 23516 4100 0 0 763 2098 195374 3052 951 329 1483 289 118456 6140 1479 110837 59934 7829 255 771 0 0 522 4555 0 4555 185066 0
"195904" 215759 21186 191819 711 58937 1864 0 0 1864 16958 1444 0 0 1444 54798 28059 24180 4868 0 0 921 1833 198836 3844 1590 453 1390 411 121810 5050 1525 115235 60236 7305 -28 930 0 0 469 4270 0 4270 187872 0
"196001" 209915 21076 185793 755 54160 1607 0 0 1607 16945 1364 0 0 1364 54873 28141 24448 3500 0 0 1093 1953 192759 3192 823 815 1006 548 115276 4410 1086 109780 60268 7233 968 1104 0 0 592 4126 0 4126 183386 0
"196002" 213121 21018 189153 826 54210 1579 0 0 1579 16716 1311 0 0 1311 56759 28375 25577 3800 0 0 1106 1844 195602 3131 868 267 1176 820 117710 7030 1354 109326 61326 7691 405 1117 0 0 769 3453 0 3453 186459 0
"196003" 218607 21598 193781 959 57690 1710 0 0 1710 17108 1321 0 0 1321 55816 28601 26176 4400 0 0 1334 1894 200751 3909 987 593 1392 937 119776 7440 1385 110951 62726 8485 228 1348 0 0 1131 3148 0 3148 190715 0
"196004" 224987 20427 201076 1114 61003 2261 0 0 2261 17569 1263 0 0 1263 57614 28712 26423 5117 0 0 1622 1862 206839 4261 1868 25 1564 804 123722 5945 1649 116128 62504 10832 -262 1638 0 0 1468 2676 0 2676 197581 0
"196101" 221337 19622 198202 1321 59670 2411 0 0 2411 18469 1261 0 0 1261 55337 28765 26968 4000 0 0 1785 1728 203073 2829 755 106 1095 873 117591 4160 2106 111325 65070 11163 52 1802 0 0 1378 3188 0 3188 195987 0
"196102" 226863 19619 202943 1413 61824 2405 0 0 2405 18115 1126 0 0 1126 56546 29279 27308 4927 0 0 1817 2484 208093 3246 1171 35 1026 1014 119271 6362 2002 110907 67306 12358 30 1835 0 0 967 3080 0 3080 199833 0
"196103" 234031 20180 209944 1697 66126 2354 0 0 2354 19641 1099 0 0 1099 56655 29809 27463 5100 0 0 1938 1969 214825 3852 1300 82 1464 1006 123221 7750 2136 113335 68058 13452 274 1957 0 0 783 3228 0 3228 206782 0
"196104" 242391 21076 217242 2019 66578 2939 0 0 2939 20345 1103 0 0 1103 59878 30321 27869 6190 0 0 2146 1927 223045 5456 2300 115 2262 779 128746 5946 2586 120214 69471 13239 14 2168 0 0 577 3374 0 3374 213198 0
"196201" 239749 20686 215408 1908 64440 3189 0 0 3189 21715 1152 0 0 1152 59040 30708 27856 5400 0 0 1998 1657 220307 3261 918 170 1159 1014 121985 6260 2884 112841 73020 15268 173 2018 0 0 707 3875 0 3875 212006 0
"196202" 246634 20391 222159 1687 64443 3575 0 0 3575 23165 1038 0 0 1038 61496 32039 29457 5259 0 0 1874 2210 226714 3654 1462 43 1141 1008 124344 9554 2814 111976 76436 15907 55 1892 0 0 741 3685 0 3685 218774 0
"196203" 251058 21375 225883 1826 64250 3213 0 0 3213 24093 1015 0 0 1015 62477 33256 29953 5800 0 0 1825 1975 230941 5182 1641 762 1814 965 124443 8090 2364 113989 79275 15279 264 1843 0 0 974 3681 0 3681 221908 0
"196204" 263634 21973 237336 1867 66434 4352 0 0 4352 25460 1118 0 0 1118 66105 34287 30563 7150 0 0 2120 2205 243180 5080 2903 37 1531 609 133317 7158 2740 123419 82207 16073 63 2141 0 0 1072 3227 0 3227 232306 0
"196301" 259283 20620 234823 1982 64840 4254 0 0 4254 26335 1187 0 0 1187 64088 35042 31095 6000 0 0 2071 1769 238811 3324 1223 194 810 1097 125274 7330 2470 115474 84848 17847 433 2092 0 0 1082 3911 0 3911 230894 0
"196302" 267429 20448 242336 1928 63542 4339 0 0 4339 27817 1130 0 0 1130 67298 36729 32675 6878 0 0 2158 2487 246465 3604 1638 96 992 878 129328 11060 2804 115464 88043 18129 288 2179 0 0 805 4089 0 4089 237616 0
"196303" 270621 21171 245264 1791 61810 4525 0 0 4525 28955 959 0 0 959 68067 38142 33615 7400 0 0 2167 2019 249710 4203 1435 465 1439 864 128528 8850 2786 116892 90169 18437 342 2189 35 0 778 5029 0 5029 240031 0
"196304" 281177 21308 255510 1885 63240 4683 0 0 4683 29972 775 0 0 775 73195 39183 34677 7900 0 0 2312 2047 260739 4812 2600 31 1521 660 135577 6548 3064 125965 92671 19956 26 2335 233 0 621 4508 0 4508 249922 0
"196401" 278627 21111 253680 2045 61500 4136 0 0 4136 30760 1222 0 0 1222 71460 39954 35503 7100 0 0 2482 1354 257796 3385 1497 55 980 853 129182 7870 3159 118153 94706 21703 356 2506 420 0 818 4720 0 4720 249062 0
"196402" 287351 21512 261521 1955 59322 4342 0 0 4342 31419 1304 0 0 1304 75923 41384 37642 8230 0 0 2519 1799 265706 3205 1633 79 857 636 133235 10257 3484 119494 97647 22261 457 2544 533 0 756 5068 0 5068 255810 0
"196403" 292984 21901 266541 2166 60710 4314 0 0 4314 32682 1283 0 0 1283 75838 42665 38783 8100 0 0 2540 2002 271234 4018 1567 93 1584 774 134858 9200 3680 121978 99882 22833 75 2566 677 0 784 5541 0 5541 260981 0
"196404" 305820 22382 278672 2338 62991 5206 0 0 5206 33534 1263 0 0 1263 81516 43675 39765 8384 0 0 2708 2058 283574 4706 2606 156 1167 777 141532 6510 3897 131125 102468 24696 540 2735 773 0 834 5290 0 5290 272996 0
"196501" 305697 22117 278783 1863 59040 5343 0 0 5343 34892 1316 0 0 1316 83367 44480 40682 7800 0 0 2660 2137 283380 3759 1114 109 1314 1222 134683 8350 3825 122508 106906 26699 773 2686 893 0 673 6308 0 6308 273643 0
"196502" 317268 23207 289019 2057 56853 5218 0 0 5218 36541 1370 0 0 1370 88659 46210 43133 8978 0 0 2684 2358 294285 4829 1349 646 1668 1166 139612 11796 3740 124076 109851 28093 850 2711 1490 0 592 6257 0 6257 282725 0
"196503" 319915 23167 291810 2129 55930 5376 0 0 5376 37894 1239 0 0 1239 90212 47996 44334 6700 0 0 2651 2287 296889 4505 1405 123 1650 1327 137153 7370 3940 125843 113170 29389 1136 2678 1517 0 683 6658 0 6658 287761 0
"196504" 336035 23298 307420 1787 59547 5794 0 0 5794 38655 1115 0 0 1115 97520 49301 45212 8489 0 0 2714 2603 312522 5017 2248 96 1572 1101 146990 5525 4065 137400 116662 30535 1749 2741 1590 0 702 6536 0 6536 301645 0
"196601" 332316 23411 303793 1827 55430 5926 0 0 5926 39605 1034 0 0 1034 96840 50260 45871 7000 0 0 2710 2402 308803 4468 1388 579 1058 1443 139126 5120 3950 130056 119887 31878 943 2738 1633 0 947 7183 0 7183 299503 0
"196602" 346533 23798 316497 1499 53503 6553 0 0 6553 40612 1028 0 0 1028 105385 51902 47382 8633 0 0 2736 3502 322337 5798 1957 287 2013 1541 145591 10997 3797 130797 124214 32481 1399 2763 1694 0 549 7848 0 7848 310600 0
"196603" 345165 23900 315619 1562 53610 5726 0 0 5726 41440 1078 0 0 1078 104096 53188 47919 7000 0 0 2696 2950 320879 7804 1647 979 2401 2777 138974 6000 4025 128949 125920 32928 1592 2723 1694 0 550 8694 0 8694 311315 0
"196604" 356417 25244 325231 1703 56163 6093 0 0 6093 41004 1130 0 0 1130 108010 53922 48182 9024 0 0 2882 3060 331698 8707 2510 173 2267 3757 148597 4992 4251 139354 127701 32820 1674 2911 1694 0 671 6923 0 6923 319089 0
"196701" 357153 24589 327053 2360 57830 6651 0 0 6651 43402 1409 0 0 1409 105038 54033 48030 8300 0 0 2963 2548 332380 5381 1260 29 989 3103 141810 5520 4150 132140 133800 35939 1364 2993 1897 0 823 8373 0 8373 321716 0
"196702" 367229 24359 336476 2552 54233 7607 0 0 7607 46872 1682 0 0 1682 110468 55192 49622 8248 0 0 3305 3089 341821 6170 1345 53 1886 2886 144371 5152 4066 135153 139383 36485 1241 3338 1920 0 508 8405 0 8405 331533 0
"196703" 378314 26291 345858 2816 60090 7949 0 0 7949 48045 1777 0 0 1777 108128 56902 50851 9300 0 0 3317 2848 353066 7912 1235 171 2739 3767 148650 7022 4300 137328 143702 36964 788 3350 1955 0 583 9162 0 9162 339875 0
"196704" 396278 27023 362007 2650 62473 9130 0 0 9130 50006 1868 0 0 1868 115305 58400 51691 10484 0 0 3454 3794 369874 9482 2483 141 2945 3913 160572 5234 4562 150776 145762 38622 1659 3488 1963 0 590 7736 0 7736 354977 0
"196801" 393753 27482 358572 2935 61200 9430 0 0 9430 51331 1917 0 0 1917 111627 59470 51962 8700 0 0 3469 4230 367285 8691 1344 1390 1296 4661 150422 5320 4480 140622 150491 39476 1460 3503 1963 0 579 10700 0 10700 353341 0
"196802" 403265 26652 369073 2620 58604 9325 0 0 9325 52634 1975 0 0 1975 119074 61287 54327 9227 0 0 3429 4111 375952 11396 1938 292 3231 5935 154770 4970 4402 145398 153466 37750 3152 3463 2139 0 490 9326 0 9326 363275 0
"196803" 419259 29073 381937 3025 62540 9726 0 0 9726 55444 2031 0 0 2031 118153 63068 56550 11400 0 0 3462 4787 391881 13312 1770 1565 3157 6820 159770 9040 4600 146130 157357 41371 3800 3496 2222 0 582 9971 0 9971 373999 0
"196804" 439697 29054 401678 2606 64466 10426 0 0 10426 58573 2128 0 0 2128 128252 64959 58464 11804 0 0 3542 5423 411512 13188 3482 188 3816 5702 172726 5010 4836 162880 159676 45208 2586 3578 2221 0 539 11790 0 11790 393416 0
"196901" 430958 28556 393567 2919 58510 10103 0 0 10103 58763 2145 0 0 2145 126764 66366 59197 8800 0 0 3571 5264 403705 15192 2034 997 2862 9299 158051 5510 4825 147716 162934 40702 5486 3607 2097 0 674 14962 1000 13962 388338 0
"196902" 441717 27066 404546 3069 54044 10143 0 0 10143 60081 1717 0 0 1717 135240 68272 61695 10285 0 0 3904 6201 414804 21201 1472 1049 5702 12978 164970 5639 4814 154517 163489 37898 6519 3943 2009 0 541 14234 2000 12234 398165 0
"196903" 438702 29458 399344 3145 53200 9329 0 0 9329 59720 1653 0 0 1653 131868 69526 62703 8200 0 0 4186 5714 413022 17111 2313 1526 4097 9175 161884 7610 5000 149274 164239 31191 9395 4227 2015 0 649 22311 3000 19311 395330 0
"196904" 452520 29405 413541 3021 54709 10086 0 0 10086 59183 1591 0 0 1591 141029 69832 63395 10695 0 0 4361 5213 427011 19899 3440 183 4110 12166 177372 5054 5205 167113 165771 29453 8707 4405 2037 0 617 18750 4000 14750 407207 0
"197001" 441136 29508 401810 2965 51520 10434 0 0 10434 60161 1579 0 0 1579 133578 70247 62526 8800 0 0 4282 5536 416513 18836 2237 1554 3975 11070 160688 6140 5225 149323 167275 30274 9169 4325 2060 0 1027 22859 5000 17859 397292 0
"197002" 452740 29081 412935 3221 51569 10489 0 0 10489 62885 1795 0 0 1795 140416 70661 64022 7877 0 0 4778 5946 428070 18992 2562 330 5715 10385 168108 8076 5238 154794 171742 33744 6315 4826 2093 0 769 21481 6000 15481 409836 0
"197003" 468028 31198 425982 3762 55750 11433 0 0 11433 65656 2086 0 0 2086 140819 71742 65434 9300 0 0 4678 6170 445351 18140 2313 853 5832 9142 167348 8470 5500 153378 174088 47421 5095 4725 2110 0 942 25482 8000 17482 421360 0
"197004" 489671 31197 448047 4064 61742 13927 0 0 13927 69637 2372 0 0 2372 146052 72492 65625 12136 0 0 5646 4781 468410 16032 4261 335 5363 6073 182498 7938 5729 168831 179924 52562 4650 5703 2135 0 957 23949 10000 13949 441557 0
"197101" 493997 33162 448963 4517 61620 14701 0 0 14701 74084 2726 0 0 2726 141773 73615 65927 10000 0 0 5738 6134 473826 13167 2550 391 7254 2972 167915 4520 5425 157970 191411 57436 5776 5796 2550 0 1185 28590 11000 17590 444701 0
"197102" 509371 32184 465902 4246 60254 16304 0 0 16304 77266 3084 0 0 3084 150373 75776 68903 9696 0 0 6116 5169 488756 13181 2549 446 8547 1639 178626 8412 5098 165116 198473 57035 5723 6177 2638 0 750 26153 12000 14153 462322 0
"197103" 519032 33524 473146 4359 58740 16436 0 0 16436 79374 3346 0 0 3346 150033 79118 71740 10000 0 0 6518 5844 500317 11156 2527 382 6336 1911 176425 8920 5175 162330 201959 61119 8856 6583 2775 0 862 30582 14000 16582 469664 0
"197104" 545319 35329 499105 4505 64930 17936 0 0 17936 82420 3606 0 0 3606 156872 81600 74325 12911 0 0 6311 4574 526782 8986 4343 39 3587 1017 195471 10169 5233 180069 208493 64972 8666 6374 2990 0 930 29900 15000 14900 492505 0
"197201" 551085 36521 502647 3873 62500 18755 0 0 18755 84916 4058 0 0 4058 156202 84697 75646 12000 0 0 6388 5529 533520 2938 2673 1030 -1503 738 189445 8740 5580 175125 217888 65871 12774 6452 3486 0 885 33781 16000 17781 497035 0
"197202" 568465 34281 522761 3698 60258 19633 0 0 19633 86598 4518 0 0 4518 165231 89219 80008 13598 0 0 5655 5768 550283 4388 3299 130 54 905 194532 9083 5957 179492 222105 71649 13113 5712 3623 0 600 34561 17000 17561 514818 0
"197203" 584270 35532 536166 3443 60290 19866 0 0 19866 88585 4761 0 0 4761 167051 94077 83393 14700 0 0 5282 7290 568096 1358 3742 842 -4019 793 198483 9470 6293 182720 226997 77669 14307 5334 3760 0 730 39458 19000 20458 526748 0
"197204" 616313 34295 570476 4265 66945 21709 0 0 21709 89529 4838 0 0 4838 180390 98390 87001 17409 0 0 5518 6024 600741 5005 3974 1981 -1419 469 218373 10870 6340 201163 232997 82110 10836 5574 4127 0 730 40989 21000 19989 558585 0
"197301" 627847 35762 579639 2965 61088 21757 0 0 21757 90187 4775 0 0 4775 193519 102608 89240 13500 0 0 5487 6959 612851 1400 2121 2028 -2940 191 204024 11382 6081 186561 239950 94371 18307 5542 4059 0 1005 44193 22000 22193 571626 0
"197302" 649042 32484 604530 2619 57773 24065 0 0 24065 91305 4691 0 0 4691 208455 108185 94107 13330 0 0 5790 6238 632850 1202 2048 1770 -3241 625 209270 10423 6687 192160 244059 101253 21842 5847 3959 0 715 44703 23000 21703 596990 0
"197303" 673402 40633 618782 3362 54984 26642 0 0 26642 92124 4947 0 0 4947 213312 113783 97529 12099 0 0 6536 7451 657470 5419 3036 4522 -2334 195 204901 8203 6918 189780 239702 120075 27441 6602 3940 0 815 48575 24000 24575 613219 0
"197304" 696289 37748 646008 3525 58177 29096 0 0 29096 95139 5211 0 0 5211 222701 117980 99620 14559 0 0 7114 5419 680606 -932 3099 1258 -4847 -442 230851 9862 8566 212423 245620 119165 27090 7185 4135 0 815 46677 25000 21677 638563 0
"197401" 704281 38119 652283 3682 57389 29840 0 0 29840 97152 5306 0 0 5306 227390 120730 99294 11500 0 0 8133 5746 689785 3723 2222 2033 -2892 2360 210594 8607 9024 192963 254777 124418 32223 8214 4200 0 1075 50561 27000 23561 648916 0
"197402" 730909 38441 679185 3984 51981 31176 0 0 31176 99849 5425 0 0 5425 246311 126106 102221 12132 0 0 10539 2744 716522 5271 2297 3210 107 -343 211926 8364 9477 194085 256302 141724 34379 10645 4310 0 775 51190 29000 22190 677592 0
"197403" 747691 43763 686701 4123 50550 31823 0 0 31823 98963 5555 0 0 5555 250347 129118 104123 12099 0 0 12828 4399 735337 4737 3721 5192 -1764 -2412 209527 7377 9558 192592 255244 154439 37170 12956 4300 0 940 56024 31000 25024 687430 0
"197404" 757468 37483 702333 4297 54286 32590 0 0 32590 100369 6218 0 0 6218 257506 130493 102989 13585 0 0 14787 2865 744578 -6151 2001 299 -5774 -2677 229526 4804 10637 214085 263701 157390 28477 14935 4290 0 940 51470 32000 19470 703535 0
"197501" 754114 40999 689223 5675 59183 33106 0 0 33106 99708 6833 0 0 6833 242543 130151 100425 11599 0 0 14984 8908 742691 -8360 2163 813 -3553 -7783 209558 3945 9117 196496 274177 155745 30747 15134 4320 0 1115 60255 34000 26255 692608 0
"197502" 764137 36060 705710 5105 68064 33730 0 0 33730 101439 7445 0 0 7445 244959 131097 101549 12322 0 0 14192 8175 753020 -15787 1791 561 -6365 -11774 222066 3110 9895 209061 286136 146813 32317 14334 4347 0 615 62179 36000 26179 707580 0
"197503" 773708 40531 708775 5864 75183 33898 0 0 33898 101462 7719 0 0 7719 238022 132601 104026 10000 0 0 13432 10970 764595 -8691 2406 1402 -3560 -8939 217727 3175 9677 204875 294493 144288 33680 13566 4430 0 615 64487 38000 26487 712207 0
"197504" 792680 38304 732803 7687 83874 34238 0 0 34238 102003 7983 0 0 7983 242051 134313 106055 14599 0 0 14982 6591 784927 -13451 3688 229 -6277 -11091 236537 3112 10178 223247 303497 144070 29930 15131 4479 0 615 64119 39000 25119 733186 0
"197601" 791816 39407 727951 6690 89183 34424 0 0 34424 100133 7804 0 0 7804 232955 137752 105611 13399 0 0 15121 9337 782285 -13592 2110 54 -2612 -13144 219247 2378 9721 207148 320985 134788 32740 15272 4650 0 615 67580 40000 27580 729673 0
"197602" 811414 39441 747755 6683 91160 34093 0 0 34093 102971 7625 0 0 7625 239344 141802 110077 14000 0 0 15826 8392 801951 -17250 3577 314 -4287 -16854 229736 4626 9892 215218 328982 133674 37969 15985 4901 0 615 67339 41000 26339 749581 0
"197603" 823939 42003 756301 7417 93093 34966 0 0 34966 103315 7490 0 0 7490 235240 145948 114633 14199 0 0 15679 9956 814967 -16004 2811 326 -1860 -17281 225169 5678 10630 208861 340190 128177 46839 15836 5000 0 615 69145 42000 27145 757781 0
"197604" 853300 37279 793771 10458 101954 35713 0 0 35713 104606 7342 0 0 7342 245358 149510 118043 20787 0 0 18018 4232 844983 -22761 2601 25 -5411 -19976 247535 3023 11857 232655 357988 128428 43820 18198 5161 0 615 65999 43640 22359 791002 0
"197701" 864277 39007 798270 7659 104163 34780 0 0 34780 105871 7188 0 0 7188 247325 153343 119842 18099 0 0 18155 8845 856474 -22178 2913 149 -3382 -21858 233691 3426 11159 219106 375100 127079 47615 18337 5210 0 648 70972 45000 25972 798326 0
"197702" 890522 37287 824793 7887 101198 35742 0 0 35742 110094 7060 0 0 7060 255401 161174 127616 18621 0 0 18752 9690 882604 -20397 3604 260 -1251 -23010 240773 2820 11425 226528 381037 128323 53199 18939 5393 0 700 74637 46000 28637 824924 0
"197703" 909915 35279 847489 7897 99186 35594 0 0 35594 113229 6939 0 0 6939 260069 169315 134369 20891 0 0 18654 8493 901650 -18055 1956 1292 -5405 -15898 240175 5294 11215 223666 385580 136017 55330 18840 5550 0 756 77457 47000 30457 845252 0
"197704" 944609 40792 877290 10577 99801 36599 0 0 36599 113819 7038 0 0 7038 269474 177116 140302 22564 0 0 20523 6004 938860 -25330 3810 265 -7735 -21670 268987 7315 13533 248139 386098 152191 54381 20729 5715 0 800 75289 50148 25141 875249 0
"197801" 952309 39322 885223 7492 98753 37927 0 0 37927 114192 6839 0 0 6839 275280 182829 143291 18620 0 0 19345 8419 946710 -27552 2732 332 -5289 -25327 244566 3560 12529 228477 394590 162524 63947 19538 5720 0 829 82548 51000 31548 885948 0
"197802" 993241 39319 924175 7341 97374 39770 0 0 39770 117245 6681 0 0 6681 288191 192791 154140 20642 0 0 19431 10316 986702 -25361 3318 1428 -8068 -22039 260119 7960 12855 239304 397627 170369 69504 19626 5816 0 840 88162 52000 36162 922964 0
"197803" 1022901 38497 950342 7906 95441 41573 0 0 41573 120330 6657 0 0 6657 293763 203463 161619 19590 0 0 17562 16500 1015698 -17501 3719 1365 -7049 -15536 259553 7941 12186 239426 402105 178999 73674 17738 5857 0 860 94413 53000 41413 948314 0
"197804" 1066148 46115 983597 8393 93085 43433 0 0 43433 124682 6417 0 0 6417 309168 212324 166512 19583 0 0 20108 16328 1059908 -25247 6516 1172 -13333 -19602 291901 14075 13485 264341 399330 194326 76896 20290 5892 0 915 95605 54934 40671 984122 0
"197901" 1073661 43442 994322 7793 94202 44139 0 0 44139 126742 6539 0 0 6539 309891 217901 168703 18412 0 0 20324 15573 1066046 -12246 4337 963 -9593 -7953 258049 4163 11527 242359 406099 195291 90488 20515 5960 0 1022 100868 56200 44668 996234 0
"197902" 1111878 42879 1029825 8682 92255 45895 0 0 45895 128091 6157 0 0 6157 324650 227029 176177 20889 0 0 21878 17296 1102549 -10320 3924 1558 -13845 -1957 282242 16276 13274 252692 412702 186235 98509 22649 5999 0 1195 103338 57400 45938 1030814 0
"197903" 1143332 41805 1062807 8862 91134 48094 0 0 48094 132102 5916 0 0 5916 337292 236655 182530 20222 0 0 24887 13833 1132674 -15353 2654 1156 -20266 1103 292789 19862 14334 258593 422077 197548 99056 26126 6064 0 1348 103019 58700 44319 1067472 0
"197904" 1173366 47714 1088196 10078 92676 50796 0 0 50796 134238 5870 0 0 5870 347428 242631 185725 18754 0 0 26125 11331 1163389 -19899 6767 1454 -21344 -6776 317512 14475 17041 285996 428780 204489 94304 27343 6116 0 1394 103350 60364 42986 1095567 0
"198001" 1183477 46837 1092572 8673 93296 52262 0 0 52262 134996 5782 0 0 5782 352061 246333 183415 15754 0 0 28858 15210 1172566 -18226 3682 2502 -23611 -799 292131 8099 16462 267570 443416 211104 97232 30041 5991 0 1336 109541 62000 47541 1105676 0
"198002" 1191761 48853 1093650 11058 95367 55233 0 0 55233 138629 5971 0 0 5971 345172 248677 177822 15721 0 0 31350 17908 1180868 -45855 4167 215 -31208 -19029 306173 13026 19375 273772 455220 205416 106539 32952 6331 0 1176 112916 64000 48916 1109279 0
"198003" 1215478 44941 1123622 11294 101972 56910 0 0 56910 143726 6063 0 0 6063 355856 253015 179789 14997 0 0 31371 15544 1204576 -52807 3192 982 -28789 -28192 316860 19090 16177 281593 463164 212499 111818 33148 6339 0 990 112565 66000 46565 1139996 0
"198004" 1266122 46544 1171116 10989 107929 60526 0 0 60526 147396 6379 0 0 6379 379091 258683 180215 19908 0 0 31963 16499 1255142 -59699 4467 1809 -35573 -30402 328203 11917 16873 299413 473566 243818 114827 33574 6281 0 848 113724 67223 46501 1183171 0
"198101" 1270233 42545 1169866 10532 111704 62633 0 0 62633 146440 6529 0 0 6529 375751 261353 176465 18459 0 0 35716 22106 1261502 -64365 3261 656 -33337 -34945 311364 10219 15171 285974 481811 246058 121292 37195 6185 0 740 121222 70200 51022 1187123 0
"198102" 1307120 41031 1205792 11649 111578 64182 0 0 64182 147646 6449 0 0 6449 396767 267566 179065 20890 0 0 36701 23596 1302748 -63146 2506 1010 -32495 -34167 321479 17006 17207 287266 486639 261197 122337 38321 6170 0 641 129110 75381 53729 1221603 0
"198103" 1336805 45011 1230846 10550 108589 68006 0 0 68006 150440 6221 0 0 6221 410554 273207 182849 20430 0 0 38374 22574 1336701 -64209 2811 2486 -37567 -31939 322757 19560 16985 286212 494588 278657 125144 40220 6074 0 556 132914 80600 52314 1248790 0
"198104" 1365161 42535 1262514 10689 109718 70137 0 0 70137 153100 6363 0 0 6363 425727 278000 184193 24587 0 0 40209 19903 1381343 -78617 1762 1601 -46425 -35555 342971 10803 13851 318317 513530 287742 129709 42091 6181 0 484 137252 85938 51314 1278136 0
"198201" 1370037 41576 1272115 13509 113141 71654 0 0 71654 152429 6571 0 0 6571 430177 282211 182922 19501 0 0 40589 15757 1391793 -76417 1882 2646 -43819 -37126 322888 12869 11852 298167 536794 290642 134225 43510 6153 0 435 133563 86500 47063 1293203 0
"198202" 1396487 38983 1297141 10991 110838 74029 0 0 74029 151401 6865 0 0 6865 449923 287330 185223 20541 0 0 43666 16697 1418059 -82908 2545 1638 -42297 -44794 323304 11355 12330 299619 548303 303634 135147 45848 6256 0 407 138068 87672 50396 1320266 0
"198203" 1420860 37969 1320691 11823 113417 75842 0 0 75842 151319 7774 0 0 7774 459421 291145 188072 21878 0 0 43734 18466 1446311 -102044 550 1123 -48108 -55609 338195 20841 11465 305889 563089 311541 137501 46200 6445 0 388 144996 94900 50096 1342547 0
"198204" 1471862 44358 1363994 11701 129167 77649 0 0 77649 157465 8126 0 0 8126 469726 294178 190932 25050 0 0 47179 16331 1528197 -76690 2735 717 -47898 -32244 363860 16864 11605 335391 612348 289554 137936 51600 6788 0 363 142438 102092 40346 1386123 0
"198301" 1479027 39878 1376630 12609 146332 80297 0 0 80297 152570 9505 0 0 9505 469210 296894 186947 22266 0 0 43010 19509 1537304 -90664 486 2808 -51523 -42435 349665 14563 12460 322642 684454 249138 142398 46824 7065 325 344 147755 100000 47755 1397374 0
"198302" 1517196 37214 1413838 12527 160701 80299 0 0 80299 153933 10838 0 0 10838 474647 304213 190915 25765 0 0 46526 19618 1569583 -86117 1020 3610 -46455 -44292 369389 22160 12958 334271 701882 241019 136832 49046 6831 855 330 149516 99864 49652 1434599 0
"198303" 1545525 37169 1441291 12768 166903 79932 0 0 79932 155786 11372 0 0 11372 476254 314562 200673 23041 0 0 48376 18689 1609122 -80566 -60 1625 -47198 -34933 366074 22836 12270 330968 718120 243688 146279 50839 6857 1401 308 156122 108700 47422 1466626 0
"198304" 1603150 41445 1497891 12597 172660 78315 0 0 78315 161308 11749 0 0 11749 497051 323531 213663 27017 0 0 51796 12018 1674331 -69096 1563 918 -47039 -24538 379434 11521 12974 354939 742377 250842 149974 54628 6568 1774 294 157536 117550 39986 1522670 0
"198401" 1663073 37930 1531126 12621 181496 76930 30166 0 46764 160717 13742 360 0 13382 502069 337676 219840 26035 0 0 50115 43902 1687766 -58976 787 896 -38976 -21683 373557 13040 12705 347812 755588 253363 159536 51922 6357 1998 3589 140832 114000 26832 1555206 0
"198402" 1705387 36158 1572808 12263 174161 77052 29338 0 47714 160450 13690 422 0 13268 523445 350412 236045 25290 0 0 55097 41324 1729772 -50712 -655 4760 -36091 -18726 376117 12040 12910 351167 774411 270710 151794 57445 8583 2098 3761 135565 111935 23630 1602615 0
"198403" 1739609 39528 1605582 13249 173613 77752 28972 0 48780 165879 14511 435 0 14076 525079 361595 248051 25853 0 0 50308 44191 1771198 -50793 289 6633 -37416 -20299 378488 24718 12968 340802 786829 281874 153651 52082 7863 2164 3746 155294 124100 31194 1630037 0
"198404" 1799368 43130 1664102 11701 175172 77111 26429 0 50682 173921 14957 372 0 14585 546819 373882 258844 31695 0 0 48949 43187 1837180 -64529 855 3577 -43214 -25747 409662 15546 15956 378160 816828 284743 152015 51056 10127 2284 3584 171410 136446 34964 1681356 0
"198501" 1812770 41793 1680044 8256 186253 76628 25584 0 51044 169156 14886 384 0 14502 546055 382703 267381 28726 0 0 45962 44971 1850644 -53425 298 2582 -40725 -15580 380133 13639 14054 352440 841772 284419 157431 47745 11632 2442 3545 174950 137000 37950 1697280 0
"198502" 1857533 42512 1727176 8990 189942 79001 24731 0 54270 171201 17833 365 0 17468 553160 395367 276513 35169 0 0 42054 45791 1895292 -63090 262 1338 -46111 -18579 407789 24004 15046 368739 866221 277015 160428 44099 12257 2618 3019 184936 138945 45991 1734061 0
"198503" 1899197 44374 1768203 8035 189922 74830 23669 0 51161 182051 17937 507 0 17430 563184 409750 286728 35766 0 0 41260 45360 1937707 -64607 69 2520 -47381 -19815 423353 16652 15624 391077 879205 284344 169899 42755 12917 2796 3070 183975 145500 38475 1773697 0
"198504" 1991527 49569 1847524 8518 182628 74246 23982 0 50264 231146 17227 363 0 16864 574594 423453 297227 38485 0 0 37877 56557 2027802 -55334 988 3060 -44151 -15231 461438 25797 15988 419653 897211 295592 178762 40201 14606 2959 3161 189206 152083 37123 1846916 0
"198601" 1994465 47620 1854531 8617 188100 77828 21387 0 56441 213506 19580 965 0 18615 572989 434922 296270 42719 0 0 35502 56812 2028799 -58046 560 818 -48397 -11027 437932 11948 15779 410205 911913 294263 188378 36604 15301 3102 3188 196164 156650 39514 1847314 0
"198602" 2028664 48608 1889814 7893 186851 86234 28164 0 58070 208265 24758 1572 0 23186 582078 449576 304100 40059 0 0 33683 56559 2060275 -68071 283 952 -48335 -20971 478563 25224 16279 437060 931444 283768 181792 34790 16105 3222 3411 195251 160739 34512 1883438 0
"198603" 2075145 53994 1931389 6478 186234 99328 39114 0 60214 216984 29746 2584 0 27162 578480 467665 311443 35031 0 0 32225 57537 2106500 -65469 849 879 -49159 -18038 478388 28211 16258 433919 950024 286929 196573 33988 16421 3352 3527 202767 163585 39182 1928583 0
"198604" 2167421 66986 2011371 7549 188508 110735 49635 0 61100 202760 35603 3697 0 31906 619622 493859 320187 32548 0 0 30625 58439 2204838 -59878 1261 1565 -44901 -17803 554634 27480 18670 508484 968934 289022 189350 31520 16820 3525 3245 207666 168818 38848 2009448 0
"198701" 2139219 57976 1983148 6141 182953 120498 59083 0 61415 191971 41760 3613 0 38147 587020 512351 309795 30659 0 0 30861 67234 2186106 -36404 5241 1587 -36035 -7197 483616 8649 17150 457817 969972 292323 195059 31871 17196 3658 3139 225676 174746 50930 1983350 0
"198702" 2169507 52685 2027404 6802 182929 125419 61238 0 64181 185014 45979 3545 0 42434 595662 535672 316822 33105 0 0 29810 59608 2224615 -48363 1579 972 -48890 -2024 520554 30924 17528 472102 976247 303703 191656 30679 17320 4267 1471 227081 162430 64651 2024109 0
"198703" 2207002 56052 2065238 5680 188533 130094 64050 0 66044 179431 49327 3781 0 45546 595173 556506 325602 34892 0 0 27777 57935 2273335 -23907 248 1941 -36470 10374 517793 32975 15301 469517 981146 309530 198504 28628 17324 4352 1380 238585 169127 69458 2058123 0
"198704" 2256963 59397 2108416 9003 185449 138629 71892 0 66737 173655 56310 3805 0 52505 603378 578528 334090 29374 0 0 29579 59571 2306553 -39383 811 3815 -44307 298 535501 21644 17225 496632 996195 326675 201317 30506 17486 4513 1197 232546 172575 59971 2108621 0
"198801" 2269371 54734 2128065 6364 185951 145149 75509 0 69640 166383 62681 3047 0 59634 602239 592949 333855 32494 0 0 25506 61066 2320841 -56497 298 2311 -58238 -868 516134 23520 15989 476625 1020982 331736 228691 26267 17379 4477 868 230804 173403 57401 2121077 0
"198802" 2308688 54401 2167717 6479 181107 150708 78808 0 71900 160976 65481 3054 0 62427 616144 615498 341529 29795 0 0 25599 60971 2381962 -45682 259 2464 -57343 8938 538530 32559 17162 488809 1037243 331954 227959 26357 17074 4452 231 243844 181300 62544 2163521 0
"198803" 2348735 54110 2206548 8022 181686 158584 68595 0 89989 157977 66888 2824 0 64064 616983 634876 351421 30111 0 0 26230 61847 2422659 -44992 1199 2154 -52486 4141 525661 34154 16162 475345 1049330 353952 234116 26901 17099 4338 421 255833 189004 66829 2202667 0
"198804" 2384818 60430 2237464 8320 176007 167888 86703 0 81185 150931 68649 3102 0 65547 623923 651939 360816 28991 0 0 26511 60413 2470694 -38039 1286 2170 -44199 2704 551321 28979 16640 505702 1069198 361884 217749 27237 17226 4314 1428 258376 193849 64527 2234984 0
"198901" 2405457 53605 2261682 7655 183452 177588 90056 0 87532 147223 59451 2702 0 56749 622457 670143 355578 31084 4743 2308 25149 65021 2487689 -40943 557 2454 -44839 885 499975 13513 17187 469275 1089666 377726 246455 25743 17066 4348 1053 266600 198831 67769 2248696 0
"198902" 2452016 53842 2308944 6995 169773 192001 102233 0 89768 142659 59850 3175 0 56675 639382 693974 363704 33709 4639 2258 24114 65116 2538137 -53523 -203 841 -57910 3749 525092 34390 15681 475021 1105675 380265 257092 24740 17837 4101 1496 275362 203980 71382 2292452 0
"198903" 2492479 49781 2346621 6304 158237 209536 115492 0 94044 139384 59490 3323 0 56167 643005 718478 371715 33632 4571 2269 22839 73238 2565008 -51487 501 598 -57261 4675 510532 30278 16278 463976 1130546 384075 268954 23460 19295 4308 1029 274296 202057 72239 2328988 0
"198904" 2547979 61394 2390567 7764 155746 222123 123217 0 98906 133175 61824 3487 0 58337 649716 736881 383309 33170 4686 2173 21317 74701 2621566 -56750 1131 481 -55395 -2967 547750 25582 16703 505465 1165714 385843 253303 21980 20024 4705 229 278768 202444 76324 2371855 0
"199001" 2560679 53691 2413533 7321 166628 242085 127076 36570 78439 129504 60975 3624 0 57351 643177 752370 372789 32557 4183 1944 20016 73439 2642730 -44084 376 2163 -60030 13407 509271 16719 14860 477692 1193499 383786 271218 20481 19560 5089 609 283301 208689 74612 2394865 0
"199002" 2596144 55170 2450000 7021 164908 255739 136374 41769 77596 123650 62504 2882 0 59622 648588 777514 372319 31556 4241 1960 18038 72936 2689586 -51961 656 586 -76334 23131 533402 32072 14910 486420 1231148 377810 268226 18479 20157 5626 721 285978 209675 76303 2430281 0
"199003" 2624758 53176 2474446 6681 166350 264760 142923 47723 74114 122209 61905 3118 0 58787 645123 791234 379467 30665 4061 1991 18539 78597 2713525 -43317 1877 505 -70205 24506 530537 36595 16418 477524 1260917 373772 250615 18952 19622 6283 542 295602 210250 85352 2456268 0
"199004" 2643943 66354 2481345 8532 157427 274908 144712 54828 75368 116800 65396 3150 0 62246 645185 799291 381982 27780 2142 1902 17224 79020 2723253 -51386 2222 190 -68250 14452 569829 30919 16307 522603 1287557 365367 219233 17567 24229 6657 326 283874 207837 76037 2466745 0
"199101" 2631196 45965 2493526 10029 169510 288640 152701 60021 75918 112705 67306 2938 27822 36546 631322 808317 370499 28765 3947 2486 15371 76334 2723829 -43969 2582 244 -64515 17720 532451 26325 14953 491173 1320772 351437 214175 15661 24311 6766 -541 302766 211534 91232 2473699 0
"199102" 2639701 44873 2504704 8276 180366 296514 151110 67958 77446 108101 68047 4042 28600 35405 616628 820664 368385 31193 3874 2656 13028 77096 2734020 -43455 442 1479 -64490 19114 552366 36038 13506 502822 1338143 330166 210892 13347 24532 7231 -394 301192 213493 87699 2480009 0
"199103" 2659031 52740 2514136 7355 198960 305976 151896 78228 75852 105070 68977 3477 28098 37402 604047 818489 366312 31503 3968 3479 13467 78688 2749663 -40642 232 315 -54536 13347 571091 38534 14497 518060 1361126 315742 196210 13726 24672 7644 -12 300106 220580 79526 2488653 0
"199104" 2677423 59313 2527354 7535 207769 321205 153734 89405 78066 102679 69715 3482 28241 37992 588957 821823 370176 29958 3797 3740 12625 78131 2775234 -41559 731 218 -48378 5870 607413 36414 14103 556896 1367460 292268 190543 12887 25158 9325 -1312 313051 227224 85827 2502484 0
"199201" 2712762 55100 2566613 6283 230198 331206 155997 97625 77584 100195 68827 3374 26604 38849 580978 826863 357166 56900 3540 4457 12251 78798 2783597 -48045 512 52 -44586 -4023 591504 16693 13330 561481 1378829 273332 230229 12480 25191 10037 -1198 311238 222994 88244 2513967 0
"199202" 2709717 49264 2571952 5604 236000 341297 154608 105592 81097 98327 67203 3297 23884 40022 574866 830939 355981 54416 3329 3990 11715 76786 2790796 -52971 -166 1359 -43139 -11025 624022 36104 15174 572744 1371159 251694 220814 11935 27692 11630 -1262 326083 235783 90300 2521932 0
"199203" 2753078 53945 2607647 5934 252733 353394 153165 119487 80742 98449 68316 3250 23481 41585 570033 837994 357300 56305 2836 4353 12590 78896 2835924 -35589 -227 609 -31614 -4357 643109 38203 16228 588678 1369092 238646 230683 12776 30387 12502 -1487 335805 244025 91780 2556743 0
"199204" 2775305 60329 2623467 5895 254345 360133 155549 122709 81875 97027 66553 3794 21624 41135 569591 842941 362901 57294 3431 3356 12550 78959 2855510 -49072 3253 675 -33820 -19180 700188 30552 15839 653797 1369481 216094 227930 12756 33521 12546 -1723 333789 254976 78813 2571936 0
"199301" 2792121 61076 2641232 6539 268172 377003 163300 129455 84248 95433 69535 5271 21562 42702 560156 842401 358900 55909 3442 3742 11216 78597 2873270 -34500 337 753 -29525 -6065 660367 18750 15599 626018 1370703 212270 256075 11355 34236 14333 -5780 354211 263214 90997 2589355 0
"199302" 2827543 55924 2683393 5081 264531 385945 167022 136421 82502 96306 68202 5289 20842 42071 568710 862640 366632 58882 3097 3367 10502 77724 2907982 -40118 221 1534 -30811 -11062 703613 36516 15031 652066 1364717 203234 252373 10723 36718 16840 -5780 365662 270866 94796 2628549 0
"199303" 2873398 56982 2726867 4927 270811 393295 169761 137451 86083 98913 67680 4582 21905 41193 569764 874916 379364 60235 3211 3751 10494 79055 2959038 -26287 947 2918 -24238 -5914 717154 38426 18861 659867 1360113 199654 274979 10622 36764 19744 -5678 371973 279096 92877 2670164 0
"199304" 2932400 63256 2780933 4865 274986 396326 173170 133808 89348 98928 66629 4709 19814 42106 578408 895543 395704 61370 4285 3889 10142 78069 3019558 -20062 909 94 -20556 -509 773946 42633 15563 715750 1358549 196068 263733 10226 37148 21182 -4577 383345 286615 96730 2721531 0
"199401" 2996563 63352 2802833 3908 293981 394948 178136 132125 84687 99340 65372 4924 20799 39649 583208 894677 397802 63161 3448 2988 10574 119804 3100275 -6035 444 463 -26783 19841 749348 39780 16730 692838 1365863 196230 292220 10657 37043 21598 -5894 439245 290594 148651 2743810 0
"199402" 3040162 63718 2833809 3474 280543 398441 183727 127363 87351 98921 64244 4608 20644 38992 596427 914449 413413 58377 3190 2330 10350 132285 3146365 19459 866 701 -21597 39489 745859 42889 16974 685996 1358819 195994 308352 10403 37246 24908 -6524 451849 292967 158882 2780262 0
"199403" 3064417 57536 2871306 3311 266152 398260 182954 123827 91479 98150 64271 3696 21308 39267 606769 940080 434560 54712 3005 2036 10773 124802 3180853 35748 188 504 -16404 51460 719802 30383 17612 671807 1358892 203012 314938 10800 38429 28741 -5853 476344 300410 175934 2822326 0
"199404" 3122845 65147 2921433 3595 248028 398107 182247 119396 96464 96954 66001 3617 21491 40893 624573 963662 458777 56817 2912 2007 9895 126370 3244276 58832 -716 223 -14975 74300 741738 23751 17141 700846 1357920 213969 325877 9958 40571 30503 -6235 471143 304156 166987 2869592 0
"199501" 3168374 58379 2956058 3333 245515 395762 177884 116474 101404 94740 62624 3288 21641 37695 647217 986193 459689 56112 2748 2125 11438 142499 3274508 50824 57 84 -26352 77035 692850 15634 17038 660178 1371977 232668 355586 11456 40660 29860 -5975 494602 317104 177498 2906511 0
"199502" 3216788 55149 3019797 3859 226912 404674 177540 113937 113197 93826 63186 3442 22573 37171 672444 1015564 471591 62271 3023 2447 11690 130152 3299933 43479 292 217 -29502 72472 717347 39731 16845 660771 1403362 237520 353136 11655 42026 33293 -4334 462449 325930 136519 2963746 0
"199503" 3269723 53456 3077819 3919 221465 418959 189870 109349 119740 92641 66882 3867 23611 39404 685319 1036113 485920 59457 4564 2580 12512 125936 3358824 53324 73 421 -19768 72598 679873 30307 18105 631461 1437375 247001 371954 12494 43549 34350 -3342 482246 337367 144879 3023730 0
"199504" 3321816 66709 3116270 3930 207604 421480 195149 101036 125295 92688 68927 4522 24943 39462 701554 1045360 502328 65077 4999 2323 12270 126567 3421331 52186 107 135 -22195 74139 695766 19003 18136 658627 1471327 256534 345499 12283 43261 36677 -1621 509419 344278 165141 3056141 0
"199601" 3322325 56070 3126676 4115 208405 423447 204687 97320 121440 92246 68939 4392 25875 38672 713703 1054322 490807 63046 5183 2463 12807 126772 3408861 20199 28 43 -41881 62009 644512 16832 17679 610001 1529974 266551 356932 12844 45147 32440 -3143 503405 348443 154962 3068791 0
"199602" 3357740 57104 3155085 3442 200135 424671 209485 90938 124248 91947 68217 4240 25445 38532 728152 1067474 503766 59355 5615 2311 13456 132095 3467991 10932 -190 636 -40941 51427 657994 31360 20864 605770 1539496 279165 364083 13448 47586 34790 -2638 523135 361939 161196 3101260 0
"199603" 3389117 56252 3186579 2962 195155 423598 207953 89801 125844 92098 65797 4378 22210 39209 746600 1080736 513906 57398 6103 2226 14457 131829 3494180 -9270 640 1654 -46377 34813 657755 37794 19801 600160 1557065 296450 370569 14449 48273 36069 -946 523766 365275 158491 3135309 0
"199604" 3444516 66332 3231483 4213 172952 436743 216566 89495 130682 93688 64144 4165 21801 38178 759763 1102894 527463 60237 6776 2610 13912 132789 3557274 -3599 4296 85 -45813 37833 661370 28684 21597 611089 1593093 306083 371853 13969 50938 39005 907 523655 372883 150772 3175772 0
"199701" 3495303 56298 3278852 2676 180147 445977 223915 92399 129663 93532 66481 3493 21347 41641 790570 1119090 505158 65874 2262 7085 14491 145662 3615122 -9012 -519 3998 -46066 33575 627153 24028 21579 581546 1636064 314247 381369 14507 52102 38992 904 558796 387062 171734 3218122 0
"199702" 3567733 58707 3353365 2624 172417 455265 228393 93173 133699 93841 68642 3363 20587 44692 817474 1157907 512017 63009 1865 8304 15006 140655 3688734 -191 461 1894 -45947 43401 645264 34243 23520 587501 1656662 329148 389227 15067 53931 46385 3376 549865 399290 150575 3295193 0
"199703" 3625723 57867 3412332 2704 163249 467765 235890 96865 135010 95720 76478 3238 21701 51539 832511 1189029 509663 65419 1872 7922 14745 140779 3755368 -10393 -263 313 -55308 44865 611826 33511 22675 555640 1691685 360922 406244 14770 54742 51288 4462 569822 410009 159813 3351864 0
"199704" 3742251 71204 3512177 2316 166811 497152 247709 106997 142446 96125 83275 2963 22460 57852 867896 1208395 515064 64407 2610 8126 13665 145205 3900080 690 719 2035 -52458 50394 640300 27779 26002 586519 1736964 369292 415343 13684 61634 58082 5663 598428 413622 184806 3450699 0
"199801" 3795496 59619 3577055 790 171974 510267 257527 108135 144605 95187 89216 3124 28671 57421 896543 1235680 493846 71592 4856 7104 11596 147226 3958561 5228 1502 29 -56201 59898 601019 21691 25730 553598 1790688 390148 422191 11568 65572 66087 5792 600268 430270 169998 3505099 0
"199802" 3845847 58552 3618064 744 153964 504835 241903 109989 152943 97847 95989 5996 32370 57623 939466 1247081 493317 72201 5620 7000 10351 158880 4011446 6986 1416 963 -55755 60362 634104 48510 24658 560936 1805501 382674 403239 10348 66671 78628 6293 617002 445856 171146 3543594 0
"199803" 3933571 62337 3688745 698 128760 541364 268534 121373 151457 100995 99774 5703 35051 59020 973746 1260561 499624 72630 3565 7029 10754 171735 4116346 28509 -1230 1055 -54476 83160 592917 30036 22436 540445 1846932 385326 423924 10716 68222 87075 7758 664967 459233 205734 3616276 0
"199804" 4080696 65546 3844601 817 124838 578892 301499 115869 161524 104374 113563 3905 42769 66889 1013514 1304297 512007 76313 6838 9147 9068 161481 4244724 21109 1636 17 -54987 74443 605807 13157 23220 569430 1923372 404118 435058 9131 72144 104938 7933 661114 468964 192150 3761370 0
"199901" 4085417 58731 3863921 687 134584 588069 287745 123662 176662 105894 100451 5147 44273 51031 1039467 1306592 499258 70519 8340 10060 8237 154528 4242467 26597 -882 246 -50643 77876 572526 16418 21272 534836 1937842 405790 466604 8262 72878 104188 6984 640796 476405 164391 3783239 0
"199902" 4152349 59655 3935561 544 130155 596253 283473 121275 191505 106969 122437 4075 44784 73578 1068767 1331057 484471 74652 9246 11010 7377 149756 4311531 55919 272 220 -47939 103366 590920 42043 22196 526681 1953761 409648 453174 7392 73950 119224 5578 641965 473851 168114 3848030 0
"199903" 4259772 60401 4022466 655 123959 608427 285011 124362 199054 108867 134549 3616 46656 84277 1093474 1388625 480406 65311 8081 10112 6514 170391 4369892 50433 65 480 -60244 110132 571833 46016 22101 503716 1985618 429272 477007 6472 75075 140793 7321 626068 475558 150510 3945476 0
"199904" 4434301 87571 4164548 714 122838 608310 283689 120858 203763 110204 151323 4467 48801 98055 1106774 1465428 507763 67550 11257 12387 6605 175577 4541131 57890 -237 233 -66245 124139 608690 49561 22689 536440 1996346 465672 522535 6596 75805 145576 10907 651114 471859 179255 4079959 0
"200001" 4718203 51486 4279111 677 125262 627214 289864 120526 216824 111247 145229 3002 46510 95717 1146128 1516175 505673 76505 11345 13656 7061 380545 4473260 61873 -213 236 -64074 125924 557970 37503 23218 497249 2057501 480593 540451 7021 78292 154957 12597 522005 492055 29950 4184666 0
"200002" 4825408 53214 4395999 579 116397 631000 289993 119352 221655 111725 151502 2455 46993 102054 1192763 1581803 514964 70454 11323 13489 7267 368928 4575498 100475 -12 512 -65089 165064 556271 48693 23806 483772 2079132 511650 548250 7245 81568 174550 12242 504115 501038 3077 4308000 0
"200003" 4907154 50045 4467079 645 108600 620961 283532 108901 228528 112811 183866 3449 51019 129398 1199707 1615441 531032 67538 12648 13830 6802 383228 4684339 132976 372 372 -33867 166099 520397 39333 26413 454651 2136174 530207 534625 6784 83863 172597 15516 551200 514763 36437 4379865 0
"200004" 4998620 61333 4528751 933 87871 626484 297831 111033 217620 113433 201439 4100 56493 140846 1218910 1627016 551074 74671 11876 15044 5881 402655 4788668 131648 901 110 -38853 169490 523724 16384 25052 482288 2206918 553606 511414 5968 86397 172414 20098 576481 525439 51042 4433041 0
"200101" 5059877 51670 4537849 0 72165 618114 308052 114410 195652 112187 216717 7907 57497 151313 1214135 1654078 542799 82178 8433 17043 5972 464386 4842837 108041 180 22 -24994 132833 500533 23878 23008 453647 2287428 548179 502094 5982 89880 176073 21880 602747 541824 60923 4436167 0
"200102" 5098893 53364 4584005 0 69870 621721 323524 116413 181784 115883 228922 8629 54289 166004 1198526 1688039 550374 83792 9627 17251 5336 456188 4891607 121295 -374 150 -29128 150647 519345 37699 26686 454960 2313359 551721 491605 5422 88952 178997 21837 599074 552191 46883 4478671 0
"200103" 5248073 58432 4642156 0 65267 657591 346039 133950 177602 117794 245352 7981 53837 183534 1193034 1700792 546509 92620 7184 16012 3939 543546 5042660 101552 -549 88 -22106 124119 524499 36353 26234 461912 2370538 552233 486983 4086 91813 184439 29225 697292 577793 119499 4530278 0
"200104" 5290203 61927 4734139 0 56457 700215 350582 168209 181424 119718 265108 25299 59260 180549 1159329 1752773 568437 81906 8854 21342 3585 490552 5077740 134212 -23 34 -21736 155937 608224 47459 22592 538173 2447282 528420 468706 3676 94664 196597 22917 573042 586102 -13060 4625622 0
"200201" 5271210 54451 4752770 0 68616 725054 359818 166361 198875 118210 267566 19005 60654 187907 1137584 1762707 561548 80690 8456 22339 3501 460488 5058653 116571 -476 20 -2690 119717 503728 9510 21407 472811 2532338 524240 473759 3511 92331 199004 21138 592033 593786 -1753 4644786 0
"200202" 5419224 55534 4839489 0 75227 767307 415622 145570 206115 117874 252253 13796 56982 181475 1117249 1834743 566783 84884 4922 18247 3981 520220 5219112 127848 -238 184 -5594 133496 515736 37122 22119 456495 2567708 528058 472340 3992 93084 212173 28789 669384 609837 59547 4735417 0
"200203" 5601306 57484 4969761 0 74606 794402 431302 156353 206747 120702 257611 12009 66264 179338 1112444 1922273 589192 84936 0 13595 3775 570286 5397844 114677 396 177 -3795 117899 543447 54582 21744 467121 2655214 551833 473866 3810 92116 221724 32342 708815 630395 78420 4875005 0
"200204" 5759202 66295 5118127 0 86364 821343 434888 159057 227398 121241 264325 11976 67387 184962 1101541 2018471 602570 79219 3457 19596 3930 570850 5577520 191394 418 40 -858 191794 552660 31065 22302 499293 2720911 552735 511762 3949 94108 226750 33783 689468 639245 50223 5019785 0
"200301" 5852843 61431 5209713 0 89337 866018 465251 179535 221232 122742 267539 10497 79956 177086 1104643 2058343 593231 92040 2029 13791 4270 577429 5607451 130508 -1197 30 -38839 170514 521387 8528 -434 513293 2806989 569657 500225 4282 94696 225614 33588 720505 650050 70455 5106123 0
"200302" 6067303 62984 5376072 0 77949 936009 526094 179334 230581 126672 259059 10310 78842 169907 1094544 2150604 603684 104236 6670 16645 4108 624139 5770982 102421 -525 768 -52624 154802 567164 26680 230 540254 2887145 572514 523054 4118 96629 236282 33454 748201 667018 81183 5252629 0
"200303" 6101375 63669 5391451 0 81166 872479 472200 158472 241807 131356 275555 11439 84155 179961 1077458 2215663 614124 99375 9664 14611 3783 642472 5823504 145643 -496 174 -46252 192217 547516 29839 -23 517700 2908127 569759 516646 3798 97276 232320 32481 769938 679639 90299 5271584 0
"200304" 6216002 66791 5527041 0 93453 906426 491438 161501 253487 132126 305825 12189 92619 201017 1082974 2213338 669386 91423 14984 17106 3751 618419 5936932 181958 -319 62 -55792 238007 585760 30154 1536 554070 2950537 555709 554508 3775 98890 235307 35069 735419 689759 45660 5407279 0
"200401" 6354814 61587 5702766 0 102638 1001331 578404 166649 256278 133245 314707 13453 94391 206863 1078576 2285823 658036 96054 16005 16351 3337 587124 6089117 151511 -589 64 -62566 214602 581616 17524 4298 559794 3049326 575198 607064 3347 98555 228552 38302 755646 708111 47535 5577693 0
"200402" 6526306 68745 5854299 0 100910 1012643 587199 158868 266576 136497 315196 13280 94394 207522 1106621 2393074 660571 96700 15730 16357 3856 599406 6276075 216670 163 323 -63433 279617 605805 40545 5949 559311 3118940 596228 614786 3867 102851 251318 23710 741900 738592 3308 5729368 0
"200403" 6663865 62161 5933296 0 82909 958147 544811 153550 259786 138802 349593 16984 100458 232151 1120701 2472154 676319 103407 15727 15537 3356 665052 6442656 230766 1839 236 -47010 275701 588125 32254 6140 549731 3176123 629574 606545 3374 103460 254239 31568 818882 819413 -531 5801981 0
"200404" 6865092 61605 6118013 0 74235 996091 581698 156723 257670 140422 364584 18874 108013 237697 1150544 2547296 704270 102170 20273 18129 3300 682174 6660798 271946 925 43 -22800 293778 624513 26919 11217 586377 3230211 671261 569095 3357 109263 244092 33628 903432 856983 46449 5980742 0
"200501" 7030577 63491 6261311 0 88082 1021637 600938 164303 256396 145020 389616 22184 120120 247312 1158320 2639089 683112 101088 19468 15879 3403 702372 6768877 252434 -1413 52 -31548 285343 597623 20235 9745 567643 3305714 707886 615866 3446 113816 255292 29105 887695 853312 34383 6128279 0
"200502" 7134038 64304 6371384 0 76270 998036 584761 157871 255404 147515 412376 25331 132059 254986 1188248 2739108 683951 90055 20918 14907 3353 694997 6889829 264582 -977 235 -18732 284056 608439 30598 16542 561299 3327951 744600 645734 3386 114263 265411 30420 885043 876272 8771 6248857 0
"200503" 7298434 59317 6531565 0 75472 991979 583655 153385 254939 153382 421149 24488 138830 257831 1206760 2839022 708230 95500 23538 16533 3554 703998 7006789 285011 -311 910 -29294 313706 565984 32975 18069 514940 3426579 802357 662157 3609 116328 268336 27313 849115 878020 -28905 6399548 0
"200504" 7392548 65504 6621257 0 64157 992745 578986 152288 261471 157165 411620 23928 146164 241528 1249264 2902113 707039 95620 24150 17384 3259 702528 7119481 288509 885 72 -22335 309887 587748 33886 17389 536473 3493090 838075 626111 3332 121737 268505 25778 866596 896970 -30374 6487362 0
"200601" 7595210 57609 6787128 0 66144 1037445 623583 151460 262402 159621 422618 24915 154196 243507 1280853 2975962 697480 101852 28202 16951 0 750473 7267712 278962 -856 566 -30943 310195 560984 4234 16597 540153 3549557 871077 675492 0 125965 271645 24383 909647 914533 -4886 6640123 0
"200602" 7787679 60219 6961896 0 68086 1070840 664194 154479 252167 160942 439107 25907 158731 254469 1310976 3078373 694749 93358 26987 18478 0 765564 7413158 270432 -1037 291 -29738 300916 582238 41495 21717 519026 3577145 931920 706812 0 132228 289638 20938 901807 929733 -27926 6823073 0
"200603" 7867210 54466 7010373 0 62341 1010570 602070 155541 252959 167730 450942 27958 150433 272551 1327134 3119972 710502 110374 29436 21371 0 802371 7527947 308913 -1099 322 -35364 345054 550923 48309 23006 479608 3608194 954475 707945 0 135590 287831 29268 944808 963020 -18212 6849191 0
"200604" 8189467 67802 7320479 0 61938 1040283 647752 147190 245341 178905 470670 32726 158817 279127 1312204 3338902 741200 116540 35290 24547 0 801186 7760228 361153 -333 67 -58926 420345 551155 28025 26761 496369 3770881 968004 647468 0 149248 348514 24710 939095 1006940 -67845 7144102 0
"200701" 8097613 56732 7293849 0 69915 1030595 652387 151509 226699 186862 473952 31287 151379 291286 1309682 3319681 723278 121959 35412 22512 0 747032 7746305 316904 -870 27 -67371 385118 543226 3862 28161 511203 3856710 889170 694430 0 153701 341241 22119 928804 1017932 -89128 7113965 13033
"200702" 8253836 57447 7440979 0 68483 1027609 647630 144491 235488 189211 485544 28152 159665 297727 1345517 3401993 737869 118941 40903 24910 0 755410 7921557 351405 -1301 204 -67079 419581 534301 22246 31251 480804 3883912 880903 736852 0 160756 349848 15524 1008056 1040210 -32154 7256226 12604
"200703" 8560074 61236 7650974 0 70030 962173 594954 144541 222678 191367 551350 36682 175243 339425 1447841 3448654 771518 135267 43898 28876 0 847864 8172558 453540 -722 202 -35509 489569 541483 71816 29154 440513 3935497 922376 685182 0 166634 430526 16392 1020928 1086407 -65479 7442933 11789
"200704" 8840761 72218 7883731 0 73020 928933 592837 142799 193297 190913 572366 48222 223658 300486 1532883 3564632 804096 145854 41468 29565 0 884812 8370115 502511 -19 48636 -24419 478313 560156 42912 31742 485502 4025925 991089 611367 0 174358 455234 11108 1038367 1133057 -94690 7666843 11181
"200801" 9030948 65373 7969146 0 64057 923153 616814 148151 158188 201670 571954 50074 240779 281101 1590233 3603198 796317 158441 33674 26449 0 996429 8574737 511155 -555 111292 -49891 450309 560158 42925 29489 487744 4136405 1009886 592701 0 174241 472911 151 1117129 1158434 -41305 7750582 11173
"200802" 9054889 75182 8032246 0 49450 985675 676721 145970 162984 201405 566290 43521 237298 285471 1622110 3578133 812984 158125 32577 25498 0 947461 8576093 672210 -638 174189 -20696 519355 556846 50217 27651 478978 4132728 963084 560444 0 173522 482390 -12321 1047190 1148484 -101294 7816047 10719
"200803" 9786089 227863 8467527 100037 71496 991297 697877 146406 147014 221804 560115 38658 245835 275622 1686951 3769770 844087 178762 23241 19967 0 1090699 9104984 774166 -954 300057 -33906 508969 611213 41454 39261 530498 4355658 1077598 535448 0 173781 612104 -29697 994713 1157217 -162504 8245557 9846
"200804" 10247682 635107 8382887 15685 53399 1068668 744856 157066 166746 214133 541989 23840 222190 295959 1670777 3754651 878643 158641 6711 19590 0 1229688 9753064 1288952 -1494 559695 86384 644367 700946 3453 62923 634570 4566153 1015643 352380 0 182380 526268 -74578 1194920 1181286 13634 8197945 9519
"200901" 10036455 568424 8320563 4452 70996 1085440 730206 166879 188355 211795 572886 22500 214029 336357 1580676 3766440 850749 139119 4485 33525 0 1147468 9562596 1075029 -3075 540810 3866 533428 637892 4303 44823 588766 4701469 976272 362222 0 168331 457775 -72571 1256177 1245398 10779 8143434 9132
"200902" 9987525 490038 8390621 9841 82668 1136801 765137 173505 198159 217280 603743 25841 209836 368066 1523322 3811820 837783 120869 10480 36014 0 1106866 9511319 912098 -2831 328511 22634 563784 698841 4038 42425 652378 4728471 915574 483261 0 165307 452525 -80857 1236099 1260832 -24733 8223258 8052
"200903" 9924593 611362 8231252 52 118972 1106515 700475 191942 214098 214528 624135 27163 205952 391020 1394959 3712067 832687 157065 20545 49727 0 1081979 9617431 889500 -2535 207232 39306 645497 705283 3701 33136 668446 4810623 865825 515827 0 158269 404164 -65927 1333867 1320845 13022 8003915 7288
"200904" 10044626 679542 8289975 0 117701 1199990 733567 215312 251111 215096 590408 25868 194938 369602 1338393 3738596 855311 158047 30317 46115 0 1075109 9720710 673605 -2097 96618 27873 551211 781862 3789 34059 744014 4949079 841666 624016 0 174061 402031 -67524 1341914 1346277 -4363 8055495 6926
"201001" 10255729 683961 8519892 0 181592 1196907 696541 260336 240030 216235 516004 24381 164972 326651 1340189 3681850 1149191 160044 34691 43188 0 1051876 9890779 449090 -1625 11523 -25973 465165 735376 4113 34663 696600 5056458 789948 667307 132545 417291 356976 -73601 1359389 1342671 16718 8281968 7532
"201002" 10151253 650454 8416162 0 181169 1192884 661258 285051 246575 218412 498566 17188 152774 328604 1332334 3634098 1133723 164462 21822 38692 0 1084637 9889152 449415 -1948 673 -1723 452413 754729 3234 36264 715231 5047884 770529 603657 135794 418280 327634 -64599 1445829 1366953 78876 8191186 6404
"201003" 10094492 586418 8449821 0 220209 1242909 693043 312244 237622 226378 498723 16601 142300 339822 1328602 3602961 1115273 144059 29526 41181 0 1058253 9895987 428404 -1574 296 -30129 459811 751362 3616 31417 716329 5126621 750061 538519 129213 418359 289078 -64822 1529192 1387807 141385 8235055 6112
