"DATES" "FL714090005.Q" "FL713011005.Q" "FL713014003.Q" "FL713012003.Q" "FL713022003.Q" "FL713068705.Q" "FL713068703.Q" "FL723069143.Q" "FL712050000.Q" "FL714004005.Q" "FL713069603.Q" "FL713061100.Q" "FL713061705.Q" "FL713068005.Q" "FL713068303.Q" "FL713068473.Q" "FL663168005.Q" "FL713068513.Q" "FL713068523.Q" "FL713068533.Q" "FL713068543.Q" "FL713068553.Q" "FL713064103.Q" "FL713090005.Q" "FL713091103.Q" "FL713093005.Q" "FL714190005.Q" "FL713113003.Q" "FL723025000.Q" "FL713120005.Q" "FL713123005.Q" "FL713123023.Q" "FL713123030.Q" "FL713123043.Q" "FL713122605.Q" "FL713124003.Q" "FL713125005.Q" "FL712150003.Q" "FL713190005.Q" "FL713164003.Q" "FL713193005.Q"
"195201" 51454 23260 0 4575 710 157 157 0 300 22246 0 22228 0 18 0 18 0 0 0 0 0 0 0 206 0 206 50700 20276 2420 27746 1289 1282 7 0 548 0 25909 0 258 242 16
"195202" 51698 23316 0 4598 581 44 44 0 400 22526 0 22506 0 20 0 20 0 0 0 0 0 0 0 233 0 233 50938 19381 2396 28800 1616 1283 333 0 554 0 26630 0 361 245 116
"195203" 53100 23311 0 4625 738 355 355 0 500 23264 0 23215 0 49 0 49 0 0 0 0 0 0 0 307 0 307 52326 20581 2530 28995 1538 1274 264 0 740 0 26717 0 220 247 -27
"195204" 53846 23157 0 4656 967 127 127 0 664 24068 0 24034 0 34 0 34 0 0 0 0 0 0 0 207 0 207 53126 19950 2753 29899 1659 1270 389 0 560 0 27680 0 524 253 271
"195301" 52816 22531 0 4670 810 690 690 0 600 23291 0 23269 0 22 0 22 0 0 0 0 0 0 0 224 0 224 52005 20148 2550 28876 1313 1306 7 0 513 0 27050 0 431 257 174
"195302" 52693 22433 0 4698 601 54 54 0 600 24159 0 24146 0 13 0 13 0 0 0 0 0 0 0 148 0 148 51890 19561 2590 29458 1391 1259 132 0 532 0 27535 0 281 260 21
"195303" 53310 22098 0 4716 685 329 329 0 600 24638 0 24635 0 3 0 3 0 0 0 0 0 0 0 244 0 244 52469 19309 2650 30067 1925 1283 642 0 517 0 27625 0 443 262 181
"195304" 53810 21987 0 4738 935 13 13 0 598 25334 0 25317 0 17 0 17 0 0 0 0 0 0 0 205 0 205 53050 20160 2512 29806 1107 761 346 0 430 0 28269 0 572 265 307
"195401" 52242 21929 0 4779 535 132 132 0 400 24248 0 24232 0 16 0 16 0 0 0 0 0 0 0 219 0 219 51395 19194 2630 29113 1541 819 722 0 495 0 27077 0 458 270 188
"195402" 52486 21891 0 4803 567 22 22 0 300 24753 0 24737 0 16 0 16 0 0 0 0 0 0 0 150 0 150 51637 19011 2660 29501 1686 811 875 0 553 0 27262 0 465 272 193
"195403" 51658 21774 0 4815 511 174 174 0 100 24052 0 23946 0 106 0 106 0 0 0 0 0 0 0 232 0 232 50807 18331 2830 29169 1565 796 769 0 512 0 27092 0 477 276 201
"195404" 52581 21676 0 4829 808 10 10 0 44 25022 0 24888 0 134 0 134 0 0 0 0 0 0 0 192 0 192 51784 18876 2469 29893 1359 796 563 0 494 0 28040 0 546 288 258
"195501" 51572 21683 0 4841 552 598 598 0 100 23599 0 23505 0 94 0 94 0 0 0 0 0 0 0 199 0 199 50721 18388 2830 28974 1680 829 851 0 386 0 26908 0 529 294 235
"195502" 51261 21616 0 4846 850 75 75 0 200 23477 16 23407 0 54 0 54 0 0 0 0 0 0 0 197 0 197 50398 18066 2681 29123 1192 812 380 0 383 0 27548 0 528 295 233
"195503" 51885 21655 0 4850 788 649 649 0 300 23435 19 23402 0 14 0 14 0 0 0 0 0 0 0 208 0 208 51000 18475 2960 29065 1303 791 512 0 384 0 27378 0 500 298 202
"195504" 53209 21629 0 4852 1585 107 107 0 398 24417 24 24391 0 2 0 2 0 0 0 0 0 0 0 221 0 221 52379 19005 2682 30046 1161 767 394 0 409 0 28476 0 646 303 343
"195601" 51845 21686 0 4859 793 706 706 0 300 23319 15 23303 0 1 0 1 0 0 0 0 0 0 0 182 0 182 50917 18582 2890 28996 1299 787 512 0 349 0 27348 0 449 310 139
"195602" 52153 21771 0 4876 1206 232 232 0 300 23476 18 23457 0 1 0 1 0 0 0 0 0 0 0 292 0 292 51205 18443 2273 30038 1290 768 522 0 306 0 28442 0 451 316 135
"195603" 52340 21853 0 4890 1060 573 573 0 300 23311 17 23293 0 1 0 1 0 0 0 0 0 0 0 353 0 353 51368 18656 3100 29258 1363 780 583 0 334 0 27561 0 354 320 34
"195604" 53825 21890 0 4910 1665 25 25 0 340 24670 34 24610 0 26 0 26 0 0 0 0 0 0 0 325 0 325 52941 19059 3261 30070 1216 775 441 0 325 0 28529 0 551 326 225
"195701" 51939 22276 0 4929 807 592 592 0 400 22715 23 22666 0 26 0 26 0 0 0 0 0 0 0 220 0 220 50921 18350 2910 29212 1301 811 490 0 352 0 27559 0 449 331 118
"195702" 52665 22590 0 4951 1029 824 824 0 400 22659 23 22635 0 1 0 1 0 0 0 0 0 0 0 212 0 212 51627 18628 2950 29850 1256 758 498 0 462 0 28132 0 199 333 -134
"195703" 52729 22612 0 4970 985 776 776 0 400 22776 17 22752 0 7 0 7 0 0 0 0 0 0 0 210 0 210 51751 18594 3040 29702 1385 780 605 0 380 0 27937 0 415 338 77
"195704" 53833 22752 0 4990 1424 50 50 0 542 23767 43 23719 0 5 0 5 0 0 0 0 0 0 0 308 0 308 52887 19034 3335 30106 1242 761 481 0 365 0 28499 0 412 345 67
"195801" 52026 22355 0 5026 704 118 118 0 410 23154 29 23125 0 0 0 0 0 0 0 0 0 0 0 259 0 259 51015 18426 2890 29248 1353 730 623 0 262 0 27633 0 451 350 101
"195802" 53022 21309 0 5047 796 128 128 0 310 25173 35 25138 0 0 0 0 0 0 0 0 0 0 0 259 0 259 51998 18568 3017 29534 1102 692 410 0 277 0 28155 0 879 353 526
"195803" 52264 20782 0 5063 949 337 337 0 210 24679 18 24660 0 1 0 1 0 0 0 0 0 0 0 244 0 244 51265 18101 3140 29532 1176 686 490 0 320 0 28036 0 492 357 135
"195804" 53573 20499 0 5078 1296 46 46 0 101 26313 43 26252 0 18 0 18 0 0 0 0 0 0 0 240 0 240 52616 18504 3249 30264 1041 683 358 0 279 0 28944 0 599 363 236
"195901" 52585 20408 0 5090 746 572 572 0 70 25454 12 25424 0 18 0 18 0 0 0 0 0 0 0 245 0 245 51650 18194 3090 29629 1231 714 517 0 315 0 28083 0 737 374 363
"195902" 52898 19671 0 5123 846 892 892 0 70 26017 6 25994 0 17 0 17 0 0 0 0 0 0 0 279 0 279 51848 18188 3260 29889 929 394 535 0 306 0 28654 0 511 380 131
"195903" 52654 19318 0 5153 951 329 329 0 70 26514 0 26513 0 1 0 1 0 0 0 0 0 0 0 319 0 319 51563 17760 3240 30007 1081 377 704 0 318 0 28608 0 556 383 173
"195904" 53683 19394 0 5155 1590 453 453 0 73 26655 44 26606 0 5 0 5 0 0 0 0 0 0 0 363 0 363 52897 18174 3012 30826 895 391 504 0 353 0 29578 0 885 387 498
"196001" 51857 19352 0 5184 823 815 815 0 125 25193 7 25166 0 20 0 20 0 0 0 0 0 0 0 365 0 365 50976 17716 3360 29378 947 436 511 0 231 0 28200 0 522 395 127
"196002" 52663 19242 0 5198 868 267 267 0 225 26328 5 26323 0 0 0 0 0 0 0 0 0 0 0 535 0 535 51787 17528 3490 29743 899 395 504 0 264 0 28580 0 1026 400 626
"196003" 52594 18579 0 5219 987 593 593 0 325 26507 8 26480 0 19 0 19 0 0 0 0 0 0 0 384 0 384 51718 18058 3540 29588 958 404 554 0 200 0 28430 0 532 403 129
"196004" 52584 17666 0 5242 1868 25 25 0 420 27046 54 26984 0 8 0 8 0 0 0 0 0 0 0 317 0 317 51767 17081 3346 30612 862 377 485 0 226 0 29524 0 728 409 319
"196101" 50505 17329 0 5253 755 106 106 0 310 26431 35 26388 0 8 0 8 0 0 0 0 0 0 0 321 0 321 49605 15992 3630 29398 926 437 489 0 282 0 28190 0 585 423 162
"196102" 51588 17440 0 5281 1171 35 35 0 260 27030 26 27003 0 1 0 1 0 0 0 0 0 0 0 371 0 371 50677 16716 2903 30550 787 379 408 0 256 0 29507 0 508 425 83
"196103" 51565 17307 0 5406 1300 82 82 0 210 26906 23 26881 0 2 0 2 0 0 0 0 0 0 0 354 0 354 50649 16310 3870 30060 901 416 485 0 369 0 28790 0 409 432 -23
"196104" 53981 16842 0 5429 2300 115 115 0 162 28785 48 28722 0 15 0 15 0 0 0 0 0 0 0 348 0 348 53093 17387 3689 31412 887 422 465 0 294 0 30231 0 605 445 160
"196201" 52427 16643 0 5432 918 170 170 0 220 28665 21 28579 0 65 0 65 0 0 0 0 0 0 0 379 0 379 51454 16786 3900 30221 899 437 462 0 262 0 29060 0 547 453 94
"196202" 53893 16825 0 5442 1462 43 43 0 270 29486 40 29413 0 33 0 33 0 0 0 0 0 0 0 365 0 365 52912 17206 3185 31929 991 379 612 0 353 0 30585 0 592 458 134
"196203" 53714 16372 0 5394 1641 762 762 0 320 28827 14 28802 0 11 0 11 0 0 0 0 0 0 0 398 0 398 52726 17105 4270 30769 916 405 511 0 273 0 29580 0 582 462 120
"196204" 55704 16011 0 5411 2903 37 37 0 400 30531 52 30478 0 1 0 1 0 0 0 0 0 0 0 411 0 411 54770 17454 4519 32090 977 380 597 0 292 0 30821 0 707 467 240
"196301" 53872 15923 0 5422 1223 194 194 0 320 30396 29 30337 0 30 0 30 0 0 0 0 0 0 0 394 0 394 52845 16410 4210 31740 1291 440 851 0 219 0 30230 0 485 478 7
"196302" 55364 15753 0 5431 1638 96 96 0 220 31850 23 31827 0 0 0 0 0 0 0 0 0 0 0 376 0 376 54330 16965 3483 33381 1175 369 806 0 219 0 31987 0 501 481 20
"196303" 55498 15601 0 5432 1435 465 465 0 120 32053 16 32007 0 30 0 30 0 0 0 0 0 0 0 392 0 392 54449 16621 4550 32798 1328 388 940 0 180 0 31290 0 480 487 -7
"196304" 57805 15614 0 5422 2600 31 31 0 103 33684 70 33582 0 32 0 32 0 0 0 0 0 0 0 351 0 351 56815 17049 4259 34890 1241 361 880 0 216 0 33433 0 617 497 120
"196401" 56636 15721 0 5423 1497 55 55 0 280 33223 40 33183 0 0 0 0 0 0 0 0 0 0 0 437 0 437 55530 16611 4500 33905 1516 415 1101 0 174 0 32215 0 514 508 6
"196402" 57898 15538 0 5422 1633 79 79 0 360 34517 23 34494 0 0 0 0 0 0 0 0 0 0 0 349 0 349 56780 16973 4539 34721 1330 391 939 0 196 0 33195 0 547 513 34
"196403" 58547 15581 0 5397 1567 93 93 0 440 35011 59 34950 0 2 0 2 0 0 0 0 0 0 0 458 0 458 57419 17121 4780 34920 1367 434 933 0 175 0 33378 0 598 518 80
"196404" 61176 15638 0 5249 2606 156 156 0 573 36595 59 36506 0 30 0 30 0 0 0 0 0 0 0 359 0 359 60652 17850 4532 36942 1586 612 974 0 269 0 35087 0 1328 524 804
"196501" 59560 14890 0 5234 1114 109 109 0 550 37199 93 37091 0 15 0 15 0 0 0 0 0 0 0 464 0 464 58920 17277 4840 35746 1569 702 867 0 201 0 33976 0 1057 536 521
"196502" 61171 14344 0 5256 1349 646 646 0 450 38714 3 38700 0 11 0 11 0 0 0 0 0 0 0 412 0 412 60524 18229 4978 36375 1419 747 672 0 214 0 34742 0 942 541 401
"196503" 61601 14674 0 5316 1405 123 123 0 350 39287 11 39269 0 7 0 7 0 0 0 0 0 0 0 446 0 446 60948 17797 5370 36936 1656 804 852 0 233 0 35047 0 845 544 301
"196504" 63523 14313 0 5419 2248 96 96 0 402 40594 75 40478 0 41 0 41 0 0 0 0 0 0 0 451 0 451 62972 18447 4851 38834 1428 760 668 0 201 0 37205 0 840 551 289
"196601" 62595 13793 0 5580 1388 579 579 0 400 40246 30 40196 0 20 0 20 0 0 0 0 0 0 0 609 0 609 61914 17941 5470 37786 1486 940 546 0 341 0 35959 0 717 560 157
"196602" 64943 13855 0 5822 1957 287 287 0 500 41912 138 41769 0 5 0 5 0 0 0 0 0 0 0 610 0 610 64248 18564 5234 39651 1815 1049 766 0 516 0 37320 0 799 562 237
"196603" 65152 13806 0 5930 1647 979 979 0 500 41600 48 41537 0 15 0 15 0 0 0 0 0 0 0 690 0 690 64443 18070 5830 39805 2404 1091 1313 0 393 0 37008 0 738 566 172
"196604" 67980 13977 0 6161 2510 173 173 0 785 43724 69 43655 0 0 0 0 0 0 0 0 0 0 0 650 0 650 67410 19794 5450 41210 1592 1176 416 0 405 0 39213 0 956 570 386
"196701" 66244 13235 0 6348 1260 29 29 0 600 44039 0 44029 0 10 0 10 0 0 0 0 0 0 0 733 0 733 65508 18619 5970 40151 2012 1335 677 0 384 0 37755 0 768 578 190
"196702" 69016 13629 0 6456 1345 53 53 0 500 46370 36 46318 1 15 0 15 0 0 0 0 0 0 0 663 0 663 68280 19505 4854 43032 2783 1472 1311 0 402 0 39847 0 889 585 304
"196703" 69443 13723 0 6604 1235 171 171 0 400 46462 60 46402 0 0 0 0 0 0 0 0 0 0 0 848 0 848 68699 20039 6252 41519 2234 1523 711 0 428 0 38857 0 889 589 300
"196704" 72763 13526 0 6628 2483 141 141 0 259 49055 75 48980 0 0 0 0 0 0 0 0 0 0 0 671 0 671 72165 21092 5931 44099 2467 1344 1123 0 396 0 41236 0 1043 598 445
"196801" 71900 11967 0 6799 1344 1390 1390 0 0 49610 100 49495 0 15 0 15 0 0 0 0 0 0 0 790 0 790 71090 21232 6250 42559 2096 1131 965 0 448 0 40015 0 1049 612 437
"196802" 73417 11315 0 6708 1938 292 292 0 0 52377 134 52230 0 13 0 13 0 0 0 0 0 0 0 787 0 787 72598 21462 5190 44793 1912 838 1074 0 431 0 42450 0 1153 617 536
"196803" 74924 11576 0 6741 1770 1565 1565 0 0 52454 49 52405 0 0 0 0 0 0 0 0 0 0 0 818 0 818 74094 22413 6660 43923 1824 797 1027 0 403 0 41696 0 1098 619 479
"196804" 76736 12370 0 6795 3482 188 188 0 0 52995 58 52937 0 0 0 0 0 0 0 0 0 0 0 906 0 906 76106 21859 7195 45642 1398 695 703 0 477 0 43767 0 1410 630 780
"196901" 75176 12387 0 6826 2034 997 997 0 0 52089 74 52010 5 0 0 0 0 0 0 0 0 0 0 843 0 843 74294 22066 6490 44672 1217 715 502 0 404 0 43051 0 1066 641 425
"196902" 76311 12142 0 6736 1472 1049 1049 0 0 54136 41 54095 0 0 0 0 0 0 0 0 0 0 0 776 0 776 75406 20808 6258 46969 1891 633 1258 0 419 0 44659 0 1371 659 712
"196903" 78191 12667 0 6761 2313 1526 1526 0 0 54028 60 53932 36 0 0 0 0 0 0 0 0 0 0 896 0 896 77274 22508 6950 46637 1885 682 1203 0 410 0 44342 0 1179 666 513
"196904" 80738 12273 0 6848 3440 183 183 0 0 57218 64 57154 0 0 0 0 0 0 0 0 0 0 0 776 0 776 80069 22085 7320 48911 1969 657 1312 0 377 0 46565 0 1753 669 1084
"197001" 80236 12478 400 6900 2237 1554 1554 0 0 55737 76 55578 43 40 0 40 0 0 0 0 0 0 0 930 0 930 79268 22568 6940 48129 2060 581 1479 0 456 0 45613 0 1631 681 950
"197002" 80968 11988 400 6986 2562 330 330 0 0 57836 32 57714 0 90 0 90 0 0 0 0 0 0 0 866 0 866 79987 21991 7090 49115 1444 439 1005 0 410 0 47261 0 1791 685 1106
"197003" 83521 11742 400 7074 2313 853 853 0 0 60142 87 59975 80 0 0 0 0 0 0 0 0 0 0 997 0 997 82537 23938 7260 49585 1685 447 1238 0 365 0 47535 0 1754 691 1063
"197004" 86124 10914 400 7149 4261 335 335 0 0 62199 57 62142 0 0 0 0 0 0 0 0 0 0 0 866 0 866 85422 24150 7047 51979 1587 431 1156 0 346 0 50046 0 2246 702 1544
"197101" 86728 10670 400 7270 2550 391 391 0 350 64133 88 63860 185 0 0 0 0 0 0 0 0 0 0 964 0 964 85736 25932 7230 50819 1341 483 858 0 404 0 49074 0 1755 717 1038
"197102" 87740 10355 400 7420 2549 446 446 0 650 64930 12 64918 0 0 0 0 0 0 0 0 0 0 0 990 0 990 86759 24550 7634 52859 1728 454 1274 0 372 0 50759 0 1716 729 987
"197103" 89657 10078 400 7547 2527 382 382 0 950 66802 41 66662 99 0 0 0 0 0 0 0 0 0 0 971 0 971 88644 25424 8100 53601 2496 475 2021 0 373 0 50732 0 1519 734 785
"197104" 94598 10073 400 7627 4343 39 39 0 1504 69561 80 68996 485 0 0 0 0 0 0 0 0 0 0 1051 0 1051 93856 27788 7541 56470 2484 464 2020 0 465 0 53521 0 2057 742 1315
"197201" 93264 9528 400 7895 2673 1030 1030 0 1110 69748 19 68971 758 0 0 0 0 0 0 0 0 0 0 880 0 880 92241 28471 8050 53938 1330 413 917 0 275 0 52333 0 1782 761 1021
"197202" 95752 10350 400 8066 3299 130 130 0 690 71845 23 70756 1066 0 0 0 0 0 0 0 0 0 0 972 0 972 94745 27482 6799 58386 2695 351 2344 0 298 0 55393 0 2078 772 1306
"197203" 94655 10432 400 8200 3742 842 842 0 370 69708 10 68677 1021 0 0 0 0 0 0 0 0 0 0 961 0 961 93724 26692 8840 56199 2209 347 1862 0 229 0 53761 0 1993 778 1215
"197204" 97596 10524 400 8313 3974 1981 1981 0 147 71189 70 69808 1311 0 0 0 0 0 0 0 0 0 0 1068 0 1068 96803 25647 8648 60440 2200 345 1855 0 369 0 57871 0 2068 793 1275
"197301" 99585 10334 400 8420 2121 2028 2028 0 90 75247 144 73784 1319 0 0 0 0 0 0 0 0 0 0 945 0 945 98453 26873 8889 60510 3778 396 3382 0 442 0 56290 0 2181 807 1374
"197302" 100738 10321 400 8531 2048 1770 1770 0 100 76437 66 74952 1419 0 0 0 0 0 0 0 0 0 0 1131 0 1131 99574 24818 7666 64944 4408 369 4039 0 437 0 60099 0 2146 820 1326
"197303" 104923 10334 400 8614 3036 4522 4522 0 110 76916 57 75224 1635 0 0 0 0 0 0 0 0 0 0 991 0 991 103699 30962 9671 60536 1497 372 1125 0 500 0 58539 0 2530 829 1701
"197304" 106889 11491 400 8716 3099 1258 1258 0 100 80463 68 78458 1937 0 0 0 0 0 0 0 0 0 0 1362 0 1362 106045 27060 10688 64954 2859 317 2542 0 300 0 61795 0 3343 844 2499
"197401" 106284 11487 400 8813 2222 2033 2033 0 400 79906 30 77929 1947 0 0 0 0 0 0 0 0 0 0 1023 0 1023 105012 28410 9709 64339 2432 338 2094 0 419 0 61488 0 2554 872 1682
"197402" 111496 11575 400 8924 2297 3210 3210 0 700 83216 104 80284 2828 0 0 0 0 0 0 0 0 0 0 1174 0 1174 110156 30086 8355 69100 3193 274 2919 0 445 0 65462 0 2615 878 1737
"197403" 116654 11734 400 9069 3721 5192 5192 0 1000 84377 190 80353 3834 0 0 0 0 0 0 0 0 0 0 1161 0 1161 115262 33256 10507 68697 3665 318 3347 0 704 0 64328 0 2802 886 1916
"197404" 113429 11571 400 9252 2001 299 299 0 1374 85339 579 80058 4702 0 0 0 0 0 0 0 0 0 0 3193 0 3193 112532 25843 11640 71897 3298 185 3113 0 523 0 68076 0 3152 897 2255
"197501" 116658 11601 400 9453 2163 813 813 0 1400 87706 628 82034 5044 0 0 0 0 0 0 0 0 0 0 3122 0 3122 115452 30437 10562 72055 3860 306 3554 0 602 0 67593 0 2398 902 1496
"197502" 117698 11617 500 9687 1791 561 561 0 1500 89077 282 83949 4846 0 0 0 0 0 0 0 0 0 0 2965 0 2965 116329 25976 10084 77693 6137 364 5773 0 454 0 71102 0 2576 909 1667
"197503" 122841 11629 500 9934 2406 1402 1402 0 1600 92563 474 86474 5615 0 0 0 0 0 0 0 0 0 0 2807 0 2807 121448 29363 11168 78461 7605 356 7249 0 306 0 70550 0 2456 914 1542
"197504" 124741 11655 500 10218 3688 229 229 0 1720 93530 741 86717 6072 0 0 0 0 0 0 0 0 0 0 3201 0 3201 123812 26052 12252 82606 7768 483 7285 0 484 0 74354 0 2902 929 1973
"197601" 125857 12140 500 10403 2110 54 54 0 3090 94440 540 87293 6607 0 0 0 0 0 0 0 0 0 0 3120 0 3120 124411 28150 11257 82323 7668 524 7144 0 396 0 74259 0 2681 945 1736
"197602" 133270 12718 500 10558 3577 314 314 0 4814 97741 361 90575 6805 0 0 0 0 0 0 0 0 0 0 3048 0 3048 131824 27460 11981 89878 12452 480 11972 0 561 0 76865 0 2505 959 1546
"197603" 136899 12194 800 10685 2811 326 326 0 5733 101262 88 94445 6729 0 0 0 0 0 0 0 0 0 0 3088 0 3088 135444 29716 12287 90518 12716 504 12212 0 535 0 77267 0 2923 965 1958
"197604" 134455 11743 1200 10820 2601 25 25 0 4826 100258 196 93268 6794 0 0 0 0 0 0 0 0 0 0 2982 0 2982 133472 25158 12121 93234 10853 460 10393 0 647 0 81734 0 2959 983 1976
"197701" 132762 11668 1200 10939 2913 149 149 0 620 102391 29 95672 6690 0 0 0 0 0 0 0 0 0 0 2882 0 2882 131311 26883 12124 89932 8240 471 7769 0 451 0 81241 0 2372 990 1382
"197702" 141523 11656 1200 11081 3604 260 260 0 5264 105629 43 98163 7423 0 0 0 0 0 0 0 0 0 0 2829 0 2829 140072 24562 12725 100159 15623 440 15183 0 611 0 83925 0 2626 1000 1626
"197703" 142937 11638 1200 11206 1956 1292 1292 0 3098 109779 4 102405 7370 0 0 0 0 0 0 0 0 0 0 2768 0 2768 141459 23953 11326 103220 16174 434 15740 0 565 0 86481 0 2960 1016 1944
"197704" 142976 11714 1250 11331 3810 265 265 0 3306 108922 0 100918 8004 0 0 0 0 0 0 0 0 0 0 2378 0 2378 141947 26870 13922 98013 7506 392 7114 0 618 0 89889 0 3142 1029 2113
"197801" 140269 11763 1250 11441 2732 332 332 0 2721 107819 0 99890 7929 0 0 0 0 0 0 0 0 0 0 2211 0 2211 138691 27900 11622 96433 5098 393 4705 0 572 0 90763 0 2736 1048 1688
"197802" 151330 11736 1250 11565 3318 1428 1428 0 3666 116027 0 107859 8168 0 0 0 0 0 0 0 0 0 0 2340 0 2340 149752 27920 11888 106871 11951 337 11614 0 537 0 94383 0 3073 1056 2017
"197803" 156678 11662 1300 11683 3719 1365 1365 0 3614 120977 0 113027 7950 0 0 0 0 0 0 0 0 0 0 2358 0 2358 155068 26830 12141 112911 16949 302 16647 0 445 0 95517 0 3186 1062 2124
"197804" 156132 13248 1300 11831 6516 1172 1172 0 1804 117374 0 109478 7896 0 0 0 0 0 0 0 0 0 0 2887 0 2887 155054 31223 15470 104272 4436 240 4196 0 674 0 99162 0 4089 1078 3011
"197901" 155526 15212 1300 12158 4337 963 963 0 2252 116724 0 109260 7464 0 0 0 0 0 0 0 0 0 0 2580 0 2580 153684 31714 12345 106382 6111 385 5726 0 552 0 99719 0 3243 1113 2130
"197902" 156511 14232 1800 12525 3924 1558 1558 0 5531 114193 0 106432 7761 0 0 0 0 0 0 0 0 0 0 2748 0 2748 154647 30407 13272 107505 3661 371 3290 0 571 0 103273 0 3463 1126 2337
"197903" 160733 12731 1800 12825 2654 1156 1156 0 3014 122820 0 114596 8224 0 0 0 0 0 0 0 0 0 0 3733 0 3733 158860 29089 13609 112417 6826 337 6489 0 473 0 105118 0 3745 1135 2610
"197904" 166656 13628 1800 13091 6767 1454 1454 0 2364 124507 0 116291 8216 0 0 0 0 0 0 0 0 0 0 3045 0 3045 165511 29792 18488 112468 4569 494 4075 0 785 0 107114 0 4763 1145 3618
"198001" 163686 13478 2968 13352 3682 2502 2502 0 1174 123945 0 115734 8211 0 0 0 0 0 0 0 0 0 0 2585 0 2585 162132 32270 15333 111163 2920 586 2334 0 572 0 107671 0 3366 1159 2207
"198002" 171326 13480 3018 13523 4167 215 215 0 867 132933 0 124058 8875 0 0 0 0 0 0 0 0 0 0 3123 0 3123 169742 33612 16029 115580 3728 529 3199 0 814 0 111038 0 4521 1169 3352
"198003" 167958 13374 3268 13653 3192 982 982 0 2063 128200 0 119418 8782 0 0 0 0 0 0 0 0 0 0 3226 0 3226 166360 28146 17307 117708 4568 466 4102 0 545 0 112595 0 3199 1184 2015
"198004" 173726 16206 2518 13832 4467 1809 1809 0 3330 128038 0 119299 8739 0 0 0 0 0 0 0 0 0 0 3526 0 3526 172523 27456 19807 121492 3499 437 3062 0 543 0 117450 0 3768 1203 2565
"198101" 169085 18170 2818 14004 3261 656 656 0 732 126388 0 117666 8722 0 0 0 0 0 0 0 0 0 0 3056 0 3056 167409 26164 17288 120695 3526 494 3032 0 528 0 116641 0 3262 1227 2035
"198102" 171143 17541 3068 14158 2506 1010 1010 0 0 128711 0 120017 8694 0 0 0 0 0 0 0 0 0 0 4149 0 4149 169446 23626 18549 123395 3401 478 2923 0 468 0 119526 0 3876 1246 2630
"198103" 176190 16679 3318 14313 2811 2486 2486 0 0 132991 0 124330 8661 0 0 0 0 0 0 0 0 0 0 3592 0 3592 174508 27243 19185 123802 3977 457 3520 0 501 0 119324 0 4278 1257 3021
"198104" 181901 16241 3318 14482 1762 1601 1601 0 3680 136863 0 127738 9125 0 0 0 0 0 0 0 0 0 0 3954 0 3954 180623 25228 18623 132376 4745 444 4301 0 684 0 126947 0 4396 1278 3118
"198201" 177889 16063 3568 14637 1882 2646 2646 0 2167 133005 0 123992 9013 0 0 0 0 0 0 0 0 0 0 3921 0 3921 176387 26357 16612 129867 3350 484 2866 0 552 0 125965 0 3551 1298 2253
"198202" 178545 15889 3818 14777 2545 1638 1638 0 0 136007 0 127005 9002 0 0 0 0 0 0 0 0 0 0 3871 0 3871 177114 20198 20097 133326 4559 460 4099 0 731 0 128036 0 3493 1327 2166
"198203" 186578 16233 4218 14912 550 1123 1123 0 5616 139540 0 130591 8949 0 0 0 0 0 0 0 0 0 0 4386 0 4386 184899 20318 19198 141943 11398 423 10975 0 512 0 130033 0 3440 1341 2099
"198204" 194259 16882 4618 15043 2735 717 717 0 5773 144544 0 135607 8937 0 0 0 0 0 0 0 0 0 0 3947 0 3947 192900 26489 19532 142529 5462 429 5033 0 435 0 136632 0 4350 1359 2991
"198301" 188815 16088 4618 15213 486 2808 2808 0 0 145566 0 136651 8915 0 0 0 0 0 0 0 0 0 0 4036 0 4036 187126 23419 18286 142103 4070 498 3572 0 587 0 137446 0 3318 1393 1925
"198302" 194943 15417 4618 15392 1020 3610 3610 0 1580 149401 0 140511 8890 0 0 0 0 0 0 0 0 0 0 3905 0 3905 193274 18004 20451 151276 9297 533 8764 0 379 0 141600 0 3543 1421 2122
"198303" 206823 14811 4618 15568 -60 1625 1625 0 10925 154908 0 146171 8737 0 0 0 0 0 0 0 0 0 0 4428 0 4428 204935 20697 17410 162925 17025 468 16557 0 487 0 145413 0 3903 1446 2457
"198304" 203665 14761 4618 15732 1563 918 918 0 2010 159203 0 150558 8645 0 0 0 0 0 0 0 0 0 0 4860 0 4860 202200 21446 20996 155524 4124 463 3661 0 461 0 150939 0 4234 1465 2769
"198401" 201531 15087 4618 15889 787 896 896 0 0 159372 0 150814 8558 0 0 0 0 0 0 0 0 0 0 4882 0 4882 199545 22167 17333 156100 4187 503 3684 0 509 0 151404 0 3945 1499 2446
"198402" 206609 14783 4618 16113 -655 4760 4760 0 0 161360 0 152859 8501 0 0 0 0 0 0 0 0 0 0 5630 0 5630 204707 20252 18073 162329 4920 523 4397 0 412 0 156997 0 4053 1541 2512
"198403" 214321 14572 4618 16237 289 6633 6633 0 0 163511 0 155018 8493 0 0 0 0 0 0 0 0 0 0 8461 0 8461 212438 23612 18345 166360 8979 465 8514 0 386 0 156995 0 4121 1597 2524
"198404" 218245 14627 4618 16418 855 3577 3577 0 2015 167612 0 159223 8389 0 0 0 0 0 0 0 0 0 0 8523 0 8523 216619 21819 24238 165809 5829 513 5316 0 422 0 159558 0 4753 1626 3127
"198501" 216737 15024 4618 16588 298 2582 2582 0 0 169355 0 160983 8372 0 0 0 0 0 0 0 0 0 0 8272 0 8272 214269 26997 18058 165149 3617 554 3063 0 394 0 161138 0 4065 1687 2378
"198502" 223645 15190 4618 16783 262 1338 1338 0 0 177413 0 169110 8303 0 0 0 0 0 0 0 0 0 0 8041 0 8041 221390 27236 18857 171357 3876 588 3288 0 439 0 167042 0 3940 1721 2219
"198503" 226487 16005 4618 16924 69 2520 2520 0 0 177929 0 169702 8227 0 0 0 0 0 0 0 0 0 0 8422 0 8422 223982 27162 21070 171710 4720 546 4174 0 724 0 166266 0 4040 1753 2287
"198504" 243163 18062 4718 17052 988 3060 3060 0 5223 186025 0 177798 8227 0 0 0 0 0 0 0 0 0 0 8035 0 8035 241382 28631 25537 182369 9901 550 9351 0 540 0 171928 0 4845 1781 3064
"198601" 234540 18723 4718 17207 560 818 818 0 0 184807 0 176620 8187 0 0 0 0 0 0 0 0 0 0 7707 0 7707 232383 30782 21251 176704 3897 617 3280 0 338 511 171958 0 3646 1821 1825
"198602" 241940 19230 4818 17330 283 952 952 0 0 191986 0 183849 8137 0 0 0 0 0 0 0 0 0 0 7341 0 7341 239453 31940 22221 181624 3744 601 3143 0 370 450 177060 0 3668 1807 1861
"198603" 252585 20159 5018 17438 849 879 879 0 8123 192484 0 184437 8047 0 0 0 0 0 0 0 0 0 0 7635 0 7635 250164 36794 22609 187072 8006 492 7514 0 382 663 178021 0 3689 1849 1840
"198604" 275083 20479 5018 17567 1261 1565 1565 0 16005 205454 0 197625 7829 0 0 0 0 0 0 0 0 0 0 7734 0 7734 273209 48107 25652 195701 8015 427 7588 0 424 917 186345 0 3749 1874 1875
"198701" 261087 20486 5018 17735 5241 1587 1587 0 0 204128 0 196409 7719 0 0 0 0 0 0 0 0 0 0 6892 0 6892 258540 41973 22493 190443 4094 518 3576 0 466 577 185306 0 3631 1916 1715
"198702" 272864 20178 5018 17889 1579 972 972 0 3054 217931 0 210248 7683 0 0 0 0 0 0 0 0 0 0 6243 0 6243 270333 36102 23950 206282 14266 492 13774 0 346 458 191212 0 3999 1961 2038
"198703" 272602 18112 5018 18006 248 1941 1941 0 0 219564 0 211941 7623 0 0 0 0 0 0 0 0 0 0 9713 0 9713 270334 39027 24422 202869 9580 460 9120 0 507 419 192363 0 4016 2009 2007
"198704" 285836 16688 5018 18177 811 3815 3815 0 4961 226459 0 218906 7553 0 0 0 0 0 0 0 0 0 0 9907 0 9907 283789 41784 24858 212432 5759 446 5313 0 313 1027 205333 0 4715 2047 2668
"198801" 276642 17653 5018 18339 298 2311 2311 0 0 224895 0 217496 7399 0 0 0 0 0 0 0 0 0 0 8128 0 8128 274110 38777 23110 207930 2882 479 2403 0 649 436 203963 0 4293 2095 2198
"198802" 288906 17229 5018 18501 259 2464 2464 0 7426 229718 0 222450 7268 0 0 0 0 0 0 0 0 0 0 8291 0 8291 286737 35681 25565 220898 10194 432 9762 0 443 351 209910 0 4593 2110 2483
"198803" 296238 20524 5018 18637 1199 2154 2154 0 9490 230764 0 223573 7191 0 0 0 0 0 0 0 0 0 0 8452 0 8452 293713 39038 22093 227590 13412 389 13023 0 392 358 213428 0 4992 2097 2895
"198804" 304294 20131 5018 18799 1286 2170 2170 0 6861 240628 0 233662 6966 0 0 0 0 0 0 0 0 0 0 9401 0 9401 302181 39347 27561 230061 9051 395 8656 0 374 548 220088 0 5212 2113 3099
"198901" 292581 21475 5368 19036 557 2454 2454 0 0 235422 0 228643 6779 0 0 0 0 0 0 0 0 0 0 8269 0 8269 290295 37394 22203 226332 4919 457 4462 0 415 246 220752 0 4366 2131 2235
"198902" 306775 30216 8518 19253 -203 841 841 0 0 238421 0 231767 6654 0 0 0 0 0 0 0 0 0 0 9729 0 9729 304014 37381 22775 239477 12627 474 12153 0 288 156 226406 0 4381 2145 2236
"198903" 302034 37408 8518 19425 501 598 598 0 0 227606 0 221051 6555 0 0 0 0 0 0 0 0 0 0 7978 0 7978 298536 32253 23122 238925 13892 440 13452 0 366 209 224458 0 4236 2198 2038
"198904" 314704 42334 8518 19627 1131 481 481 0 2117 233300 0 226775 6525 0 0 0 0 0 0 0 0 0 0 7196 0 7196 312461 38327 28671 240285 6672 455 6217 0 607 1222 231784 0 5178 2243 2935
"199001" 307102 44451 8518 19841 376 2163 2163 0 1933 224423 0 217899 6524 0 0 0 0 0 0 0 0 0 0 5397 0 5397 304929 36129 23251 240341 5372 540 4832 0 302 241 234426 0 5208 2313 2895
"199002" 317837 45231 8518 20066 656 586 586 0 0 237829 0 231383 6446 0 0 0 0 0 0 0 0 0 0 4951 0 4951 314979 36336 24294 249320 6050 580 5470 0 382 183 242705 0 5029 2344 2685
"199003" 323020 45456 8518 20221 1877 505 505 0 0 240750 0 234373 6377 0 0 0 0 0 0 0 0 0 0 5693 0 5693 319834 33834 24752 255984 8165 527 7638 0 437 235 247147 0 5264 2399 2865
"199004" 342296 43632 10018 20402 2222 190 190 0 18354 241432 0 235090 6342 0 0 0 0 0 0 0 0 0 0 6046 0 6046 339873 38658 32590 264446 9521 561 8960 0 390 162 254373 0 4179 2423 1756
"199101" 327141 41098 10018 20574 2582 244 244 0 0 247307 0 240965 6342 0 0 0 0 0 0 0 0 0 0 5318 0 5318 326519 24067 24707 273881 11545 623 10922 0 236 124 261976 0 3864 2501 1363
"199102" 332550 39682 10018 20749 442 1479 1479 0 1439 253697 0 247484 6213 0 0 0 0 0 0 0 0 0 0 5044 0 5044 330405 22201 25627 278743 12435 613 11822 0 234 141 265933 0 3834 2545 1289
"199103" 338233 36938 10018 20886 232 315 315 0 0 264708 0 258554 6154 0 0 0 0 0 0 0 0 0 0 5136 0 5136 334178 27404 28757 273892 8535 607 7928 0 392 213 264752 0 4125 2565 1560
"199104" 364603 38622 10018 21014 731 218 218 0 15898 272530 0 266486 6044 0 0 0 0 0 0 0 0 0 0 5572 0 5572 361952 29413 33603 295097 18333 636 17697 0 985 1626 274153 0 3839 2652 1187
"199201" 347421 37050 10018 21135 512 52 52 0 1805 271756 0 265796 5960 0 0 0 0 0 0 0 0 0 0 5093 0 5093 344294 29480 29338 281986 7557 711 6846 0 384 175 273870 0 3490 2745 745
"199202" 355688 35477 10018 21253 -166 1359 1359 0 0 282593 0 276883 5710 0 0 0 0 0 0 0 0 0 0 5154 0 5154 351012 22740 29693 295878 14242 612 13630 0 233 165 281238 0 2701 2832 -131
"199203" 377609 35418 10018 21338 -227 609 609 0 18160 285246 0 279712 5534 0 0 0 0 0 0 0 0 0 0 7047 0 7047 374403 27665 30194 313607 25113 527 24586 0 554 216 287724 0 2937 2977 -40
"199204" 381738 32476 8018 21447 3253 675 675 0 8094 300424 0 295011 5413 0 0 0 0 0 0 0 0 0 0 7351 0 7351 378685 32079 31870 311315 8000 508 7492 0 237 247 302831 0 3421 3054 367
"199301" 382567 33289 8018 21573 337 753 753 0 7323 303584 0 298461 5123 0 0 0 0 0 0 0 0 0 0 7690 0 7690 379160 34533 30561 310062 7267 515 6752 0 327 212 302256 0 4004 3187 817
"199302" 408148 33286 8018 21705 221 1534 1534 0 16005 318175 0 313143 5032 0 0 0 0 0 0 0 0 0 0 9204 0 9204 404960 27724 32210 341203 28818 432 28386 0 294 183 311908 0 3823 3288 535
"199303" 408930 34230 8018 21866 947 2918 2918 0 8442 324161 0 319357 4804 0 0 0 0 0 0 0 0 0 0 8348 0 8348 404988 29934 31735 338171 17673 384 17289 0 508 200 319790 0 5148 3331 1817
"199304" 423836 33291 8018 22095 909 94 94 0 13212 336653 0 332015 4638 0 0 0 0 0 0 0 0 0 0 9564 0 9564 420434 34951 32671 348467 15186 377 14809 0 396 285 332600 0 4345 3401 944
"199401" 421002 34250 8018 22318 444 463 463 0 5450 341487 0 337260 4227 0 0 0 0 0 0 0 0 0 0 8572 0 8572 416513 35733 31439 344814 6551 370 6181 0 460 210 337593 0 4527 3445 1082
"199402" 436542 33361 8018 22528 866 701 701 0 10639 351564 0 347644 3920 0 0 0 0 0 0 0 0 0 0 8865 0 8865 431866 33358 34426 358228 9709 353 9356 0 615 177 347727 0 5854 3523 2331
"199403" 433704 34153 8018 22779 188 504 504 0 2510 356816 0 353010 3806 0 0 0 0 0 0 0 0 0 0 8736 0 8736 429131 30054 31155 362183 7211 363 6848 0 347 215 354410 0 5739 3608 2131
"199404" 452082 32984 8018 22994 -716 223 223 0 10590 368156 0 364519 3637 0 0 0 0 0 0 0 0 0 0 9833 0 9833 448398 30789 38129 374238 7496 335 7161 0 256 772 365714 0 5242 3683 1559
"199501" 450064 36242 8018 23226 57 84 84 0 6698 367115 0 363707 3408 0 0 0 0 0 0 0 0 0 0 8624 0 8624 443980 30009 31291 375906 4904 361 4543 0 380 290 370332 0 6774 3786 2988
"199502" 468884 34918 8018 23490 292 217 217 0 16785 375737 0 372641 3096 0 0 0 0 0 0 0 0 0 0 9427 0 9427 464199 24946 33596 398487 21296 319 20977 0 182 131 376878 0 7170 3815 3355
"199503" 453413 32608 10168 23760 73 421 421 0 6520 370564 0 367669 2895 0 0 0 0 0 0 0 0 0 0 9299 0 9299 448857 23432 33072 385573 8942 322 8620 0 219 218 376194 0 6780 3915 2865
"199504" 471896 32053 10168 24003 107 135 135 0 13862 380831 0 378197 2634 0 0 0 0 0 0 0 0 0 0 10737 0 10737 467929 29611 40562 391153 6249 270 5979 0 404 818 383682 0 6603 3966 2637
"199601" 459741 30943 10168 24269 28 43 43 0 4896 379582 0 377056 2526 0 0 0 0 0 0 0 0 0 0 9812 0 9812 455325 24740 34386 389673 7335 314 7021 0 210 234 381894 0 6526 4037 2489
"199602" 469234 30509 10168 24520 -190 636 636 0 7086 386302 0 383914 2388 0 0 0 0 0 0 0 0 0 0 10203 0 10203 464462 24594 35677 397507 7981 280 7701 0 191 223 389112 0 6684 4138 2546
"199603" 471922 30440 9718 24744 640 1654 1654 0 8352 386219 0 383910 2309 0 0 0 0 0 0 0 0 0 0 10155 0 10155 467228 20997 38227 400670 7986 286 7700 0 270 269 392145 0 7334 4535 2799
"199604" 495199 30218 9718 24966 4296 85 85 0 21583 393132 0 390907 2225 0 0 0 0 0 0 0 0 0 0 11201 0 11201 490704 24524 45186 414419 7991 249 7742 0 181 785 405462 0 6575 4602 1973
"199701" 485952 28907 9200 25157 -519 3998 3998 0 11581 397070 0 395076 1994 0 0 0 0 0 0 0 0 0 0 10558 0 10558 480559 21845 37151 414807 6258 313 5945 0 926 247 407376 0 6756 4762 1994
"199702" 507522 28927 9200 25274 461 1894 1894 0 16573 412410 0 410914 1496 0 0 0 0 0 0 0 0 0 0 12783 0 12783 502084 23219 38407 432273 16711 343 16368 0 195 211 415156 0 8185 5050 3135
"199703" 502182 28549 9200 25402 -263 313 313 0 13918 412747 0 411822 925 0 0 0 0 0 0 0 0 0 0 12316 0 12316 495821 21791 38531 428099 7947 255 7692 0 193 288 419671 0 7400 5227 2173
"199704" 533975 28000 9200 25543 719 2035 2035 0 23840 431421 0 430736 685 0 0 0 0 0 0 0 0 0 0 13217 0 13217 528754 30838 45004 444255 5669 225 5444 0 464 799 437323 0 8657 5433 3224
"199801" 519595 27671 9200 25664 1502 29 29 0 8296 433807 0 433182 625 0 0 0 0 0 0 0 0 0 0 13426 0 13426 513959 24445 37784 443370 5755 265 5490 0 177 255 437183 0 8360 5471 2889
"199802" 541164 28325 9200 25786 1416 963 963 0 20546 440299 0 439773 526 0 0 0 0 0 0 0 0 0 0 14629 0 14629 534732 23651 38413 464140 18344 204 18140 0 211 198 445387 0 8528 5791 2737
"199803" 540495 29407 9200 25991 -1230 1055 1055 0 14234 446450 0 446047 403 0 0 0 0 0 0 0 0 0 0 15388 0 15388 533389 25706 39198 460698 5044 92 4952 0 357 254 455043 0 7787 5910 1877
"199804" 566836 30719 9200 26270 1636 17 17 0 30376 452479 0 452141 338 0 0 0 0 0 0 0 0 0 0 16139 0 16139 560884 26306 42057 483276 6171 85 6086 0 177 1501 475427 0 9245 5952 3293
"199901" 560268 26097 8200 26638 -882 246 246 0 18336 465997 0 465686 311 0 0 0 0 0 0 0 0 0 0 15636 0 15636 553913 22541 38555 485022 5509 135 5374 0 180 98 479235 0 7795 6122 1673
"199902" 577221 25715 8200 27004 272 220 220 0 14279 485125 0 484866 259 0 0 0 0 0 0 0 0 0 0 16406 0 16406 570495 22156 40551 498806 6810 90 6720 0 425 96 491475 0 8982 6282 2700
"199903" 589946 27036 7200 27457 65 480 480 0 22063 489275 0 489037 238 0 0 0 0 0 0 0 0 0 0 16370 0 16370 582495 21684 41020 510133 6734 93 6641 0 256 62 503081 0 9658 6330 3328
"199904" 696855 27064 6200 28013 -237 233 233 0 140640 478144 0 477963 181 0 0 0 0 0 0 0 0 0 0 16798 0 16798 690423 24027 66555 591523 28511 109 28402 0 85 1123 561804 0 8318 6432 1886
"200001" 604060 26737 6200 29003 -213 236 236 0 23745 501858 0 501708 150 0 0 0 0 0 0 0 0 0 0 16494 0 16494 596068 18196 35187 532743 4531 174 4357 0 138 61 528013 0 9942 6744 3198
"200002" 609745 26482 4200 29979 -12 512 512 0 26930 505090 0 504950 140 0 0 0 0 0 0 0 0 0 0 16564 0 16564 605671 18513 36992 540601 6284 76 6208 0 118 76 534123 0 9565 6865 2700
"200003" 608520 26574 3200 30811 372 372 372 0 17320 511543 0 511413 130 0 0 0 0 0 0 0 0 0 0 18328 0 18328 604657 17624 34494 542964 8643 184 8459 0 152 51 534118 0 9575 6933 2642
"200004" 635935 26596 2200 31643 901 110 110 0 43375 511833 0 511703 130 0 0 0 0 0 0 0 0 0 0 19277 0 19277 629140 19045 44391 556380 5599 450 5149 0 229 1249 549303 0 9324 6997 2327
"200101" 625275 25481 2200 32271 180 22 22 0 21995 523872 0 523862 10 0 0 0 0 0 0 0 0 0 0 19254 0 19254 618721 17828 36000 556187 6135 478 5657 0 83 116 549853 0 8706 7029 1677
"200102" 638536 25352 2200 32670 -374 150 150 0 23250 535120 0 535110 10 0 0 0 0 0 0 0 0 0 0 20168 0 20168 631236 18647 37171 567388 7632 444 7188 0 115 138 559503 0 8030 7143 887
"200103" 663462 26296 2200 32957 -549 88 88 0 47880 534146 0 534136 10 0 0 0 0 0 0 0 0 0 0 20444 0 20444 655824 24937 36657 586259 10218 422 9796 0 622 63 575356 0 7971 7266 705
"200104" 682958 25490 2200 33017 -23 34 34 0 50250 551685 0 551675 10 0 0 0 0 0 0 0 0 0 0 20305 0 20305 675647 17478 47330 603808 7070 425 6645 0 74 693 595971 0 7031 7373 -342
"200201" 686740 25327 2200 33630 -476 20 20 0 29500 575366 0 575356 10 0 0 0 0 0 0 0 0 0 0 21173 0 21173 678661 22415 34918 613400 6104 412 5692 0 267 74 606955 0 7928 7648 280
"200202" 706930 27090 2200 33995 -238 184 184 0 32000 590693 0 590683 10 0 0 0 0 0 0 0 0 0 0 21006 0 21006 697428 22324 36549 630049 8511 395 8116 0 103 84 621351 0 8506 8330 176
"200203" 710178 27045 2200 34315 396 177 177 0 21750 604201 0 604191 10 0 0 0 0 0 0 0 0 0 0 20094 0 20094 701145 23168 37850 630739 8259 380 7879 0 164 84 622232 0 9388 8264 1124
"200204" 753649 27862 2200 34597 418 40 40 0 39500 629416 0 629406 10 0 0 0 0 0 0 0 0 0 0 19616 0 19616 745269 22541 47818 645685 4787 367 4420 0 146 1052 639700 21091 8134 8380 -246
"200301" 756668 28304 2200 34798 -1197 30 30 0 31750 641474 0 641464 10 0 0 0 0 0 0 0 0 0 0 19309 0 19309 747175 26787 38532 654726 7119 373 6746 0 267 81 647259 19418 7712 8505 -793
"200302" 768964 28726 2200 35065 -525 768 768 0 31750 652128 0 652118 10 0 0 0 0 0 0 0 0 0 0 18852 0 18852 759951 27720 39540 662063 7304 365 6939 0 917 67 653775 22080 8548 8657 -109
"200303" 778839 29552 2200 35273 -496 174 174 0 37500 656126 0 656116 10 0 0 0 0 0 0 0 0 0 0 18510 0 18510 768647 29141 40361 665510 7565 341 7224 0 96 87 657762 24983 8652 8746 -94
"200304" 796839 30782 2200 35468 -319 62 62 0 43750 666665 0 666665 0 0 0 0 0 0 0 0 0 0 0 18231 0 18231 787992 23058 47951 683034 6044 321 5723 0 176 578 676236 25652 8297 8847 -550
"200401" 787969 30832 2200 35761 -589 64 64 0 27500 674084 0 674084 0 0 0 0 0 0 0 0 0 0 0 18117 0 18117 778286 24955 40957 681621 6250 366 5884 0 97 95 675179 21701 9052 8978 74
"200402" 807844 30371 2200 36039 163 323 323 0 33500 687391 0 687391 0 0 0 0 0 0 0 0 0 0 0 17857 0 17857 798138 29628 43347 696564 6335 303 6032 0 293 100 689836 19228 9371 9226 145
"200403" 818428 30576 2200 36279 1839 236 236 0 29250 700341 0 700341 0 0 0 0 0 0 0 0 0 0 0 17707 0 17707 808302 24664 42019 702876 6278 291 5987 0 142 103 696353 25693 13050 10502 2548
"200404" 841276 32280 2200 36434 925 43 43 0 33000 717819 0 717819 0 0 0 0 0 0 0 0 0 0 0 18575 0 18575 829645 24043 41528 720768 6182 270 5912 0 95 1142 713349 30783 12523 11914 609
"200501" 834707 31446 2200 36545 -1413 52 52 0 31000 717326 0 717326 0 0 0 0 0 0 0 0 0 0 0 17551 0 17551 822705 24984 42128 718255 5503 284 5219 0 153 90 712509 24106 13232 12560 672
"200502" 845630 30437 2200 36615 -977 235 235 0 34500 724722 0 724722 0 0 0 0 0 0 0 0 0 0 0 17898 0 17898 832778 23108 45314 724237 4610 237 4373 0 117 111 719399 26183 13936 12937 999
"200503" 848910 30248 2200 36429 -311 910 910 0 25750 736360 0 736360 0 0 0 0 0 0 0 0 0 0 0 17324 0 17324 835149 21927 41161 730161 4618 237 4381 0 115 107 725321 26920 14980 13307 1673
"200504" 878659 29854 2200 36540 885 72 72 0 46750 744215 0 744215 0 0 0 0 0 0 0 0 0 0 0 18143 0 18143 865743 19043 50081 750822 4775 202 4573 0 95 2019 743933 30505 15292 13536 1756
"200601" 872782 30217 2200 37879 -856 566 566 0 26750 758542 0 758542 0 0 0 0 0 0 0 0 0 0 0 17484 0 17484 858405 21022 40018 754589 5664 209 5455 0 98 76 748751 26540 16236 13759 2477
"200602" 885822 31105 2200 37990 -1037 291 291 0 31250 766364 0 766364 0 0 0 0 0 0 0 0 0 0 0 17659 0 17659 870791 20963 42622 760477 5699 174 5525 0 156 87 754535 29164 17565 14970 2595
"200603" 878586 30870 2200 38084 -1099 322 322 0 21500 768924 0 768924 0 0 0 0 0 0 0 0 0 0 0 17785 0 17785 863236 17330 40074 756315 5601 150 5451 0 112 94 750508 31155 18362 15069 3293
"200604" 908219 31388 2200 38206 -333 67 67 0 40750 778915 0 778915 0 0 0 0 0 0 0 0 0 0 0 17026 0 17026 892894 18699 51712 774349 4960 252 4708 0 113 812 768464 29615 18519 15325 3194
"200701" 902434 31783 2200 38371 -870 27 27 0 33250 780901 0 780901 0 0 0 0 0 0 0 0 0 0 0 16772 0 16772 885319 18328 41179 769145 4546 301 4245 0 104 88 764407 37283 19384 15846 3538
"200702" 904460 31676 2200 38521 -1301 204 204 0 25250 790522 0 790522 0 0 0 0 0 0 0 0 0 0 0 17388 0 17388 886951 17293 43452 774585 4955 306 4649 0 211 77 769342 32349 19272 16102 3170
"200703" 914454 33038 2200 38639 -722 202 202 0 44750 779632 0 779632 0 0 0 0 0 0 0 0 0 0 0 16715 0 16715 896052 23014 41482 775214 5875 336 5539 0 128 86 769125 35689 20653 17274 3379
"200704" 951284 34201 2200 38681 -19 48636 48636 0 46500 740611 0 740611 0 0 0 0 0 0 0 0 0 0 0 40474 24000 16474 932835 20767 54997 792115 16379 259 16120 0 111 1684 773941 43985 20971 18450 2521
"200801" 932361 36508 2200 38679 -555 111292 111292 0 76000 630977 0 591234 0 39743 0 0 39743 0 0 0 0 0 0 37260 21000 16260 910583 24162 45430 775879 5883 331 5552 0 113 94 769789 44101 21011 19549 1462
"200802" 951963 36709 2200 38677 -638 174189 174189 0 114500 509124 0 478841 0 30283 0 0 1455 28828 0 0 0 0 0 77202 62000 15202 930658 33497 45710 786274 5257 279 4978 0 226 139 780652 43822 21355 19874 1481
"200803" 1541401 34255 2200 38675 -954 300057 200020 100037 83000 780932 0 476627 14500 289805 0 0 199734 28991 61080 0 0 0 0 303236 288263 14973 1519515 222059 47985 1149333 332749 270 32988 299491 131 26185 790268 77937 22201 20312 1889
"200804" 2270630 35708 2200 38674 -1494 559695 544010 15685 80000 986040 0 475921 19708 490411 0 0 45484 29087 38914 19522 24384 333020 0 569807 553728 16079 2249554 860000 57725 1220333 365707 259 106123 259325 1380 21073 832173 88352 23144 21076 2068
"200901" 2117345 34522 2200 42261 -3075 540810 536358 4452 0 1168115 0 492323 287029 388763 4692 0 20409 29123 45966 18638 24168 245767 0 332512 309917 22595 2093436 805213 50305 1142833 267395 310 67151 199934 1154 20874 853410 70590 24495 22558 1937
"200902" 2038269 35487 2200 42427 -2831 328511 318670 9841 0 1469451 0 656466 559051 253934 25112 0 5070 29159 43457 17712 22614 110810 0 163024 114585 48439 2013920 660537 51142 1196561 316241 318 115984 199939 1764 19973 858583 72669 33011 24246 8765
"200903" 2180011 36961 5200 42564 -2535 207232 207180 52 0 1776621 0 769160 823541 183920 42709 0 27 29196 38743 16801 19855 36589 0 113968 56756 57212 2153824 848085 50745 1154381 273562 293 108324 164945 1918 15855 863046 68913 31700 24918 6782
"200904" 2267222 36176 5200 42691 -2097 96618 96618 0 0 1987670 0 776588 1068250 142832 47532 0 0 29233 22184 16005 18499 9379 25106 75858 10272 65586 2241581 976988 54922 1102739 191872 239 186632 5001 2425 35115 873327 77732 29200 25640 3560
"201001" 2338676 35358 5200 42745 -1625 11523 11523 0 0 2151816 0 776705 1237685 137426 47221 0 0 29277 25377 15283 17324 2944 25416 68243 0 68243 2312692 1053876 51802 1120506 216721 223 91519 124979 1683 19315 882787 57766 28742 26255 2487
"201002" 2363444 34693 5200 43205 -1948 673 673 0 0 2187329 0 776989 1282889 127451 42477 0 0 29332 24676 14672 16294 0 25733 68559 1245 67314 2333862 972337 53787 1207754 287813 233 87615 199965 1229 27368 891344 67223 32761 26620 6141
"201003" 2327742 36846 5200 43411 -1574 296 296 0 0 2150311 0 811669 1232644 105998 29699 0 0 28206 18891 14064 15138 0 26057 67195 61 67134 2297379 932435 50605 1218723 308087 237 107888 199962 2487 4005 904144 63810 31806 26686 5120
