"DATES" "FL154090005.Q" "FL154000025.Q" "FL153091003.Q" "FL153020005.Q" "FL153030005.Q" "FL153034005.Q" "FL154004005.Q" "FL163069103.Q" "FL153061505.Q" "FL313161400.Q" "FL153061105.Q" "FL153061705.Q" "FL153062005.Q" "FL153063005.Q" "FL153069803.Q" "FL153065005.Q" "FL153064105.Q" "FL153064205.Q" "FL153067005.Q" "FL153040005.Q" "FL153050005.Q" "FL152090205.Q" "FL153090005.Q" "FL154190005.Q" "FL154104005.Q" "FL153165105.Q" "FL153166000.Q" "FL163162005.Q" "FL153168005.Q" "FL153169005.Q" "FL163165505.Q" "FL153167005.Q" "FL163170003.Q" "FL543077003.Q"
"195201" 812888 133749 0 60540 73209 0 99584 978 66245 49081 17164 123 7499 6134 0 18605 154368 3612 748 58445 29583 323343 9456 85975 82425 53102 24597 0 377 2807 1541 1387 1058 1105
"195202" 825291 134094 0 58632 75462 0 101852 893 65904 49010 16894 0 9835 6355 0 18865 161366 3696 695 59153 30860 323942 9633 90151 86525 54832 26878 0 355 2846 1614 1419 1084 1123
"195203" 835114 138664 0 61680 76984 0 103904 1047 67045 49026 18019 0 10606 6130 0 19076 161327 3837 677 59892 32292 324710 9811 93157 89475 56671 27965 0 256 2882 1701 1430 1110 1142
"195204" 830146 142709 0 63397 79312 0 104619 1040 67389 49173 18216 0 10957 5997 0 19236 150984 3932 714 60665 33476 322399 10648 97636 93875 58433 30522 0 238 2902 1781 1466 1133 1162
"195301" 831224 145498 0 64272 81226 0 105569 1270 66956 49521 17435 53 11875 5846 0 19569 147995 3867 737 61439 34586 320704 10829 99943 95976 60023 30901 0 249 2953 1850 1629 1154 1184
"195302" 825338 144820 0 61005 83815 0 109353 1213 69312 49258 20054 136 12743 6113 0 19836 138160 3778 639 62199 36124 319269 10996 104427 100229 62243 32672 0 412 3010 1892 1818 1173 1207
"195303" 828651 149175 0 63777 85398 0 109987 1389 69128 49263 19865 210 13542 5748 0 19970 133430 3753 663 62937 37389 320171 11146 107043 102867 64222 33354 0 217 3061 2014 1753 1192 1231
"195304" 847819 152045 0 64569 87476 0 109581 1296 68038 49371 18667 155 13873 5987 0 20232 145753 4146 708 63647 38505 322141 11293 110379 106083 65950 34614 0 316 3130 2073 1830 1212 1254
"195401" 863896 152473 0 63014 89459 0 110305 1424 68196 49421 18775 141 14386 5719 0 20439 157808 4512 786 64339 39764 322501 11408 110161 105807 67363 32744 0 353 3198 2149 1846 1233 1275
"195402" 885057 154315 0 61940 92375 0 110058 1300 67555 49545 18010 141 14678 5622 0 20762 174526 4895 833 65018 41204 322721 11487 114531 109988 70179 34006 0 284 3266 2253 1994 1255 1294
"195403" 914129 160217 0 66260 93957 0 109426 1301 66201 49703 16498 153 15246 5473 0 21052 194488 5469 919 65687 42347 324003 11573 117393 112571 72281 34242 0 382 3325 2341 2230 1277 1315
"195404" 926119 162933 0 66317 96616 0 109490 1072 66087 49966 16121 148 15964 4852 0 21367 198838 6110 1020 66349 43858 325853 11668 122646 117401 75300 35963 0 444 3375 2319 2606 1298 1341
"195501" 942395 164855 0 66141 98714 0 112015 1362 67640 50165 17475 40 16484 4750 0 21739 205607 6525 1023 67031 45342 328187 11810 125929 120337 78180 35702 0 643 3471 2340 2903 1318 1371
"195502" 972075 164964 0 63684 101280 0 113906 1457 68240 50184 18056 118 17509 4552 0 22030 228787 7186 913 67740 47818 328843 11918 132866 127160 81638 38755 0 1186 3519 2062 2965 1336 1405
"195503" 1001433 170148 0 67401 102747 0 116214 1503 69181 50178 19003 233 18360 4681 0 22256 244536 7257 985 68498 50186 331600 12009 138523 132660 84973 40543 0 1485 3568 2091 3065 1356 1442
"195504" 1015395 172390 0 67303 105087 0 117619 1354 68843 50229 18614 606 19174 4975 0 22667 248246 7839 899 69254 51966 335009 12173 143856 137951 87878 42949 0 1652 3605 1867 3042 1381 1482
"195601" 1047425 174054 0 66867 107187 0 120901 1832 70474 50397 20077 722 19569 5167 0 23137 266699 8555 972 70104 53886 340007 12247 145694 139723 90294 42251 0 1292 3671 2214 3033 1413 1525
"195602" 1048053 175458 0 65301 110157 0 122481 1682 70183 50320 19863 959 20436 5615 0 23606 257232 8613 835 71013 55095 344970 12356 150981 144919 93259 44281 0 1276 3754 2350 3037 1452 1573
"195603" 1055238 180073 0 68316 111757 0 124355 1601 70632 50238 20394 1116 21308 5785 0 23913 252081 8506 867 71904 56680 348339 12433 154441 148293 96111 44978 0 734 3808 2662 3033 1493 1622
"195604" 1084032 183445 0 69077 114368 0 124884 1420 70225 50135 20090 960 21900 6111 0 24268 270997 9046 882 72724 58241 351265 12548 159153 152872 98686 46580 0 1039 3892 2674 3082 1530 1669
"195701" 1080871 185850 0 68305 117545 0 127850 1836 70878 49552 21326 934 22537 6854 0 24811 256792 9106 815 73468 59600 354718 12672 160329 154097 100791 45242 0 1424 3991 2649 2955 1563 1714
"195702" 1107779 187080 0 65998 121082 0 128643 1617 70743 49090 21653 1155 22812 7041 0 25275 275127 9687 814 74135 62266 357274 12753 165341 158837 102981 47223 0 1914 4107 2613 3150 1594 1760
"195703" 1092860 191990 0 68990 123000 0 131128 1713 71650 48602 23048 1101 23526 7352 0 25786 248019 9001 833 74784 63406 360871 12828 168467 161992 105340 47971 0 1613 4221 2847 3046 1625 1804
"195704" 1096529 194305 0 68137 126168 0 131939 1715 71507 48226 23281 1464 23851 7176 0 26226 244492 8714 894 75462 64590 363222 12911 171553 165307 107317 49217 0 1416 4355 3002 2745 1658 1843
"195801" 1127289 197560 0 67994 129566 0 133195 1979 70949 48146 22803 1209 24382 7983 0 26693 260601 9463 951 76183 66698 369611 13027 170808 164246 108918 46775 0 560 4496 3498 2991 1694 1877
"195802" 1150289 197913 0 64248 133665 0 132145 2034 71186 48025 23161 825 23317 7301 0 27482 276372 10610 1045 76958 69111 373090 13045 174365 167313 111085 47704 0 55 4625 3845 3418 1731 1903
"195803" 1197803 206454 0 69941 136513 0 131175 2064 68645 47861 20784 799 23794 7760 0 28113 308041 11791 1116 77752 71972 376338 13164 177748 170567 113980 47940 0 69 4726 3852 3481 1769 1931
"195804" 1224584 210412 0 70481 139931 0 132663 1817 68638 47703 20935 834 24616 7924 0 28834 322286 13242 1156 78535 74947 378101 13242 183608 176137 117124 49490 0 1008 4821 3694 3693 1809 1969
"195901" 1242773 212780 0 70376 142404 0 135720 1866 69977 47467 22510 918 25460 8222 0 29277 330005 14132 1272 79331 77007 379147 13379 186168 178367 119882 48991 0 534 4938 4022 3724 2060 2017
"195902" 1264217 215914 0 69638 146276 0 136932 1883 69458 47035 22423 1524 26068 8114 0 29885 343082 14973 1118 80133 80082 378470 13513 193229 185237 123292 51878 0 840 5084 4143 3818 2100 2074
"195903" 1270184 222269 0 73672 148597 0 139987 2064 70444 46486 23958 2012 27058 8149 0 30260 337473 14747 1031 80994 82234 377788 13661 199260 191315 126953 53918 0 1034 5237 4173 3662 2150 2133
"195904" 1300320 223862 0 72785 151077 0 142784 1607 71584 45907 25677 2268 28362 8217 0 30746 357289 15818 989 81956 85033 378788 13801 206149 198076 130044 57213 0 1235 5433 4151 3686 2200 2187
"196001" 1290062 224330 0 71291 153039 0 149636 2740 75466 45736 29730 1631 28972 9539 0 31288 335314 15312 980 82895 86259 381409 13927 207216 199365 132526 55757 0 744 5630 4709 3373 2240 2238
"196002" 1306889 226100 0 69328 156772 0 151011 2779 74183 45611 28572 1910 30072 10010 0 32057 343263 16097 1011 83772 89296 382290 14049 213908 205908 135313 58622 0 1367 5894 4712 3422 2290 2288
"196003" 1291870 233147 0 73178 159969 0 151097 2843 73602 45579 28023 1295 30503 10087 0 32767 316779 15640 1056 84539 90160 385269 14183 218450 210343 138529 59590 0 1276 6094 4853 3501 2270 2336
"196004" 1348547 237568 0 74549 163019 0 150918 2550 72194 45642 26552 1034 31007 10612 0 33521 359768 17026 1137 85184 93865 388749 14332 223834 215580 141324 61248 0 1890 6252 4866 3565 2310 2379
"196101" 1405090 240715 0 72609 168106 0 151286 3048 72095 45906 26189 360 30769 10639 0 34375 402586 19440 1538 85872 97898 391274 14481 224676 216018 143595 59339 0 1566 6450 5069 3931 2310 2417
"196102" 1416760 244264 0 70741 173523 0 152162 2960 70684 46045 24639 225 31610 11481 0 35202 402134 20003 1275 86665 100808 394806 14643 230652 221416 146552 60597 0 2611 6657 4999 4378 2410 2448
"196103" 1443942 249904 0 73749 176155 0 153621 2911 72300 46228 26072 245 31180 11026 0 35959 412567 21007 1205 87588 103423 399824 14803 234819 225576 150128 61082 0 2352 6838 5177 4325 2440 2478
"196104" 1492725 254490 0 73399 181091 0 154854 2188 71944 46445 25499 593 32506 10840 0 36783 443217 22875 1192 88631 107215 405285 14966 241880 232266 153976 63435 0 2612 6977 5267 4602 2500 2512
"196201" 1496851 259007 0 71745 187262 0 156507 3090 73081 46602 26479 568 31469 10973 0 37326 433050 22981 1123 89663 108989 410429 15102 243168 233808 156437 62038 0 2808 7146 5379 4261 2550 2549
"196202" 1395349 263770 0 69522 194248 0 156886 3105 73108 46664 26444 411 31384 10954 0 37924 329789 18257 1376 90651 106318 413057 15245 250291 241229 160186 65435 0 2698 7361 5548 3895 2580 2587
"196203" 1432559 271694 0 72042 199652 0 158864 3342 74836 46817 28019 287 31852 10193 0 38354 348408 18796 1077 91563 109271 417498 15388 256415 246978 164293 66626 0 2798 7578 5683 4211 2600 2626
"196204" 1534686 279932 0 73023 206909 0 158200 2993 73718 46968 26750 236 32087 10211 0 38955 431230 20909 1226 92398 113731 421515 15545 264027 254251 168256 69344 0 3118 7744 5788 4479 2630 2667
"196301" 1572573 288168 0 74491 213677 0 156021 3850 70567 47319 23248 10 31665 10656 0 39273 455641 22156 1184 93355 117121 423227 15700 266744 256795 171301 68935 0 2627 7930 6003 4558 2680 2711
"196302" 1607207 294408 0 73318 221090 0 157001 4362 70564 47582 22982 1 31642 10389 0 40043 477302 23306 1155 94378 121414 422381 15862 276332 265487 175751 72217 0 3381 8108 6030 5327 2760 2758
"196303" 1640013 302085 0 76214 225871 0 158004 4754 71976 47853 24123 1 31128 9877 0 40268 497411 24118 1188 95473 124643 421073 16018 284030 272586 180611 74362 0 3095 8268 6251 5788 2850 2806
"196304" 1633218 310625 0 77735 232890 0 159802 4196 72892 48149 24743 1 32094 10143 0 40476 469895 24819 1222 96635 127964 426078 16178 292936 281156 185054 77870 0 3510 8407 6316 5987 2940 2853
"196401" 1675977 313772 0 75206 238566 0 162153 4649 74239 48383 25856 1 32475 9961 0 40828 499442 26433 1245 97719 132524 426300 16389 296958 285171 188724 78041 0 3275 8612 6519 5819 3070 2898
"196402" 1712572 321600 0 75716 245884 0 163627 5403 74497 48590 25907 1 33112 9509 0 41105 515081 27156 1152 98806 137404 431135 16611 306382 294495 193315 81812 0 4066 8791 6511 5826 3120 2941
"196403" 1752946 332305 0 80761 251544 0 164853 5042 74484 48798 25686 1 34138 9628 0 41560 532323 28523 1149 99913 141251 435766 16863 313275 301450 198023 84142 0 3526 8985 6775 5669 3170 2986
"196404" 1787593 339173 0 80368 258805 0 166179 5173 73571 49060 24511 246 34854 10290 0 42045 544127 28447 1669 101051 144772 445012 17163 322060 310302 202282 87352 0 4825 9155 6688 5519 3200 3039
"196501" 1820688 344803 0 78321 266482 0 168815 6231 76555 49267 27288 22 33771 10113 0 42123 557830 29751 1623 102149 148653 449583 17481 325710 313866 205839 87645 0 4014 9358 7010 5477 3270 3097
"196502" 1813662 351515 0 78568 272947 0 169363 6710 76144 49365 26779 619 33792 9669 0 42429 534567 29291 1902 103382 151419 454399 17824 335263 323235 210278 92243 0 3958 9564 7192 5488 3380 3160
"196503" 1887197 363296 0 84698 278598 0 170535 6422 75984 49498 26486 910 34915 9965 0 42339 581085 32050 2135 104656 157541 457715 18184 342184 330159 214990 94391 0 3526 9795 7457 5307 3490 3228
"196504" 1953837 373282 0 87020 286262 0 170030 6044 74762 49695 25067 1133 36531 9001 0 42559 616096 34410 2533 105876 161999 471071 18540 351521 338731 219397 97489 0 4407 9970 7468 5867 3620 3303
"196601" 1953889 377745 0 85988 291757 0 177474 6752 78944 49774 29170 1844 37666 9721 0 42547 596561 35326 2790 107050 165194 472846 18903 354956 341823 223305 97096 0 3280 10272 7870 6018 3730 3385
"196602" 1951844 382287 0 84919 297368 0 180030 6728 76488 49940 26548 4947 38778 9715 0 43374 571128 34547 2610 108192 167435 486443 19172 364288 350844 227179 100205 0 5034 10713 7713 6149 3820 3475
"196603" 1910377 387959 0 88403 299556 0 186680 7463 79238 50025 29213 5725 39058 11259 0 43937 512747 31301 2488 109349 166801 493541 19511 368232 355023 230219 100989 0 4377 11416 8023 5751 3890 3568
"196604" 1976474 394400 0 89418 304982 0 190039 8294 79080 50249 28831 5851 41151 11099 0 44564 548264 33850 2730 110570 172487 504250 19884 374699 361248 232689 103422 0 5133 11941 8063 5822 3970 3659
"196701" 2074276 403895 0 88874 315021 0 190167 9855 77816 50456 27360 5838 39687 12064 0 44907 617507 38226 3459 111835 181081 507645 20461 374262 360273 234169 101348 0 3996 12317 8442 6183 4070 3736
"196702" 2099668 415597 0 89647 325950 0 186057 9807 74762 50681 24081 5717 38330 12148 0 45293 622982 39284 3811 113072 185670 512329 20866 381925 367159 237025 104131 0 4825 12664 8514 6719 4240 3807
"196703" 2170039 427523 0 93831 333692 0 190188 9031 77240 50937 26303 5626 39262 13264 0 45765 659985 42006 4274 114314 192242 518255 21252 388012 372159 241435 105544 0 3248 12969 8963 7557 4420 3876
"196704" 2226538 439723 0 99852 339871 0 195166 10135 78992 51219 27773 6266 38208 15075 0 46490 682128 42973 4943 115535 195629 528780 21661 397841 380428 245857 108567 0 5524 13262 7218 8866 4600 3947
"196801" 2197941 444798 0 96410 348388 0 199297 10576 83471 51345 32126 5671 37137 15246 0 47196 632831 40523 5184 116737 195262 541214 22095 400723 383628 249262 107272 0 4421 13664 9008 8324 4740 4031
"196802" 2322033 452357 0 98169 354188 0 201592 10809 82132 51477 30655 6476 38066 16467 0 47642 718675 45972 6201 117921 207230 549520 22565 413086 394023 253560 111404 0 5724 14416 8919 10142 4800 4121
"196803" 2362322 465115 0 102797 362318 0 203627 11208 83482 51624 31858 5983 37621 16714 0 48619 727875 48300 6397 119110 212779 556068 23051 420664 401100 258066 114160 0 4702 14895 9277 10361 4990 4213
"196804" 2490549 479444 0 109244 370200 0 203481 12168 81735 51866 29869 6121 36490 18002 0 48965 815334 49529 7039 120324 218721 573116 23561 433784 412835 262817 119324 0 6213 15315 9166 11497 5150 4302
"196901" 2465641 477204 0 102332 374872 0 213446 12889 89044 51834 37210 5982 40035 18292 0 47204 770526 48554 6580 121561 220281 583320 24169 432953 413395 264740 118884 0 4156 15871 9744 9878 5290 4390
"196902" 2446280 483964 0 103692 380272 0 212951 14322 82342 51807 30535 7984 42266 19116 0 46921 733883 46190 6020 122814 223828 591917 24713 443998 424615 269621 123675 0 5005 16559 9754 9445 5460 4478
"196903" 2447826 481920 0 102611 379309 0 230297 16655 90872 51689 39183 9210 45302 20946 0 47312 713075 46004 5187 124083 226278 595878 25104 450092 431985 274395 125813 0 4121 17538 10118 7919 5620 4568
"196904" 2435447 487123 0 107690 379433 0 241379 18534 93166 51770 41396 11306 47244 22006 0 49123 667356 45578 5221 125362 230936 606685 25807 461386 442680 278575 129231 0 6774 18299 9801 8198 5820 4688
"197001" 2432396 483595 0 103789 379806 0 251631 22663 98271 51608 46663 14196 48079 21420 0 47002 643541 46279 4730 126703 233842 615624 26451 453802 435952 275707 126663 0 3973 19160 10449 7078 5980 4792
"197002" 2310023 497965 0 109885 388080 0 247300 24822 88736 51593 37143 14983 48227 22664 0 47868 509525 37027 4160 127979 225789 633134 27144 460227 442878 278572 129421 0 4457 19902 10526 6350 6100 4899
"197003" 2429778 520001 0 113825 406176 0 243874 17559 85911 51704 34207 15736 48542 26399 0 49727 593764 41919 4372 129295 241214 627493 27846 466903 449003 282244 131424 0 4088 20493 10754 6592 6300 5008
"197004" 2526981 535803 0 114933 420870 0 242426 16569 83041 52089 30952 15944 47144 29738 0 49990 650213 44501 4354 130703 253749 636713 28519 475573 457086 285897 133660 0 6076 20900 10553 6909 6460 5118
"197101" 2650094 557756 0 115558 442198 0 237097 14884 79938 52533 27405 14952 46097 31977 0 49249 712824 50329 4828 132202 267832 658048 29178 478372 459528 289481 134072 0 3448 21333 11194 6988 6650 5206
"197102" 2687823 578771 0 121237 457534 0 233836 13765 76155 53182 22973 13113 46375 34744 0 49684 708482 50571 4704 133786 274414 673456 29803 492761 472820 295256 138912 0 5976 21635 11041 7859 6800 5282
"197103" 2716998 594111 0 123260 470851 0 238348 13728 78357 53772 24585 13938 46564 37206 0 48555 693654 49798 4604 135417 282431 688208 30427 505450 484509 302743 143465 0 4948 21952 11401 8465 7120 5356
"197104" 2812757 614057 0 128299 485758 0 233202 13768 74200 54416 19784 14616 45970 37357 0 47291 743724 53006 4886 137055 293492 702258 31077 521620 499394 309404 149243 0 7307 22273 11167 9450 7340 5436
"197201" 2917197 631584 0 127167 504417 0 234590 13000 76873 55202 21671 12832 46559 37719 0 47607 785993 55084 5172 138724 308275 726007 31768 529161 504838 315985 148847 0 5682 22649 11674 11267 7500 5556
"197202" 2952986 649619 0 127260 522359 0 232225 12073 75289 56037 19252 11669 46909 38169 0 48116 781697 54180 4925 140430 319267 738168 32475 548754 522722 324402 156222 0 7637 22949 11511 12661 7670 5701
"197203" 3028514 673559 0 131257 542302 0 231196 9464 76500 56797 19703 10944 47181 38783 0 48324 801771 53712 4733 142166 331095 757069 33213 564355 537598 334348 161529 0 6338 23417 11967 13058 7850 5849
"197204" 3220153 697188 0 139941 557247 0 229977 9333 77357 57667 19690 8899 47684 38506 0 48198 921384 56383 5022 143930 349329 782941 33999 582641 555405 343490 168757 0 7618 23608 11931 13080 8180 5976
"197301" 3195934 715765 0 136769 578996 0 233636 7064 80898 58549 22349 8538 50607 38757 0 47772 853489 50224 4848 145734 349273 808212 34753 594293 567949 351491 171528 61 8971 24111 11787 12037 8220 6087
"197302" 3180952 733739 0 139325 594414 0 237488 8919 81852 59483 22369 8473 51521 38567 0 48156 786769 45290 4520 147589 349081 840953 35523 613812 588505 361755 180398 144 9773 24556 11879 10602 8520 6185
"197303" 3319783 747777 0 139053 608724 0 248452 9660 87064 59885 27179 9482 54174 40526 0 47546 833421 49090 4703 149452 366497 884097 36294 632059 607155 372073 186695 255 10904 25452 11776 9926 8700 6278
"197304" 3228048 766396 0 147676 618720 0 254696 14111 88480 60354 28126 8333 55136 41469 0 47167 693870 43695 4866 151278 358451 917738 37058 649094 624890 382154 192980 400 11243 26174 11939 8918 8910 6376
"197401" 3251091 782332 0 143625 638444 263 264253 14668 95978 61121 34857 5739 56629 43127 0 48112 664408 41490 4609 153061 367676 935465 37797 653164 629187 389799 190460 578 9201 26714 12434 8277 9170 6530
"197402" 3216359 799509 0 142593 656346 570 268053 17685 90833 61934 28899 6971 57899 45766 0 48899 591895 37557 4293 154793 367681 954055 38522 673950 649843 400388 196777 787 12206 27581 12104 7792 9600 6715
"197403" 3113729 810433 0 145136 663911 1386 289057 22024 95248 62525 32723 11511 62394 47998 0 49882 440798 29123 4027 156548 348136 996358 39248 691710 667468 411325 201241 1028 13126 28700 12048 7554 9780 6908
"197404" 3202943 828522 0 152484 673659 2379 299524 22495 96253 63338 32915 13670 62164 54410 0 50532 445034 31813 3891 158399 367498 1028273 39989 704822 680286 419277 201926 1300 16837 29384 11562 7390 10060 7086
"197501" 3391336 839636 0 139573 696443 3620 300752 30347 93872 64349 29523 11530 62603 57758 0 44642 547842 37436 3854 161446 400150 1059360 40860 704026 679289 424253 195912 1603 15531 30039 11952 7372 10107 7258
"197502" 3572407 868694 0 149622 715411 3661 297855 26437 96690 65430 31260 8770 63059 55844 0 47055 625664 42283 3973 163796 441607 1086803 41732 718161 693044 434523 195933 1937 18421 30596 11634 7476 10210 7431
"197503" 3538863 885815 0 152136 729971 3708 309865 21915 105611 66407 39204 7682 65177 60059 0 49421 544752 36835 4237 165855 443098 1105666 42740 737277 711518 446270 201183 2303 19040 31127 11594 7772 10391 7596
"197504" 3664248 908272 0 153269 751307 3696 320691 19746 111787 67363 44424 7585 66809 64342 0 50422 584599 38749 4468 168626 466998 1127852 43993 760928 734343 459028 206996 2700 23004 31544 11072 8286 10555 7744
"197601" 3834132 931264 0 149006 778701 3557 320742 20641 110786 68460 42326 6964 69757 61293 0 51301 677976 42619 4900 170615 496217 1144465 45334 770671 742450 469939 204908 3131 20930 31956 11586 9626 10693 7902
"197602" 3950192 961830 0 155055 803434 3341 326412 21250 107997 69621 38376 7595 73874 63655 0 52041 696689 42441 5438 173075 512522 1184957 46828 797075 767172 483932 213148 3575 22746 32449 11321 11223 10635 8045
"197603" 4028944 986153 0 157043 825788 3322 329766 18956 108305 70923 37382 6994 74962 67677 0 52872 707098 40957 5557 175297 521486 1214247 48383 822334 791770 501065 220688 4082 21123 33059 11753 11645 10723 8196
"197604" 4149279 1019635 0 163760 852494 3381 331258 16851 102738 72018 30720 11693 72859 74338 0 52779 731643 41436 5730 177824 534520 1257328 49905 850524 818922 517013 228961 4700 23355 33386 11507 12510 10717 8375
"197701" 4173671 1053385 0 163808 886638 2939 341273 24022 107247 73203 34044 7500 73367 75567 0 53570 674072 37826 5907 180124 537867 1291568 51649 867212 834870 531252 229155 5453 23863 33578 11569 12936 10824 8582
"197702" 4279530 1078363 0 166983 908363 3017 342652 28271 99096 74448 24648 7589 77980 75315 0 54401 691898 41151 6177 182557 557299 1325884 53549 905653 871947 554039 242048 6363 23684 34079 11734 14024 10864 8818
"197703" 4352340 1113259 0 174898 935405 2956 348140 28547 103755 75572 28183 7914 76843 75838 0 55243 661744 40413 5190 184993 573921 1369199 55481 943916 909973 579859 252953 7291 23135 34699 12036 13981 10902 9060
"197704" 4427737 1136659 0 178271 955191 3197 358421 31539 104545 76762 27783 8373 78835 79795 0 55334 631269 40355 5739 187808 589857 1420309 57320 981616 946713 602953 264892 8100 23434 35201 12132 14527 11092 9284
"197801" 4506555 1167318 0 178306 984278 4734 367423 31566 108190 77958 30232 8565 84721 78005 0 56376 593322 39400 7567 190464 602112 1479831 59118 1004391 967150 620976 266971 8808 22050 35792 12553 16401 11306 9534
"197802" 4687240 1199433 0 184882 1008501 6050 378057 38562 103574 79116 24458 8453 92107 76389 0 58972 631295 41664 8938 193533 635742 1537712 60866 1053976 1013666 647990 284526 9431 22626 36527 12567 18950 11570 9790
"197803" 4875529 1234049 0 191659 1035175 7215 387898 38267 109285 79945 29340 8501 97667 72594 0 61584 671972 43683 10349 196398 678666 1589892 62622 1102441 1059927 678914 298022 10039 22524 37492 12937 20731 11724 10059
"197804" 4958511 1256016 0 192901 1054187 8928 406651 46230 110312 80691 29621 9911 104168 73633 0 62397 639962 41080 8521 199369 691400 1651070 64442 1144726 1105353 708593 311305 10700 23142 38609 13004 17145 11879 10349
"197901" 5140817 1276269 0 186753 1073823 15693 425627 50799 117269 80562 36707 11679 109320 71800 0 64760 678679 42476 7887 202002 720298 1721238 66341 1173130 1134020 733557 313819 11398 21999 39709 13538 16326 12119 10665
"197902" 5299908 1305636 0 198850 1084105 22681 441903 53900 120824 80595 40229 11554 116924 70684 0 68017 692078 43252 10725 204897 746076 1787061 68280 1221641 1179411 763372 327319 12118 21510 41117 13976 18958 12262 11010
"197903" 5513736 1349617 0 210810 1108985 29822 454804 57345 128166 80570 47596 12627 121212 64315 0 71139 736067 44837 11463 207494 785257 1853943 70254 1271908 1228001 795888 341528 12854 21068 42365 14298 20249 12298 11360
"197904" 5684479 1375186 0 211660 1124067 39459 486129 56004 155885 79876 76009 12501 123569 66608 0 71562 768059 44798 10354 210305 801128 1916264 72256 1317840 1276063 826675 354616 13600 22386 44413 14372 17458 12627 11692
"198001" 5736284 1403792 0 201479 1147788 54525 505773 60332 162197 75996 86201 19045 124044 59199 0 80956 705976 39456 11663 212764 819642 1962819 74399 1348198 1304575 856188 349662 14339 22933 46713 14740 18735 12885 12003
"198002" 5986298 1440379 0 204193 1166258 69928 494166 52550 157092 73392 83700 17495 126304 57823 0 82902 807724 44130 12635 215454 875484 2020264 76062 1367945 1323979 873920 345637 15056 25583 49284 14500 18620 13058 12288
"198003" 6276231 1488623 0 222763 1195857 70003 501617 49723 160847 73043 87804 16815 128669 58756 0 86807 909931 49129 14808 217872 933258 2083297 77696 1403648 1357686 901344 350336 15820 24423 50820 14943 19972 13403 12587
"198004" 6561249 1534193 0 227203 1242624 64366 521019 52267 173872 72528 101344 18601 130055 59009 0 87215 1010388 52060 16236 220559 969655 2157711 79428 1447481 1395999 926486 358044 16700 27837 52095 14836 24737 13806 12939
"198101" 6680509 1575119 0 231672 1244925 98522 524031 55275 165674 70355 95319 14219 143008 56516 0 89339 1014877 52359 15884 222852 988771 2205158 81458 1457883 1408749 940550 353902 17634 26982 54254 15427 21807 13969 13358
"198102" 6759471 1610927 0 238019 1264344 108564 525243 47140 160231 69223 91008 14202 151242 56842 0 95586 992885 53153 14709 225503 1007881 2245624 83546 1495521 1445222 964104 361610 18563 29160 56391 15394 22179 14261 13859
"198103" 6715088 1671738 0 247319 1287021 137398 539659 40112 170671 68299 102372 13479 160075 55714 0 99608 836797 48742 13300 227711 1017402 2274203 85536 1527097 1477254 981819 371928 19660 29219 58834 15795 21068 14430 14345
"198104" 6952662 1736870 0 270997 1311263 154610 546591 42000 168756 68190 100566 14225 160273 59970 0 101367 905159 52640 14729 230141 1063520 2315580 87432 1559705 1507184 998221 377882 21100 33480 60964 15537 23023 14776 14722
"198201" 6933033 1762226 0 265086 1332255 164885 571012 46011 173112 67495 105617 13754 172579 59709 0 105847 775114 49981 14632 232060 1092816 2346276 88916 1562017 1512839 1007880 373537 22860 29731 62458 16373 19250 14927 15001
"198202" 7017763 1793825 0 263846 1354598 175381 596058 52849 177719 67442 110277 13602 189638 53537 0 108713 745220 50031 15378 234096 1133894 2358993 90268 1586373 1536994 1019231 380887 24914 31083 64332 16546 19099 15086 15194
"198203" 7242896 1845149 0 274298 1369487 201364 615257 45611 195440 67589 127851 13570 199590 56546 0 104500 796029 55666 17579 235743 1231916 2353701 91856 1597910 1546456 1017708 386815 27186 31708 66035 17004 20798 15307 15349
"198204" 7538371 1893560 2427 286706 1417715 186712 612208 48718 185125 68346 116779 13425 201055 53025 0 110860 966342 65110 17838 237958 1289101 2360157 96097 1633350 1576437 1031147 396718 29600 35081 66825 17066 25791 15607 15515
"198301" 7828308 1948669 2536 290920 1490884 164329 624467 47958 192879 68821 124058 12563 212507 48864 0 109696 1058391 76160 21354 239874 1369991 2390164 99238 1628410 1569816 1026230 391910 32309 32225 67443 19699 26743 16186 15665
"198302" 8129671 1976363 2490 297896 1525323 150654 650821 42190 209601 69697 139904 12367 230733 44600 0 111330 1179666 92057 22345 242244 1475057 2388072 103046 1682030 1616742 1053724 403838 35463 34104 67875 21739 32758 16720 15810
"198303" 8240401 2033455 2601 297712 1582229 150913 688379 36474 227834 70565 157269 14074 245180 54235 0 110582 1146214 95017 21581 244290 1507791 2395966 107708 1739390 1672335 1087478 420612 38535 33418 68372 23919 33781 17324 15950
"198304" 8309105 2082523 6937 294081 1631561 149944 703808 43780 230677 71485 159192 14519 246654 57022 0 111156 1088573 98040 20557 246737 1535809 2420553 112505 1800320 1731996 1116227 444878 41000 35609 68776 25507 34177 18048 16099
"198401" 8291663 2141788 7190 279908 1691884 162806 706331 43994 247092 72249 174843 15898 254590 33983 0 110774 1022881 101128 18376 247998 1520601 2425123 107437 1824540 1758139 1143886 452010 43368 22227 68821 27827 31723 18729 15949
"198402" 8357203 2216074 7280 289162 1754131 165501 770181 52361 273395 72937 200458 17083 274778 40464 0 112100 957625 102156 18946 249521 1517385 2415224 110091 1886417 1818609 1177372 479799 45649 17177 69136 29476 32657 19551 15600
"198403" 8621510 2266947 7026 287417 1806074 166430 809200 55652 290670 73698 216972 19919 290218 38462 0 114279 1007386 113704 18395 250880 1628658 2413773 112567 1942891 1876931 1211109 501839 48212 14993 69703 31076 30415 20290 15255
"198404" 8817882 2366013 6902 308624 1857519 192968 808705 65640 277732 74515 203217 27693 290436 44659 0 102545 1008673 117502 21573 252787 1707455 2419804 115370 2011413 1943280 1242830 526584 51171 21996 69810 30889 31834 21191 15108
"198501" 9116855 2403128 7017 305258 1890642 200211 891749 58800 298516 75443 223073 26868 317683 66696 0 123186 1068300 134497 20994 254900 1806270 2419543 117474 2083256 2015759 1304441 536023 53635 19281 70670 31708 30614 21812 15071
"198502" 9339353 2448080 6812 312894 1922599 205775 911441 56106 282562 76697 205865 40239 330920 76487 0 125127 1133264 156371 25030 257747 1876115 2407021 124284 2161694 2086959 1342664 559592 56013 28231 68945 31515 36878 22677 15180
"198503" 9377902 2492049 7207 326491 1956235 202116 940601 58388 298559 78248 220311 35400 347651 79269 0 121334 1052253 174872 24919 260564 1873283 2424585 134776 2255546 2177553 1401415 585905 57850 25628 73816 32940 38968 23746 15279
"198504" 9951754 2517335 7791 323710 1989517 196317 967372 56471 282236 79777 202459 23404 395065 94710 0 115486 1229495 213770 35051 264336 2088568 2489135 146692 2368006 2277781 1449561 610574 81334 31026 72220 33066 50699 24317 15209
"198601" 10376255 2571261 7952 333698 2014490 215121 944035 46010 254918 81423 173495 18462 399332 110943 0 114370 1393399 269019 40976 268266 2206609 2531770 150920 2392129 2299276 1476207 606799 78698 29768 72950 34854 52848 25037 14968
"198602" 10633185 2630008 8126 367329 2029486 225067 959300 46360 235648 83821 151827 22620 412498 127477 0 114697 1455508 305378 39027 272862 2263942 2551373 155787 2460984 2367988 1525219 627891 78393 23678 73599 39208 52842 25606 14548
"198603" 10607766 2689399 8447 388696 2051351 240905 968127 59181 257829 87769 170060 22966 398687 117132 0 112332 1316843 338735 37033 277435 2233391 2584975 161828 2548657 2453026 1587390 649888 79199 19920 74234 42395 55521 25981 14129
"198604" 11069755 2762994 8753 439581 2079530 235130 1000956 56132 270915 93332 177583 23316 410850 127826 0 111917 1494043 378721 44015 282599 2326777 2612210 167440 2635212 2537309 1648339 666355 78372 30977 74987 38279 57429 26589 13885
"198701" 11684262 2759686 8687 408252 2097638 245109 1029884 51388 253412 94672 158740 24067 436079 147459 0 117479 1771119 447407 42661 289604 2543685 2625148 175068 2639560 2542728 1680759 644317 78339 26438 72456 40419 53567 29412 13853
"198702" 11892351 2789123 8525 422779 2117051 240768 1082676 50753 270274 96803 173471 21386 462468 160195 0 117600 1748697 477400 41590 295990 2630110 2644548 182217 2734429 2633315 1751936 660313 78188 27676 72659 42543 56889 30032 14193
"198703" 12237465 2832690 8400 431580 2148346 244364 1140010 45110 285732 98533 187199 25553 489320 176799 0 117496 1825297 487440 41350 303304 2755131 2663300 188943 2810734 2706700 1802170 679637 77948 33449 72320 41177 59395 30136 14503
"198704" 11726076 2909757 9759 443169 2200868 255961 1176378 55346 308191 101103 207088 32109 516598 144646 0 119488 1462599 424538 39103 309540 2504830 2703552 195779 2843298 2755136 1827851 698640 78073 31852 74323 44397 41797 31272 15093
"198801" 12062389 2999016 9724 431371 2274765 283156 1173927 54134 307672 104023 203649 27148 521748 143772 0 119453 1559348 450895 40208 315686 2571298 2751507 200504 2882597 2795128 1874842 693732 78178 28641 73683 46052 40625 31881 14963
"198802" 12337224 3017464 10130 435873 2308884 262577 1228505 63158 338854 106167 232687 24126 539156 143383 0 119828 1638890 447700 41222 322107 2648161 2788279 204896 2967947 2879203 1941422 710128 78285 27719 74220 47428 41231 32490 15023
"198803" 12512052 3056287 10318 429482 2351608 264879 1300153 79925 365350 107781 257569 28969 563250 142258 0 120401 1651531 441184 38871 327582 2671332 2814744 210368 3047054 2956638 1998908 725838 78989 29103 74985 48814 42131 33098 15187
"198804" 12859113 3105036 10708 441350 2380019 272959 1382396 93557 393500 109556 283944 52357 586008 135149 0 121825 1757115 439144 40886 335651 2738343 2843805 216737 3143922 3043603 2054156 745206 79564 29991 75686 59000 43506 41271 15542
"198901" 13165875 3140027 11153 425235 2403709 299930 1433963 100226 410285 112167 298118 48854 586659 165417 0 122522 1836454 442485 41744 339423 2825225 2886267 220288 3182523 3082819 2088198 753193 79271 28048 71421 62687 39338 44916 15450
"198902" 13494457 3159194 11032 421157 2409595 317410 1435670 88499 426148 114020 312128 38751 590059 167169 0 125044 1937048 467746 48302 348088 2953830 2920439 224139 3269372 3159888 2145823 769617 79517 26976 72545 65410 44641 49278 15565
"198903" 13926602 3223069 11268 417489 2445223 349089 1466579 85995 430215 115706 314509 49875 600130 172760 0 127604 2090221 493683 44675 353884 3090321 2935156 229015 3352448 3238781 2210008 784207 80471 19892 73434 70769 44294 53680 15693
"198904" 14184391 3265621 11874 443516 2459123 351108 1479640 87881 394897 117725 277172 74766 613331 178050 0 130716 2147477 513038 53190 365250 3168958 2957364 233853 3435358 3319003 2259465 809285 82715 20413 74317 72807 42540 57444 16371
"199001" 14122687 3303279 11755 427299 2486378 377847 1515776 73155 417115 119881 297234 84423 629655 177651 0 133777 2027978 499992 51058 371326 3164838 2945912 242529 3497376 3378984 2334293 792320 82882 12036 78973 78480 41977 60404 16011
"199002" 14392077 3291264 12312 436643 2483006 359303 1556481 69568 424536 121866 302670 98450 642618 185142 0 136166 2098220 529398 50939 379254 3283840 2958450 244231 3570815 3451357 2394843 798712 83695 11709 81995 80403 40022 63414 16022
"199003" 14017438 3311518 12949 432322 2485439 380808 1625361 77207 469746 123909 345837 108422 643630 187632 0 138724 1737290 490507 55220 385289 3181983 2981128 249142 3638846 3520377 2446207 812302 84265 18170 80330 79103 36722 65775 15972
"199004" 14549539 3325262 13427 432824 2489601 389410 1741222 93658 503983 126213 377770 117318 647709 237642 0 140912 1961368 511525 62425 391738 3310346 2991848 253804 3702945 3580889 2488755 824391 85694 17853 81663 82532 38809 66788 16459
"199101" 15180792 3415832 13959 450756 2510039 441078 1731166 75825 509421 129706 379715 98701 651357 253842 0 142021 2232734 580480 59418 399936 3507465 2998110 255650 3719989 3597650 2528685 802207 85495 5191 84912 91160 36867 69141 16331
"199102" 15189365 3354490 13957 448941 2477667 413925 1768080 57457 522036 133178 388858 104443 673978 266326 0 143841 2206652 594163 58708 408344 3555580 2985324 258023 3788931 3663770 2589665 801306 86925 8376 85486 92012 37562 71495 16104
"199103" 15482033 3316595 14409 453434 2444099 404653 1781640 61527 528038 135368 392670 106302 689596 251694 0 144483 2345580 640745 68628 413070 3689947 2965399 260429 3836418 3701636 2613566 802500 89027 18576 88101 89866 45059 73848 15875
"199104" 16105985 3318399 14565 484750 2411372 407712 1824932 58500 535475 138122 397353 115486 701809 270941 0 142721 2759193 645038 87013 418577 3830592 2957716 264525 3916691 3769686 2666968 815581 89511 13088 89077 95461 55066 76202 15737
"199201" 16071336 3338316 14566 496244 2400918 426588 1829962 40842 558043 142020 416023 110202 707243 272137 0 141495 2695898 670619 71756 425924 3809325 2960843 268694 3933001 3788432 2707363 793353 90587 7722 89564 99843 51227 77669 15673
"199202" 16078388 3298934 14953 508796 2365197 409988 1825776 44466 565188 145359 419829 96135 702540 277295 0 140153 2639308 724897 65079 430537 3880670 2939747 273440 3979138 3828016 2740355 792332 91820 13909 90933 98668 56332 79138 15652
"199203" 16325215 3268075 15504 537521 2332098 382952 1838267 44152 583763 150327 433436 104137 702734 264706 0 138775 2743378 749014 77997 440204 3982740 2947117 278423 4045969 3893844 2794997 801933 91436 10174 92698 102607 55840 80605 15680
"199204" 16949853 3280891 15600 596054 2303697 365540 1886536 52676 627348 157267 470081 114358 672194 283158 0 136802 3094169 799428 76230 447710 4139420 2942674 282796 4121737 3970428 2840032 824769 91891 17595 95279 100863 53474 82073 15762
"199301" 17283546 3230499 15445 572993 2266414 375647 1907521 55508 651148 163628 487520 110278 671146 284450 0 134991 3170379 868162 86800 456231 4297923 2979578 286453 4129370 3970135 2853841 807262 92579 16493 96030 103930 59775 83571 15889
"199302" 17448906 3215429 15352 594448 2240149 365480 1880511 58666 652525 166536 485989 75952 674850 285381 0 133137 3177242 940475 86946 465825 4379298 3013644 289537 4200755 4040624 2907458 818662 93812 17412 96736 106544 59048 85068 16015
"199303" 17795951 3211576 14697 617658 2224133 355088 1823373 60315 629318 169089 460229 57936 663392 281174 0 131238 3302446 1022616 99749 475164 4515989 3051232 293805 4293212 4123129 2957608 842668 93740 25009 98188 105916 67376 86566 16141
"199304" 18225739 3214605 15757 644496 2190874 363478 1887355 65040 673232 171925 501307 58275 640834 320614 0 129361 3436996 1098012 102269 484813 4617492 3088100 296097 4390775 4210321 2998729 886169 92952 27369 96574 108528 76123 88063 16268
"199401" 18176678 3193769 15716 614394 2196833 366826 1951833 65532 701800 175000 526800 98772 633415 324956 0 127358 3269034 1122014 110756 491128 4588734 3149724 299686 4421937 4239149 3029010 883876 93617 29041 96155 107451 77033 89355 16400
"199402" 18280391 3147706 16847 612738 2165702 352419 2009089 66953 738758 177135 561623 118988 622109 337066 0 125215 3199440 1139040 112484 497307 4658471 3214467 302387 4506308 4323013 3074087 918580 94724 31494 98076 106053 76103 90659 16533
"199403" 18638304 3135593 17357 603483 2173447 341306 2059719 69017 781456 178623 602833 137895 613049 335247 0 123056 3258306 1179990 107321 514405 4824859 3250993 307118 4596391 4415183 3120451 959953 95193 34981 100546 104060 72568 91975 16665
"199404" 18901150 3170659 18847 614476 2164219 373117 2202269 69716 870974 179923 691051 187587 594125 359350 0 120517 3294200 1096563 108971 520348 4898270 3299119 310751 4716896 4531818 3165254 1021168 96138 40044 107704 101510 75051 93230 16797
"199501" 19474623 3217416 20324 593001 2206473 397618 2188527 70219 878270 181366 696904 159889 589512 371974 0 118663 3543551 1118684 113459 533340 5103733 3338113 317800 4744948 4563128 3191197 1024546 96515 41571 108986 100313 69850 94993 16977
"199502" 20098673 3286543 22461 596835 2241132 426115 2154178 70724 868071 182559 685512 153714 560368 384518 0 116783 3794049 1171150 113128 547871 5331035 3375917 324802 4835055 4652353 3237406 1063126 97003 45476 111148 98195 68742 96804 17156
"199503" 20841051 3309138 22103 561706 2280152 445177 2222554 71227 865955 183527 682428 184409 554997 431084 0 114883 4088196 1231661 114850 556470 5561779 3431929 324473 4946528 4753177 3288838 1109599 96364 48511 113324 96541 77352 98663 17336
"199504" 21501466 3357405 23356 561925 2299689 472435 2229482 71731 828013 184994 643019 216440 533354 466523 133 113288 4434150 1252996 127569 566188 5725145 3480204 328327 5038378 4841180 3318894 1168160 96359 57421 108414 91932 78593 101090 17515
"199601" 22104448 3461793 26021 544508 2373495 517769 2232756 72476 832080 185839 646241 212140 522914 481529 119 111498 4617247 1350528 140925 570801 5884453 3516054 329891 5100603 4890684 3364208 1162207 97616 52344 118728 95581 89110 103096 17713
"199602" 22618913 3438058 27693 527624 2384146 498595 2320707 73776 827804 186496 641308 267157 523112 519145 104 109609 4766016 1441847 136822 578909 6021424 3583490 331640 5198171 4985306 3417498 1196579 99207 59650 119148 93224 89851 105103 17911
"199603" 22952575 3470458 31693 509501 2420017 509247 2356537 74799 850992 186784 664208 304123 500191 518659 89 107684 4782959 1480344 145158 594048 6154459 3632959 335653 5294157 5082003 3474567 1229847 100371 59915 122890 94413 86937 107109 18108
"199604" 23396999 3498714 35469 494673 2440657 527915 2410890 75821 888873 187007 701866 332767 492959 514632 75 105763 4712249 1561468 162859 610646 6386667 3714625 338882 5398817 5176984 3523783 1273878 102440 57968 122306 96610 94411 109116 18306
"199701" 23571670 3539540 34112 463341 2479618 562469 2365446 76144 908530 186503 722027 320821 473310 482643 103 103895 4721776 1604138 171999 624036 6418330 3784074 342331 5435124 5204042 3565634 1254175 103523 64793 121841 94077 101354 111338 18390
"199702" 25200259 3550948 34459 463398 2504399 548692 2338508 76467 848127 186338 661789 334056 484075 493442 132 102209 5580189 1786534 188656 639637 6929632 3840249 345906 5531129 5288705 3616782 1278038 106529 73061 123406 90889 110390 113561 18473
"199703" 26352078 3602073 36014 427356 2562195 576508 2331649 76792 820661 186167 634494 337219 484181 512017 161 100618 6067867 1943833 192808 655613 7313669 3893086 351480 5654011 5392222 3701783 1305805 107244 51168 123797 102425 127447 115785 18557
"199704" 26706238 3664925 37179 448131 2577283 602332 2388092 77115 797847 186496 611351 389740 497641 526900 189 98660 6144148 1948753 215452 664963 7360723 3967636 351547 5745387 5477566 3739252 1344165 109571 66470 122959 95149 131172 118008 18641
"199801" 28378623 3706907 36817 404770 2603989 661331 2383978 77877 804292 186179 618113 354576 498690 551749 182 96612 6944659 2177246 233305 677277 7872573 4027946 354731 5802226 5523366 3793131 1324043 113584 72481 123798 96329 140059 120194 18607
"199802" 28849936 3701472 37785 423114 2600251 640322 2468167 78639 784864 185967 598897 388724 517575 603696 171 94498 7084547 2263916 248350 690600 7921074 4116046 355764 5947558 5654773 3872739 1367744 117536 74894 123773 98087 151513 122380 18892
"199803" 27406003 3746416 39500 410959 2611703 684254 2471755 79401 763416 185888 577528 437973 504963 593324 163 92515 6167920 2078342 277833 693522 7435633 4174927 359656 6057172 5765173 3948557 1400718 118674 68656 124372 104196 149053 124567 18379
"199804" 30039377 3881074 37725 463775 2672965 706609 2438619 80163 733064 186627 546437 441686 498712 590516 155 94323 7511125 2351845 276675 718262 8265392 4235597 360788 6200126 5903385 4040620 1441272 121329 71978 122570 105617 152761 126753 17227
"199901" 30565840 3916804 39368 451402 2665268 760766 2491511 81337 702194 186532 515662 449591 505673 656212 214 96290 7682424 2415765 262335 735925 8411403 4287463 362210 6286355 5979386 4119265 1442398 123350 66727 118499 109147 160646 127800 18523
"199902" 31845918 3850800 40486 421056 2664035 725223 2507736 82511 667316 186482 480834 482971 523433 653217 371 97917 8410058 2589450 270394 749813 8759024 4344346 364296 6440394 6109165 4216101 1471581 126171 69044 117434 108835 183825 128800 18604
"199903" 31181382 3908054 41170 403290 2725341 738253 2512813 83685 647502 186220 461282 514989 518971 647322 495 99850 7971449 2503832 285143 756180 8484790 4387584 371537 6604246 6269864 4334700 1511895 128874 63861 118152 112382 185837 129900 18645
"199904" 34475853 4049488 40659 417731 2775001 816097 2569690 84859 810159 186449 623710 541791 528080 502640 589 101572 9769854 2894935 323880 783859 9264137 4447417 372593 6774243 6395987 4416260 1553622 131742 62867 117776 113720 227926 130895 19435
"200001" 35585098 4165675 45150 382174 2842113 896238 2482016 90471 747729 185263 562466 536743 527180 476846 967 102080 10170665 3082416 371239 800974 9586066 4552208 373840 6899646 6463823 4478236 1553765 132517 65554 117821 115931 286471 130650 18702
"200002" 34796987 4170034 45841 356355 2905269 862569 2463319 91082 636863 184634 452229 564203 548797 518484 1345 102545 9493427 2979700 359464 806519 9469386 4677908 377230 7050905 6629771 4589689 1601771 135917 63742 117890 120762 270234 132004 18896
"200003" 34949279 4217184 44509 321088 2959230 892357 2437570 91693 574533 184339 390194 588946 542019 535768 1639 102972 9375631 2980965 372945 818706 9581928 4783308 381043 7235411 6809431 4703285 1667073 136330 57416 118459 126869 273873 133357 18750
"200004" 33344673 4376065 48271 335110 3032887 959797 2458108 97305 579071 184753 394318 594014 531224 551171 1900 103423 8147325 2704178 412434 819098 9171312 4877428 378726 7376658 6987253 4798350 1741267 137501 63558 119117 127460 235134 134711 19560
"200101" 31677283 4623949 50790 360985 3166822 1045352 2466125 96160 533253 184753 348500 462069 550721 716962 2113 104846 6979964 2454308 412029 823042 8600621 4940615 376631 7429911 7081157 4883306 1749724 138656 52514 119748 137210 195785 134246 18723
"200102" 32782440 4623453 48459 348648 3215905 1010441 2470442 88365 450666 185455 265211 481264 582252 759372 2369 106154 7459004 2664366 412906 840295 8948866 4977650 385458 7627661 7279441 5043464 1784249 142324 47074 119296 143034 195977 133782 18461
"200103" 30632122 4757842 48388 352210 3294587 1062657 2440710 86237 451326 186403 264923 513442 571960 707697 2507 107540 6019246 2353752 494787 843982 8299849 5023712 398243 7880629 7469984 5194817 1814351 144462 54706 120420 141228 258064 133317 19264
"200104" 32203145 4875816 48676 407257 3306657 1113226 2351902 88154 434048 190329 243719 407301 580770 730318 2607 108704 6829434 2614633 454329 880004 8764339 5034913 397775 8007604 7659276 5305406 1891827 151328 41547 120018 149150 196359 132852 19117
"200201" 32615190 4982292 47771 376338 3475737 1082446 2404289 84417 415259 191902 223357 398360 608169 784334 2639 111111 6872227 2635084 427497 894158 8932152 5064993 402498 8142118 7793064 5442779 1883516 153440 39588 119936 153805 191989 137629 19436
"200202" 31043802 4918780 48219 365814 3483032 1021716 2404443 80618 352248 192710 159538 352188 652911 851175 2678 112625 5937506 2450122 400494 901153 8484556 5131569 415178 8335096 8002829 5619419 1917644 156625 29286 119821 160034 170555 142406 19306
"200203" 29088239 5038152 49781 361228 3595682 1031460 2301151 80157 334008 193252 140756 292171 647630 829872 2705 114608 4811042 2130912 401309 902878 7868314 5209281 425201 8537906 8221071 5812764 1951608 158059 3588 120101 174951 149624 147183 20028
"200204" 30227787 5153199 49937 414482 3617075 1071705 2484877 82218 263709 194872 68837 247630 678362 1093594 2764 116600 5161157 2219830 412699 920915 8189585 5240611 444914 8804425 8484261 6009938 1997008 163897 17303 120171 175944 148201 151960 20003
"200301" 30100706 5303795 51395 382632 3794723 1075045 2405252 81246 294753 196870 97883 183286 680311 1044987 2840 117829 4799621 2227272 429641 936271 8157750 5385183 455922 8992675 8659284 6185778 1989123 167987 21794 119465 175137 159526 153170 20695
"200302" 32211485 5322708 53223 398153 3848298 1023034 2436251 79421 374157 199120 175037 121259 707955 1031459 2914 119086 5620488 2528367 515135 959653 8847528 5516238 465116 9382321 8958489 6444187 2021930 171757 25401 119707 175507 248456 154380 20996
"200303" 33044338 5246636 50563 362543 3896323 937207 2475387 77481 348150 201501 146649 297763 694932 934486 2986 119589 5933509 2660939 503443 973038 9084556 5684337 482494 9644037 9239819 6687106 2059675 174523 18660 119039 180817 227610 155590 21018
"200304" 35326093 5348488 52095 398371 3937852 960170 2722243 77314 407994 203801 204193 383916 703729 1025270 3103 120917 6787539 2910960 475360 1013152 9718939 5848115 501297 9865182 9504962 6894441 2102932 177703 49757 118691 161439 182500 156800 20920
"200401" 36112362 5486451 54254 363564 4114533 954100 2586141 79498 395734 204405 191329 240690 706112 1037218 3540 123349 6916695 3115256 512899 1022468 9914925 6049066 508461 10056066 9673408 7064892 2096472 181037 47374 118451 165182 200782 160913 20963
"200402" 36649741 5551087 54641 335897 4238019 922530 2686020 77999 409737 204570 205167 303329 723701 1040994 4379 125882 6890852 3138968 533917 1031940 10013659 6287805 515492 10376851 9973593 7336967 2114539 185627 47866 118522 170073 216509 165026 21723
"200403" 36754769 5546184 55440 307546 4321001 862197 2718103 78358 370182 204140 166042 372245 727212 1036727 5111 128269 6715441 3170303 524341 1038194 10006237 6503537 532428 10651611 10250588 7578813 2164875 186021 27374 118968 174538 209852 169139 22032
"200404" 39203759 5732400 57487 344051 4426801 904061 2996347 83702 492591 204395 288196 399753 742354 1140661 5937 131349 7483920 3427739 578316 1060352 10635470 6735453 553762 11029302 10569558 7835313 2220119 189134 26749 118999 179244 264019 173251 22474
"200501" 39566795 5824563 62997 322867 4569761 868938 2970641 86133 462362 204188 258174 359215 759683 1162265 6518 134465 7464790 3440898 569369 1059415 10568064 7108493 560562 11239403 10774072 8050015 2204974 193551 17346 118459 189727 266078 176510 22743
"200502" 40592250 5890601 59807 291326 4676832 862636 3051598 89692 410086 204167 205919 424134 792481 1190776 7217 137212 7644124 3464477 583167 1067195 10809612 7518696 562780 11562752 11096010 8331650 2232389 197701 29074 119043 186153 263518 179770 23454
"200503" 42118976 6004000 62582 209352 4850023 882043 3028120 93413 418035 203585 214450 430818 800795 1138282 7781 138996 8011837 3615053 578366 1077684 11155259 8065522 583135 11895501 11431775 8619054 2278385 199846 25872 118593 190025 258013 183029 22684
"200504" 43288017 6139910 59936 216875 4913853 949246 3323550 98406 464287 205103 259184 493367 820935 1298474 8664 139417 8092976 3669139 575308 1082599 11460065 8335799 608671 12183999 11742895 8874297 2320555 205166 36445 119039 187393 232447 186288 22369
"200601" 45369802 6322402 63043 208514 5098166 952679 3452999 101857 581680 205917 375763 430500 822877 1370357 8742 136986 8853615 3932929 598590 1102346 11864154 8627980 614787 12495217 12033532 9171961 2292280 207303 48275 119890 193823 249478 189605 22602
"200602" 45163151 6438555 67494 203295 5179534 988232 3479018 105854 545620 205169 340451 367207 865071 1453979 8847 132440 8597532 3893197 646293 1110119 11790046 8587642 620748 12847365 12387821 9476861 2314858 214980 58966 121714 200442 243845 192982 22717
"200603" 46082025 6563273 66478 178256 5308180 1010359 3452057 111879 499531 203599 295932 404310 865548 1435730 8927 126132 8896885 3967691 654780 1133472 12153401 8634920 625547 13164640 12691009 9712165 2364788 216790 66521 123634 207111 254532 196418 22681
"200604" 48064254 6753104 65169 173105 5400379 1114451 3470384 117451 394104 202376 191728 403563 872047 1552038 9084 122097 9643686 4188104 655663 1163730 12750581 8792921 646082 13444360 12929505 9865043 2415971 224052 86371 123794 214274 292099 199916 22840
"200701" 49158471 6958033 69486 173404 5609641 1105502 3642286 120202 396168 200278 195890 453301 887705 1654914 11628 118368 10008867 4340104 690136 1172739 12922118 8771630 652559 13614252 13108403 10063936 2396722 228500 76354 124442 218449 278962 203476 23411
"200702" 50558211 7013326 74943 125547 5653659 1159177 3599981 126564 348465 198591 149874 517918 912982 1565424 14334 114294 10349106 4607958 745313 1191134 13442288 8931197 677908 13925828 13361286 10267685 2430204 233786 77829 125570 226212 334032 207099 23411
"200703" 51220723 7146146 78776 47270 5780438 1239662 3920214 111438 411047 197070 213977 635005 900242 1734959 16005 111518 10281666 4703865 757822 1199551 13582128 8937235 692097 14141404 13610288 10419094 2501408 235533 92933 126937 234383 296520 210787 23809
"200704" 50625233 7406062 80591 90259 5888532 1346680 4065756 107286 260386 196395 63991 670087 895987 2005377 17561 109072 9625641 4596353 866424 1201518 13390748 8760522 712210 14366799 13802872 10539517 2555304 241193 99734 126992 240132 325534 214541 23852
"200801" 48905872 7666533 74051 82739 6051866 1457877 3993458 94552 328242 195325 132917 625149 871587 1945995 20681 107252 8873109 4347170 984530 1187232 12624344 8504834 724662 14474911 13866071 10612869 2533509 242308 104877 128002 244506 365327 218361 25152
"200802" 48128935 7490323 67462 76998 5952199 1393664 4011980 62383 382608 194903 187705 638898 878891 1911347 23230 114623 8543834 4423298 992080 1196350 12555534 8183300 732236 14417533 13878275 10607961 2555964 247176 89198 129737 248239 291465 222249 25544
"200803" 45973216 7670143 60066 54675 6109275 1446127 4127033 20790 412620 194153 218467 809327 875864 1866712 29307 112413 7510966 3972716 998551 1197701 11807993 7938585 749528 14565029 13911167 10570855 2588551 247530 121418 130723 252090 402323 226207 25332
"200804" 41434603 7959757 56464 270750 6050737 1581806 3956138 5958 243337 193975 49362 718799 902502 1945116 29735 110691 5776086 3325922 742660 1179835 10408481 7319346 766378 14265806 13843729 10497890 2594109 249257 117692 133193 251588 164838 230232 27007
"200901" 39859513 7941363 52796 255550 6077733 1555284 4404908 5558 474303 193876 280427 506508 933238 2349182 27381 108738 5004159 3125033 666349 1182970 9885947 6885679 763105 14153092 13760479 10502377 2517938 251540 104040 133537 251047 134275 231827 26511
"200902" 41464468 7829043 49187 284617 6011224 1484015 4098545 15058 468866 193492 275374 208147 964691 2309675 25570 106538 6049676 3557222 657287 1204511 10656057 6647151 764976 14118329 13712027 10464034 2487876 257979 118317 133970 249851 147666 233802 24833
"200903" 43789178 7667926 47624 248779 6012877 1358646 4186111 24858 609901 192352 417549 208599 982730 2231964 24149 103910 7145020 3967740 671709 1227299 11547887 6603895 771591 14108078 13671917 10397080 2496673 260761 137147 132992 247264 173767 237933 24461
"200904" 44338641 7774457 46170 268602 6146468 1313217 4089152 34608 764428 191199 573229 94092 1018310 2051963 24464 101287 7301040 4175127 668571 1242054 11926597 6374502 787141 14069960 13603722 10336736 2478855 264239 147710 133706 242476 202985 241168 22085
"201001" 45464750 7698030 46705 162283 6290362 1198680 4196876 44552 907639 190194 717445 19932 1056047 2044085 24857 99764 7726241 4351404 680005 1263669 12304409 6456198 787918 13979989 13512730 10237529 2406877 266108 226279 134273 241664 196375 246274 24610
"201002" 43820648 7623339 50958 136983 6295343 1140055 4296047 54180 1080655 189565 891090 22022 1064549 1952522 25588 96532 6883802 4044706 685987 1265420 11607762 6614913 798672 13949966 13456177 10189085 2386491 267006 237426 134693 241476 216997 251283 25509
"201003" 45681876 7659202 58779 126842 6347019 1126562 4190930 63974 1083203 188698 894505 36579 1058777 1828509 26378 93510 7822956 4422597 698213 1299980 12261885 6513325 812788 13942368 13430322 10124685 2408848 266297 257914 135922 236656 234613 254872 22560
