"DATES" "FL264090005.Q" "FL313111303.Q" "FL764116005.Q" "FL263020005.Q" "FL263030005.Q" "FL263034003.Q" "FL262050003.Q" "FL264004005.Q" "FL263069103.Q" "FL263061105.Q" "FL263061110.Q" "FL263061120.Q" "FL263061705.Q" "FL263061713.Q" "FL263061723.Q" "FL263062003.Q" "FL263063005.Q" "FL263069500.Q" "FL263064105.Q" "FL263064203.Q" "FL263070005.Q" "FL263067003.Q" "FL263090005.Q" "FL263092001.Q" "FL263093005.Q" "FL264190005.Q" "FL263111005.Q" "FL263191003.Q" "FL264102005.Q" "FL263169105.Q" "FL263163003.Q" "FL263168005.Q" "FL263168465.Q" "FL263168475.Q" "FL263168485.Q" "FL263169205.Q" "FL263169705.Q" "FL263170003.Q" "FL263167003.Q" "FL263190005.Q" "FL313092803.Q" "FL263191103.Q" "FL263192005.Q" "FL263193005.Q" "FL263164103.Q"
"195201" 18725 0 1838 1695 1660 0 0 4797 281 4186 4186 0 0 0 0 0 330 0 3454 0 373 84 4824 3716 1108 32533 1466 84 14879 0 3438 840 248 327 265 10412 189 427 35 15642 635 334 13357 1316 363
"195202" 19365 0 1948 1818 1697 0 0 4907 268 4303 4303 0 0 0 0 0 336 0 3539 0 375 84 4997 3794 1203 33565 1446 102 15044 0 3487 846 288 287 271 10549 162 434 35 16504 635 334 13953 1582 789
"195203" 20076 0 1726 2302 1656 0 0 5305 288 4668 4668 0 0 0 0 0 349 0 3434 0 407 84 5162 3849 1313 34132 1456 98 15119 0 3404 855 294 301 260 10721 139 427 35 16997 635 326 14264 1772 1128
"195204" 20490 0 1758 1950 1807 0 0 5136 309 4468 4468 0 0 0 0 0 359 0 3705 0 417 82 5635 3945 1690 34825 1462 75 15140 0 3426 855 279 279 297 10702 157 482 36 17630 635 337 14721 1937 1459
"195301" 20472 0 1742 1781 1852 0 0 5257 306 4609 4609 0 0 0 0 0 342 0 3569 0 415 81 5775 4040 1735 35401 1460 102 15309 0 3477 811 244 283 284 10879 142 457 36 18037 635 348 15108 1946 1492
"195302" 20688 0 1783 1734 1969 0 0 5488 305 4823 4823 0 0 0 0 0 360 0 3476 0 391 79 5768 4079 1689 35910 1418 74 15483 0 3352 705 212 225 268 11279 147 493 36 18406 635 320 15545 1906 1399
"195303" 21136 0 1798 1679 2050 0 0 5787 356 5056 5056 0 0 0 0 0 375 0 3430 0 393 78 5921 4173 1748 36674 1439 85 15892 0 3307 610 186 187 237 11802 173 482 36 18740 635 310 15926 1869 1290
"195304" 21546 0 1682 1498 2408 0 0 5810 401 5035 5035 0 0 0 0 0 374 0 3650 0 367 76 6055 4251 1804 37215 1367 114 16268 0 3314 727 223 266 238 12030 197 463 36 18967 635 305 16253 1774 1329
"195401" 22396 0 1602 1508 2683 0 0 6055 382 5306 5306 0 0 0 0 0 367 0 3996 0 362 80 6110 4334 1776 37622 1323 115 16400 0 3485 721 220 257 244 12016 178 455 42 19287 635 280 16564 1808 1439
"195402" 23041 0 1606 1622 2964 0 0 5920 369 5192 5192 0 0 0 0 0 359 0 4353 0 328 89 6159 4438 1721 38099 1303 128 16265 0 3422 701 205 269 227 11956 186 469 51 19883 635 339 16990 1919 1554
"195403" 23829 0 1627 1362 3223 0 0 6268 350 5537 5537 0 0 0 0 0 381 0 4804 0 316 97 6132 4538 1594 38347 1175 150 16268 0 3324 911 297 365 249 11846 187 489 60 20205 635 406 17216 1948 1708
"195404" 24601 0 1729 1708 2900 0 0 6430 584 5466 5466 0 0 0 0 0 380 0 5254 0 329 101 6150 4633 1517 39081 1185 158 16554 0 3264 1196 422 449 325 11823 271 532 66 20586 635 412 17631 1908 1868
"195501" 24970 0 1719 1360 2937 0 0 6429 567 5472 5472 0 0 0 0 0 390 0 5407 0 364 101 6653 4741 1912 39576 1141 147 16386 0 3170 1144 413 386 345 11797 275 554 68 21280 635 509 17944 2192 1934
"195502" 26056 0 1820 1432 2922 0 0 6411 457 5558 5558 0 0 0 0 0 396 0 5981 0 345 96 7049 4865 2184 40490 1121 127 16452 0 3112 1203 426 390 387 11863 274 575 68 22147 635 600 18469 2443 2168
"195503" 26961 0 1832 1378 2985 0 0 6611 460 5746 5746 0 0 0 0 0 405 0 6349 0 383 90 7333 4966 2367 41140 1108 123 16448 0 3072 1264 434 372 458 11836 276 559 68 22834 635 666 18852 2681 2333
"195504" 27412 0 1846 1532 2799 0 0 6676 439 5803 5803 0 0 0 0 0 434 0 6575 0 374 84 7526 5076 2450 42086 1044 129 16579 0 3071 1413 427 458 528 11785 310 586 66 23682 635 723 19395 2929 2439
"195601" 28561 0 1944 1582 2577 0 0 7115 476 6189 6189 0 0 0 0 0 450 0 7074 0 382 84 7803 5199 2604 42985 1048 95 16709 0 3161 1409 422 419 568 11809 330 648 66 24419 635 828 19981 2975 2642
"195602" 28832 0 1890 1623 2772 0 0 7200 486 6244 6244 0 0 0 0 0 470 0 6899 0 420 85 7943 5306 2637 44255 979 141 16986 0 3242 1477 439 451 587 11891 376 666 65 25418 635 946 20679 3158 2591
"195603" 29529 0 2159 1563 2811 0 0 7566 579 6500 6500 0 0 0 0 0 487 0 6805 0 457 86 8082 5400 2682 45675 1052 119 17091 0 3316 1547 436 467 644 11847 381 693 64 26656 670 1128 21540 3318 2565
"195604" 30096 0 2196 1753 2657 0 0 7261 671 6089 6089 0 0 0 0 0 501 0 6961 0 481 86 8701 5459 3242 47747 1608 138 17446 0 3381 1789 500 579 710 11799 477 728 60 27767 670 1266 22505 3326 2625
"195701" 29627 0 2097 1456 2729 0 0 7348 787 6028 5822 206 0 0 0 0 533 0 6621 0 499 87 8790 5513 3277 49027 1588 198 17783 0 3598 1788 477 585 726 11801 596 707 60 28691 670 1515 23140 3366 2486
"195702" 30747 0 2074 2082 2598 0 0 7262 773 5944 5538 406 0 0 0 0 545 0 7112 0 557 88 8974 5578 3396 50859 1649 176 17976 0 3724 1860 522 602 736 11712 680 747 60 30251 670 1799 24411 3371 2645
"195703" 30161 0 2007 1998 2599 0 0 7142 967 5608 5002 606 0 0 0 0 567 0 6484 0 570 89 9272 5596 3676 51712 1898 153 18091 0 3755 1952 609 570 773 11720 664 753 60 30757 670 1921 24882 3284 2388
"195704" 30240 0 1959 2102 2533 0 0 7475 954 5930 5124 806 0 0 0 0 591 0 6091 0 566 92 9422 5710 3712 52780 1975 131 18763 0 3816 2106 678 569 859 12153 688 816 60 31035 670 1845 25394 3126 2233
"195801" 30847 0 2099 1669 3473 0 0 6980 1067 5288 4282 1006 0 0 0 0 625 0 6328 0 530 98 9670 5800 3870 53758 2042 160 19169 0 4087 2150 704 522 924 12276 656 762 63 31562 670 1951 25736 3205 2320
"195802" 31418 0 2304 1945 3524 0 0 6346 911 4811 3605 1206 0 0 0 0 624 0 6840 0 523 107 9829 5898 3931 54976 2084 132 19728 0 4427 2368 799 611 958 12310 623 795 68 32169 670 2114 26385 3000 2514
"195803" 32563 0 2276 1596 3534 0 0 7141 868 5649 4243 1406 0 0 0 0 624 0 7537 0 528 115 9836 5990 3846 55666 2031 172 20183 0 4515 2546 900 623 1023 12532 590 787 73 32420 670 2205 26777 2768 2786
"195804" 33882 0 2111 2006 3414 0 0 7523 843 6035 4429 1606 0 0 0 0 645 0 8305 0 500 119 9904 6115 3789 56570 1958 149 20765 0 4734 2647 892 656 1099 12772 612 794 77 32827 670 2139 27409 2609 3095
"195901" 34848 0 2270 1950 3444 0 0 7946 753 6542 4736 1806 0 0 0 0 651 0 8475 0 554 119 10090 6244 3846 57086 1793 143 20835 0 4903 2546 798 652 1096 12804 582 760 80 33475 670 2235 27971 2599 3193
"195902" 36459 0 2207 2122 3084 0 0 9867 744 8454 6448 2006 0 0 0 0 669 0 9039 0 618 116 9406 6408 2998 58717 2111 137 21142 0 4968 2609 798 680 1131 12982 583 827 83 34417 670 2437 28769 2541 3451
"195903" 37486 0 2086 2046 2873 0 0 11068 729 9635 7429 2206 0 0 0 0 704 0 8906 0 636 112 9759 6534 3225 59537 2085 145 21370 0 5098 2681 818 671 1192 13044 547 829 85 35023 670 2339 29295 2719 3452
"195904" 38555 0 2132 2140 2575 0 0 11706 757 10360 7954 2406 0 0 0 0 589 0 9363 0 664 107 9868 6604 3264 60189 1997 132 21436 0 5207 2861 888 722 1251 12810 558 877 87 35660 670 2382 29827 2781 3689
"196001" 38627 0 2374 1576 2475 0 0 12092 1083 10387 8081 2306 0 0 0 0 622 0 8811 0 838 107 10354 6707 3647 61226 1888 121 21783 0 5486 2741 860 691 1190 12899 657 877 87 36470 670 2523 30416 2861 3544
"196002" 39671 0 2738 1873 2603 0 0 11990 1041 10296 8133 2163 0 0 0 0 653 0 9081 0 740 107 10539 6782 3757 62313 1807 140 22190 0 5611 2700 800 679 1221 13057 822 1015 85 37076 750 2673 30773 2880 3753
"196003" 39590 0 2978 1836 2822 0 0 12336 1234 10429 8365 2064 0 0 0 0 673 0 8460 0 732 109 10317 6883 3434 63349 1705 191 22556 0 5687 2734 788 704 1242 13105 1030 1030 84 37783 750 2768 31138 3127 3580
"196004" 40515 0 2960 2122 2859 0 0 12610 1291 10651 8609 2042 0 0 0 0 668 0 9302 0 787 112 9763 6925 2838 65030 1555 148 23215 0 5784 3010 861 765 1384 13228 1193 1641 84 38387 824 2910 31865 2788 3984
"196101" 41763 0 3223 2642 2463 0 0 12654 1343 10635 8675 1960 0 0 0 0 676 0 10468 0 849 120 9344 7020 2324 66650 1555 189 23853 0 5869 3017 849 807 1361 13523 1444 1374 91 39588 824 2987 32620 3157 4479
"196102" 42188 0 3553 2518 2628 0 0 12291 1322 10288 8366 1922 0 0 0 0 681 0 10536 0 867 133 9662 7134 2528 67636 1705 213 23854 0 6042 3209 839 863 1507 13004 1599 1544 104 40216 824 3090 33340 2962 4440
"196103" 43647 0 3562 2744 2903 0 0 12987 1441 10874 8869 2005 0 0 0 0 672 0 10900 0 873 145 9533 7198 2335 69483 2064 238 24548 0 6109 3260 793 885 1582 13458 1721 1684 116 40833 824 3104 34141 2764 4524
"196104" 45125 0 3087 3098 2911 0 0 13064 1360 11035 8842 2193 0 0 0 0 669 0 11808 0 1036 149 9972 7253 2719 71198 1806 236 25456 0 6221 3740 988 1013 1739 13707 1788 1710 121 41869 995 3171 34717 2986 4902
"196201" 45305 0 3349 3381 2904 0 0 13277 1384 11023 8637 2386 84 0 84 0 786 0 11548 0 1049 146 9651 7309 2342 72629 1686 234 26358 0 6422 4129 1120 1163 1846 14051 1756 1967 118 42266 995 3219 35221 2831 4878
"196202" 43053 0 3362 3420 2991 0 0 13719 1317 11468 9133 2335 169 0 169 0 765 0 8793 0 895 135 9738 7407 2331 74059 1963 296 26832 0 6737 4144 1200 1172 1772 14343 1608 1933 106 42929 995 3370 35929 2635 3847
"196203" 43521 0 3338 2861 3129 0 0 14379 1293 12118 9892 2226 253 0 253 0 715 0 9267 0 955 123 9469 7473 1996 74232 1528 788 26716 0 6831 4099 1163 1108 1828 14242 1544 2165 94 42941 995 3445 36577 1924 4185
"196204" 45350 0 2981 3233 3409 0 0 14797 1387 12379 10252 2127 337 0 337 0 694 0 10336 0 1078 112 9404 7555 1849 75030 1163 790 27544 0 7215 4153 1033 1246 1874 14424 1752 2219 85 43229 1117 3416 37276 1420 4714
"196301" 46793 0 3563 2914 3802 0 0 14941 1370 12498 10346 2152 421 0 421 0 652 0 10950 0 1078 109 9436 7626 1810 76584 1242 828 28298 0 7709 3981 914 1169 1898 14837 1771 2153 87 43976 1117 3466 38210 1183 4943
"196302" 48677 0 3427 3250 3939 0 0 15692 1427 13051 11008 2043 504 13 491 0 710 0 11526 0 1132 109 9602 7761 1841 78713 1235 1065 29582 0 8216 4105 880 1173 2052 15296 1965 1772 96 44963 1117 3732 39143 971 5053
"196303" 49780 0 3466 3169 4128 0 0 16030 1568 13169 11125 2044 588 12 576 0 705 0 12031 0 1260 110 9586 7883 1703 78941 1204 1000 29889 0 8287 4268 916 1201 2151 15333 2001 1811 105 44932 1117 3763 39793 259 5094
"196304" 50584 0 3233 3499 4260 0 0 15893 1437 13033 11055 1978 672 11 661 0 751 0 12485 0 1470 109 9635 7835 1800 80656 1247 731 30795 0 8208 4785 914 1412 2459 15577 2225 1841 108 45934 1179 3863 40736 156 5145
"196401" 51375 0 3472 3573 4530 0 0 15514 1582 12394 10384 2010 756 11 745 0 782 0 13137 0 1630 109 9410 7921 1489 82860 1344 867 31549 0 8097 5148 890 1597 2661 15910 2394 1951 107 47042 1179 3795 41523 545 5300
"196402" 52106 0 3291 3924 4870 0 0 15619 1696 12267 10365 1902 840 10 830 0 816 0 13468 0 1606 109 9219 8037 1182 85320 968 978 32462 0 8249 5374 818 1689 2867 16401 2438 1988 101 48823 1229 3722 42522 1350 5332
"196403" 53759 0 3579 4152 5185 0 0 16292 1653 12816 10979 1837 924 10 914 0 899 0 13766 0 1619 111 9055 8099 956 87879 878 1243 33199 0 8205 5766 816 1867 3083 16814 2414 2238 95 50226 1229 3700 43482 1815 5352
"196404" 59555 0 3717 8253 5515 0 0 16908 1620 13321 11489 1832 1008 9 999 0 959 0 13835 0 1841 116 9370 8147 1223 91680 1201 1097 34997 0 8675 6512 939 1968 3605 17189 2621 2606 91 51688 1229 3882 44480 2097 5270
"196501" 60135 0 4387 8010 5669 0 0 16492 1885 12538 10646 1892 1092 9 1083 0 977 0 13914 0 1892 124 9647 8329 1318 94084 1191 1033 36416 0 8765 7435 1074 2265 4096 17626 2590 2423 95 52926 1290 3741 46064 1831 5180
"196502" 59333 0 4560 7984 5853 0 0 16197 1859 12286 10330 1956 1176 8 1168 0 876 0 13279 0 2077 139 9244 8319 925 96051 1713 822 36633 0 8835 7039 1034 2082 3923 18154 2605 2439 104 54340 1290 3835 47531 1684 4809
"196503" 61458 0 4404 8254 5959 0 0 16568 1940 12507 10700 1807 1260 8 1252 0 861 0 14296 0 2073 149 9755 8468 1287 97308 1796 892 36732 0 8977 7036 1073 2047 3916 18265 2454 2384 113 55391 1290 3949 48536 1616 5041
"196504" 61506 0 3830 8509 6081 0 0 17385 1982 13056 11355 1701 1344 2 1342 0 1003 0 14599 0 2082 158 8862 8532 330 98923 1644 781 37454 0 9135 7101 1064 2118 3919 18717 2501 2550 119 56375 1290 3898 55410 -4223 5048
"196601" 61183 0 4036 8594 6291 0 0 16822 1996 12189 10590 1599 1428 2 1426 0 1209 0 14027 0 2117 168 9128 8657 471 100103 1288 884 38074 0 9494 6916 954 2036 3926 19119 2545 2638 119 57100 1290 3807 56434 -4431 4846
"196602" 61133 0 4157 8713 6497 0 0 17057 2121 11634 10351 1283 1512 2 1510 0 1790 0 12923 0 2197 179 9410 8773 637 102377 1429 917 38615 0 9629 6887 987 2005 3895 19624 2475 2652 154 58610 1290 3897 57979 -4556 4592
"196603" 60692 0 5564 8868 6466 0 0 17181 2388 11249 9900 1349 1596 27 1569 0 1948 0 11455 0 2440 177 8541 8754 -213 103537 1520 932 38716 0 9736 6919 957 2133 3829 19795 2266 2735 154 59480 1290 4025 59176 -5011 4122
"196604" 63094 0 6693 9225 6413 0 0 17261 2212 11152 9807 1345 1680 23 1657 0 2217 0 12643 0 2668 175 8016 8947 -931 105625 1647 885 39457 0 9870 7051 960 2249 3842 19996 2540 2883 128 60625 1290 4163 59042 -3870 4324
"196701" 66858 0 6001 9130 6852 0 0 17879 2228 11507 10168 1339 1764 52 1712 0 2380 0 16002 0 2950 200 7844 9157 -1313 106750 671 951 40883 0 10159 6946 888 2205 3853 21150 2628 2946 296 61003 1223 3722 60425 -4367 4875
"196702" 71958 0 5655 9121 7233 0 0 18260 2234 11537 10259 1278 1848 48 1800 0 2641 0 19156 0 3216 245 9072 9377 -305 108628 1105 843 41645 0 10396 6595 891 2040 3664 21626 3028 3114 264 61657 1264 3849 61317 -4773 4919
"196703" 78585 0 6845 9447 7437 0 0 18991 2155 12022 10780 1242 1932 56 1876 0 2882 0 23588 0 3325 270 8682 9520 -838 110911 1572 827 42545 0 10785 6728 970 2032 3726 22103 2929 3064 365 62538 1333 3809 62556 -5160 5227
"196704" 82510 0 7259 9787 7679 0 0 20037 2247 13239 12029 1210 2016 62 1954 0 2535 0 25511 0 3332 311 8594 9708 -1114 114619 2765 1055 43340 0 11086 6695 975 1847 3873 22546 3013 3398 298 63763 1373 3953 65610 -7173 5238
"196801" 82866 0 8100 9801 7374 0 0 19877 2362 12334 11102 1232 2100 93 2007 0 3081 0 24631 0 3517 351 9215 10065 -850 117143 3223 1357 44239 0 11389 6490 927 1821 3742 23369 2991 3386 269 64669 1422 3823 66795 -7371 4938
"196802" 88417 0 9439 9824 7061 0 0 19346 2475 11020 9702 1318 2184 93 2091 0 3667 0 28212 0 3931 454 10150 10212 -62 120023 3382 1749 44615 0 11449 6417 856 1892 3669 23953 2796 3533 372 66372 1466 3925 68156 -7175 5750
"196803" 91820 0 10524 10175 7230 0 0 20723 2527 11596 10286 1310 2268 91 2177 0 4332 0 28883 0 4156 468 9661 10352 -691 123129 3879 1832 45310 0 11683 6422 818 2006 3598 24460 2745 3567 398 68143 1483 3924 69837 -7101 6104
"196804" 94457 0 9404 10637 7409 0 0 22606 2826 12577 11231 1346 2352 91 2261 0 4851 0 29517 0 4789 636 9459 10468 -1009 126167 4818 1587 46066 0 12170 6296 774 1907 3615 24746 2854 3797 508 69391 1510 3890 73669 -9678 6452
"196901" 97133 0 13199 10605 7188 0 0 21976 2871 11182 9961 1221 2436 79 2357 0 5487 0 28598 0 4793 553 10221 10790 -569 128103 4922 1856 46872 0 12487 6182 760 1949 3473 25426 2777 3897 393 70163 1531 3660 75296 -10324 6516
"196902" 101831 0 17100 10717 6933 0 0 22253 3426 10607 9421 1186 2520 34 2486 0 5700 0 27895 0 4977 566 11390 11029 361 131252 4904 1809 47931 0 12692 6179 769 2066 3344 25993 3067 4033 396 72179 1587 3758 77224 -10390 6737
"196903" 100635 0 13516 11030 7048 0 0 24933 3844 12558 11293 1265 2604 17 2587 0 5927 0 26633 0 5176 467 11832 11293 539 132758 5579 1618 48494 0 13107 5883 697 2038 3148 26531 2973 4087 297 72683 1637 3817 78952 -11723 6763
"196904" 101250 0 16844 11454 8789 0 0 23164 3820 10240 8962 1278 2688 17 2671 0 6416 0 26761 0 5830 434 7974 11684 -3710 133747 5105 1173 49248 0 13198 6029 765 2095 3169 26852 3169 4618 278 73325 1694 3801 83073 -15243 6953
"197001" 104083 867 15542 11601 9007 0 0 25506 3902 12016 10722 1294 2782 15 2767 0 6806 0 25996 0 5979 368 9217 12294 -3077 137872 5447 1172 49865 0 13480 6052 813 2098 3141 27290 3043 5079 220 76089 1761 3781 85303 -14756 6749
"197002" 100900 867 14861 11692 9113 0 0 28189 4352 13687 12428 1259 2876 47 2829 0 7274 0 21457 0 6215 334 8172 12532 -4360 140115 4439 1220 50300 0 13422 5947 804 1984 3159 27644 3287 5263 182 78711 1810 3818 87920 -14837 5713
"197003" 106342 867 13538 12029 8033 0 0 31204 4209 16425 15165 1260 2962 45 2917 0 7608 0 24473 0 6657 291 9250 12912 -3662 142095 4033 1141 50854 0 13818 5989 646 2188 3155 27991 3056 5374 203 80490 1859 3774 89675 -14818 6471
"197004" 108485 867 10456 12439 7125 0 0 34960 4307 19732 18373 1359 3012 45 2967 0 7909 0 27209 0 7388 349 7692 13224 -5532 144404 3415 798 52054 0 14072 5824 623 2031 3170 28190 3968 5581 279 82277 1929 3817 94349 -17818 6573
"197101" 115261 1584 7305 12260 7190 0 0 40441 4202 24709 23171 1538 3140 43 3097 0 8390 0 30545 0 7203 511 8222 13449 -5227 143736 3379 1082 52962 0 14354 5656 601 1734 3321 28899 4053 5685 314 80314 1963 3737 93028 -18414 7287
"197102" 120511 1584 5976 12153 7259 0 0 47676 4116 31880 28480 3400 3091 39 3052 0 8589 0 29701 0 7077 419 8666 13624 -4958 145196 2997 1102 53954 0 14622 5754 622 1662 3470 29585 3993 5858 300 80985 2012 3658 95439 -20124 7486
"197103" 130277 1584 6424 12238 7360 0 0 58158 4264 41811 39206 2605 3118 37 3081 0 8965 0 29859 0 6839 333 7482 13332 -5850 146329 1924 1239 55415 0 14934 6627 702 2187 3738 29802 4052 5943 320 81488 2119 3652 97825 -22108 7218
"197104" 136221 1720 5846 12725 7454 0 0 62847 4148 46286 44951 1335 3051 37 3014 0 9362 0 30811 0 7109 311 7398 13622 -6224 154923 2059 1234 56576 0 15012 7291 806 2372 4113 30003 4270 6107 314 88633 2181 3635 103902 -21085 7641
"197201" 143162 2491 5213 12972 7950 0 0 66068 4183 49089 47757 1332 3069 273 2796 0 9727 0 33513 0 6879 372 7704 13413 -5709 161776 2763 1421 58007 0 15495 7726 811 2486 4429 30376 4410 6064 379 93142 2218 3527 101047 -13650 8779
"197202" 147532 2491 5618 13643 8248 0 0 67100 4179 49179 47930 1249 3224 296 2928 0 10518 0 33803 0 7209 310 9110 13670 -4560 164956 2849 1626 57958 0 15917 7899 884 2207 4808 30659 3483 6085 339 96099 2289 3513 102790 -12493 9359
"197203" 154741 2491 5727 14347 9412 0 0 71577 3139 54493 53256 1237 3189 294 2895 0 10756 0 35099 0 7392 311 8385 14061 -5676 163780 2730 1820 59116 0 15789 9278 939 3044 5295 31082 2967 6106 336 93672 2336 3499 104982 -17145 9616
"197204" 163779 2491 6787 15076 10580 0 0 73178 4086 54460 53164 1296 3196 294 2902 0 11436 0 39059 0 8045 366 8197 14737 -6540 170904 2664 2172 61123 0 16042 10389 1002 3528 5859 31466 3226 6574 405 97966 2451 3469 125510 -33464 10537
"197301" 171546 2767 3807 14805 11538 0 200 81503 4096 62150 60973 1177 3188 1020 2168 0 11880 189 37594 0 8181 310 10841 15694 -4853 169614 2661 2722 63001 0 16175 11305 1024 4177 6104 32039 3482 6728 364 94138 2528 3499 109828 -21717 12272
"197302" 172181 2767 4937 15950 12522 0 300 79160 4286 59215 58223 992 3252 1208 2044 0 12241 166 34552 0 8623 316 13054 16895 -3841 183337 2644 3005 65142 0 16325 12417 1183 4619 6615 32416 3984 6913 243 105390 2609 3524 112746 -13489 11887
"197303" 176569 2767 2879 16226 12640 0 400 78665 5264 57446 56659 787 3387 1210 2177 0 12544 24 37905 0 9210 290 15587 17428 -1841 183778 2657 2729 64931 0 16546 11689 1170 4425 6094 32978 3718 7452 255 105754 2611 3493 114821 -15171 11711
"197304" 142012 2767 1597 18910 13392 0 500 74698 4387 54303 53223 1080 3248 876 2372 0 12728 32 33516 0 9741 333 -13442 17845 -31287 190728 2726 3329 67419 0 17000 13104 1440 5128 6536 33159 4156 8451 231 108572 2799 4072 126246 -24545 10026
"197401" 147453 2767 6543 19398 12930 0 600 74359 4500 53536 52320 1216 3435 647 2788 0 12837 51 34242 0 10105 383 -13874 19629 -33503 194330 2936 3729 69068 15 17677 14574 1705 6420 6449 31652 5150 10055 225 108317 2913 4253 125396 -24245 10625
"197402" 153309 2767 2019 20763 15006 0 575 77864 4600 56242 55266 976 3574 783 2791 0 13330 118 30543 0 10442 354 -7024 20168 -27192 198544 3294 3529 75411 1 18150 17873 2009 8466 7398 31788 7599 10640 241 105429 3146 3662 127524 -28903 9769
"197403" 161466 2723 1340 20790 18887 0 550 77721 4700 55537 54361 1176 3524 1174 2350 0 13816 144 24012 0 11056 298 4089 21778 -17689 207536 4241 3129 77207 90 18565 16915 1947 7503 7465 32065 9572 11017 178 111764 3229 3518 131984 -26967 8388
"197404" 187166 2809 362 22722 21123 0 525 79798 4800 58270 56493 1777 2781 1778 1003 0 13694 253 23921 0 11845 293 23768 22606 1162 216634 4231 4946 81237 181 19372 17760 1705 8244 7811 32687 11237 11537 193 114490 3445 3531 135298 -27784 9011
"197501" 186345 2862 -5565 21020 21217 0 500 86407 4950 64320 61851 2469 2923 2278 645 0 13924 290 30308 0 12546 349 16701 22884 -6183 222253 4636 5022 83546 255 21480 16528 1711 6726 8091 33942 11341 11333 209 117507 3596 3213 139407 -28709 11291
"197502" 186665 2836 -9695 22297 22045 0 475 86728 5100 64710 62631 2079 2801 2343 458 0 13879 238 35096 0 12987 380 13516 23754 -10238 229297 4622 4822 87409 388 22701 18530 1768 8022 8740 35149 10641 11532 233 120679 3747 2738 143681 -29487 10805
"197503" 190999 2671 -5580 22187 22329 0 462 85634 5200 63987 59784 4203 2368 2368 0 0 13830 249 32046 0 13235 343 17672 23840 -6168 238265 4692 5272 91083 407 23967 20526 1917 9008 9601 36112 10071 12001 258 124959 3937 2211 145176 -26365 9108
"197504" 201463 2685 -9497 23606 22579 0 450 88317 5300 65518 61151 4367 2691 2683 8 0 14483 325 33399 0 13806 364 25754 25209 545 247555 4627 5772 96888 559 26540 21619 1964 9335 10320 37023 11147 12202 319 127747 4119 1995 149542 -27909 9585
"197601" 208351 2653 -10148 23104 21185 0 425 91099 5375 67953 63149 4804 2767 2751 16 0 14714 290 39514 0 15368 411 24740 26681 -1941 258876 5342 6428 101108 707 28895 22574 2081 10092 10401 37776 11156 12058 333 133607 4256 2047 153575 -26271 9885
"197602" 211825 2629 -13964 24218 20750 0 412 93566 5450 69527 65314 4213 3078 3067 11 0 15134 377 39559 0 15849 0 28806 27767 1039 265554 6879 6941 105591 920 30242 24415 2166 11359 10890 38473 11541 12574 0 133569 4658 1897 155902 -28888 9642
"197603" 221682 2654 -11932 25197 20015 0 400 98426 5525 73813 66575 7238 3150 3133 17 0 15445 493 40120 0 17278 0 29524 28766 758 276946 7348 6763 108519 1140 32821 23907 2093 10759 11055 39438 11213 12167 0 142149 4994 1880 159203 -23928 9283
"197604" 257536 2665 -15447 28120 20680 0 375 99394 5600 77583 70555 7028 2017 2017 0 0 13699 495 46996 0 18894 0 55859 47528 8331 373847 7149 7441 115656 1282 34704 28395 2855 13534 12006 38917 12358 12519 0 231082 5207 854 222283 2738 9453
"197701" 261277 2659 -16516 26587 20681 0 350 106574 5700 83869 75860 8009 2130 2115 15 0 14233 642 43884 0 19147 0 57911 48508 9403 375812 7462 8287 115502 1608 35259 25920 2409 11679 11832 39925 12790 12370 0 232191 5391 786 224340 1674 9591
"197702" 273481 2674 -17292 27619 21965 0 337 112561 5800 87623 81013 6610 2847 2725 122 2 15695 594 45623 0 19309 0 60685 49473 11212 385463 7498 9731 118646 1816 36926 26271 2636 12159 11476 40467 13166 12163 0 237425 5571 884 228345 2625 9823
"197703" 288328 2669 -11243 27984 20423 0 325 122493 5900 95798 87937 7861 3583 3352 231 35 16629 548 44147 0 20303 0 61227 50496 10731 391498 7330 8990 124238 1962 38806 28438 2768 13751 11919 41387 13645 11607 0 239333 5741 841 231022 1729 10252
"197704" 298207 2787 -16367 31971 21006 0 300 135436 6000 108654 101092 7562 4695 4294 401 68 15374 645 44830 0 20767 0 57477 55413 2064 411927 7598 8756 128630 1847 39329 31449 2937 16184 12328 41793 14212 13018 0 253925 5956 818 248299 -1148 10110
"197801" 313605 2837 -20862 30636 21904 0 1000 149938 6100 122439 113996 8443 4919 4411 508 101 15586 793 42997 0 21768 0 63387 56768 6619 423893 7474 10041 133605 1934 40667 32596 3077 16821 12698 42528 15880 14369 0 258404 6249 861 253173 -1879 10544
"197802" 320355 2843 -14716 31233 21882 0 1634 146417 6200 117423 108187 9236 5322 4622 700 134 16295 1043 47420 0 21983 0 61659 59081 2578 434752 7158 10192 137344 2188 41844 34072 2996 17410 13666 43588 15652 15983 0 264075 6400 849 257120 -294 10730
"197803" 338636 2939 -5082 30920 21739 0 1663 150331 6300 119448 111280 8168 6207 5085 1122 167 16797 1412 51282 0 23214 0 61630 61701 -71 444135 7182 9613 141694 2580 42326 38845 3705 19410 15730 44860 13083 17473 0 268173 6581 827 259267 1498 11832
"197804" 367837 2989 -9955 33962 23471 0 2426 161291 6465 132901 123991 8910 5165 4520 645 200 15659 901 48026 0 24896 0 80731 68976 11755 499193 6979 17131 155669 2880 42148 49940 5167 25707 19066 45671 15030 18045 0 301369 6581 935 287511 6342 11236
"197901" 377186 4077 5804 31661 25198 0 2196 156172 7000 126633 115159 11474 5159 4515 644 233 15806 1341 51464 0 24807 0 75807 70529 5278 513689 10179 22361 154239 3106 43027 46484 5980 21959 18545 46356 15266 17777 0 309133 7012 982 293661 7478 11735
"197902" 380558 4090 10355 34805 24245 0 3199 145133 7500 113716 102299 11417 5270 4609 661 266 16503 1878 52607 0 26160 0 79964 73882 6082 525194 9945 21989 159374 3241 43564 48483 5161 23431 19891 47103 16983 18267 0 315619 7200 965 301333 6121 12022
"197903" 401651 4175 17956 36127 25665 0 3256 154078 8000 120244 107325 12919 5662 4942 720 299 17414 2459 55857 0 26508 0 78029 77264 765 546009 7329 27282 172121 3976 45287 55195 7653 25387 22155 47796 19867 19238 0 320039 7350 924 308514 3251 14087
"197904" 415045 4173 9469 40087 25904 0 4113 149673 8412 115958 101748 14210 5868 4892 976 332 16215 2888 55264 0 26223 0 100139 88579 11560 580429 7784 26913 168516 4553 41966 52994 7307 21622 24065 50380 18623 20256 0 356960 7529 942 340578 7911 14803
"198001" 428484 5058 15924 39903 25645 0 3749 151759 8650 113901 96391 17510 7017 5693 1324 365 18374 3452 53448 0 26508 0 106490 91900 14590 597978 10319 30071 169671 5217 42071 50252 7874 19485 22893 51987 20144 20836 0 367081 7616 778 347187 11500 14344
"198002" 426072 5353 -7453 44313 26640 0 4246 159408 8900 116990 100751 16239 7063 5943 1120 398 20489 5568 60903 0 33655 0 99007 97656 1351 607149 10771 31804 177467 5531 42980 53517 9228 20936 23353 53063 22376 21722 0 365385 7720 729 350873 6063 17548
"198003" 430187 5305 -12040 40989 25876 0 4528 165991 9150 120506 104545 15961 7690 6492 1198 431 22951 5263 67574 0 33964 0 98000 102369 -4369 614136 11826 29447 184631 5828 43065 58193 10002 23476 24715 54112 23433 23926 0 364306 8074 720 355406 106 19083
"198004" 483047 5155 -17119 42877 26880 0 4395 169693 9334 127449 111336 16113 8473 6853 1620 464 19471 4502 74676 0 35035 0 141455 127105 14350 668648 15596 31392 193448 6955 43524 64774 11851 26300 26623 55481 22714 25690 0 402522 8250 1842 396064 -3634 18930
"198101" 495531 6019 -22906 41101 26013 0 4076 184721 9000 136077 118578 17499 9054 7307 1747 497 22381 7712 76917 0 34369 0 145221 130251 14970 693508 19256 37927 196625 8483 43839 62706 10938 22831 28937 56984 24613 27651 0 412049 8384 1674 399401 2590 18883
"198102" 499401 5637 -23025 43523 27063 0 3529 186310 8700 134740 116500 18240 9709 7843 1866 530 24554 8077 78139 0 34477 0 143748 135545 8203 705258 18429 39125 204781 9564 45178 64609 11226 23677 29706 57973 27457 26102 0 416821 8700 1851 405735 535 18417
"198103" 504856 5608 -20952 43818 26562 0 3401 187702 8400 129677 111885 17792 10340 8387 1953 563 27946 10776 69512 0 33474 0 155731 141050 14681 714115 18564 39943 210696 10088 46159 67874 11796 25527 30551 58935 27640 25736 0 419176 9030 1820 408141 185 15333
"198104" 507846 5703 -55754 40651 29152 0 4404 196956 8041 135509 117004 18505 10344 8126 2218 596 27066 15400 74683 0 33054 0 178997 164623 14374 726120 18924 41811 213961 10829 45675 67801 12621 21837 33343 60020 29636 24603 0 426821 9300 1573 421753 -5805 16467
"198201" 507843 5454 -55536 36708 30926 0 4870 201149 7600 135479 115677 19802 10274 7824 2450 629 30514 16653 68554 0 31965 0 183753 166759 16994 737906 18794 47174 186342 11381 46500 37053 4831 14676 17546 60606 30802 21334 0 464262 9550 1636 428539 24537 14044
"198202" 507233 5351 -72200 39639 35205 0 5596 207868 7200 135478 113583 21895 10802 8083 2719 662 36459 17267 67704 0 32762 0 185308 170034 15274 746122 19522 48286 189863 13100 46857 35094 5540 13619 15935 61505 33307 20866 0 467585 10150 1861 433434 22140 13513
"198203" 507565 5254 -84208 38088 36301 0 5870 219063 6800 141723 118437 23286 10413 7891 2522 695 39334 20098 74449 0 31754 0 180994 172947 8047 751759 19845 41159 196845 12936 50110 34319 5954 13429 14936 63952 35528 20315 0 473595 10200 1913 435887 25595 13693
"198204" 569122 5405 -62451 39458 39526 0 5986 239950 6329 150687 124929 25758 10914 7658 3256 728 51148 20144 88324 0 33649 0 179275 184842 -5567 762418 22810 49522 208127 15054 56604 33785 5435 15055 13295 64531 38153 19419 0 462540 10574 1798 406633 43535 17442
"198301" 563450 5285 -78097 40345 23566 0 6048 249021 7445 156612 127941 28671 10481 7287 3194 761 52223 21499 98625 0 30685 0 187972 186050 1922 768244 23123 51747 213093 16787 57191 38212 6690 15836 15686 65627 35276 19260 0 461021 10626 1875 409434 39086 19401
"198302" 583125 5234 -75573 42378 24302 0 6020 257530 7132 161723 129936 31787 10488 7117 3371 794 53954 23439 110389 0 29937 0 182908 189628 -6720 771683 22745 50818 216881 18557 58243 38591 7541 15890 15160 66476 35014 18120 0 463119 10985 1913 413713 36508 22898
"198303" 601635 5178 -63807 42508 23976 0 6174 259306 6959 162120 129325 32795 10281 6755 3526 827 55134 23985 110130 0 32934 0 185236 193732 -8496 780873 21938 53082 219376 19386 58796 37809 7275 15360 15174 67656 35729 18111 0 468366 11050 1875 419775 35666 24289
"198304" 671466 5130 -50298 45145 25791 0 6659 263331 7116 163562 129716 33846 11183 7271 3912 860 54720 25890 109555 0 32569 0 233584 193708 39876 847232 22626 141573 224139 21540 58569 37408 8475 14151 14782 68591 38031 18323 0 440571 11261 1812 393163 34335 26154
"198401" 692945 5214 -48850 45042 25546 0 6184 274779 8284 165238 129442 35796 11128 7274 3854 893 57413 31823 105846 0 33180 0 246004 198508 47496 853161 23864 146438 227575 24158 58256 36586 8579 13018 14989 70712 37863 18819 0 436465 11041 2064 398033 25327 28801
"198402" 720417 5052 -47680 46736 29439 0 6027 291251 8544 171303 129171 42132 11310 7420 3890 926 59842 39326 101388 0 34263 0 253941 207430 46511 867491 23447 147963 241404 30516 59048 35909 9628 12679 13602 71699 44232 19201 0 435476 11352 2061 403563 18500 25051
"198403" 739784 4895 -41793 46640 30159 0 5760 304487 9720 176035 128600 47435 11776 7504 4272 959 62867 43130 108687 0 33633 0 247316 211923 35393 863065 23209 142799 232548 26707 59458 33640 8765 11250 13625 72498 40245 17880 0 446629 11831 2191 407961 24646 25456
"198404" 786471 4803 -47495 49641 30495 0 6758 340379 8327 200289 138168 62121 11969 6497 5472 1000 70126 48668 107044 0 33371 0 261475 223538 37937 846022 23838 139968 232823 27721 62810 30791 7602 11004 12185 72501 39000 17699 0 431694 12356 2088 389543 27707 25994
"198501" 800656 4857 -39285 48382 31059 0 6455 345963 8763 195702 130991 64711 12289 6175 6114 1050 79842 48317 115093 0 32609 0 255523 228407 27116 844936 24400 141748 231206 28638 63404 28666 6461 9800 12405 72951 37547 16816 0 430766 12756 2158 392719 23133 30324
"198502" 824801 4891 -46294 50957 30855 0 6661 364974 7655 209640 139741 69899 13063 6311 6752 1100 84417 49099 122134 0 31697 0 258926 233081 25845 841228 24997 136231 230114 29838 65475 27439 6353 9966 11120 73703 33659 16875 0 433011 13272 1892 397420 20427 32398
"198503" 864841 5191 -40158 53402 32172 0 7618 383545 8040 216962 139327 77635 14335 6367 7968 1150 91450 51608 115843 0 32112 0 275116 237999 37117 846197 27204 141303 233493 31417 66072 29753 6702 11383 11668 73822 32429 16054 0 428143 13608 1874 400736 11925 37738
"198504" 953418 5382 -30866 54449 33712 0 7517 419942 8166 226392 138438 87954 17478 6625 10853 1200 110685 56021 136791 0 33591 0 292900 247223 45677 884945 32101 148461 242493 33923 75020 27945 6193 9663 12089 73956 31649 17520 0 444370 13898 1938 407815 20719 44383
"198601" 999253 5577 -18280 53548 29258 0 8479 442006 9019 235450 141676 93774 18793 6448 12345 1250 120478 57016 162113 0 32921 0 283631 250575 33056 895817 33829 152917 243418 31895 79038 27046 6077 9088 11881 74151 31288 15348 0 450305 14106 1916 416821 17462 58372
"198602" 1042578 5770 -25358 55385 29975 0 8509 481176 9518 253810 156216 97594 20841 5804 15037 1300 130586 65121 178274 0 33762 0 275085 256412 18673 907872 35551 159332 246202 36231 78309 28444 6502 10605 11337 73958 29260 15161 0 451626 14500 1873 423279 11974 64259
"198603" 1086857 5945 -24282 55583 30488 0 9841 511937 8051 264227 168387 95840 22325 5528 16797 1350 139498 76486 172779 0 34388 0 290178 265282 24896 908994 37003 168938 248927 39908 79120 26184 5935 9596 10653 75772 27943 16352 0 437774 15215 920 427555 -5916 72043
"198604" 1166860 5993 -15181 59554 31252 0 10867 536351 8038 269388 173310 96078 24989 5606 19383 1400 154919 77617 183172 0 35010 0 319842 284701 35141 964280 37453 179874 251862 37407 85724 26915 6178 10699 10038 75543 26273 16761 0 478330 15380 927 437492 24531 72399
"198701" 1222065 6299 -7807 57597 31263 0 11704 551444 7225 278755 185503 93252 25700 5544 20156 1450 162717 75597 228339 0 34481 0 308745 297474 11271 953432 37743 180965 251602 37278 86110 25930 6991 8568 10371 75322 26962 18707 0 464415 15569 1080 444664 3102 91583
"198702" 1259700 6262 -5263 59587 30578 0 10776 572386 9609 287408 196587 90821 26723 5800 20923 1500 167429 79717 242944 0 33867 0 308563 306558 2005 953582 34071 181371 250790 35587 85712 25441 5970 9054 10417 75291 28759 19447 0 467903 15851 921 452122 -991 99680
"198703" 1328777 6270 22784 58588 30895 0 12804 580988 10624 285414 197428 87986 28163 6514 21649 1550 172810 82427 259413 0 34440 0 322595 327556 -4961 960404 33995 182604 252768 40610 87143 24129 5911 8399 9819 74591 26295 20375 0 470662 16258 925 460331 -6852 107277
"198704" 1344073 6951 29296 62015 32124 0 13111 586522 9021 296301 213713 82588 28322 6835 21487 1600 173206 78072 189006 0 35109 0 389939 334552 55387 1050806 34722 213270 259005 41245 93889 23309 5266 7821 10222 73309 27253 19291 0 524518 16591 781 506624 522 94700
"198801" 1377564 6797 13159 61529 32010 0 12003 636513 10363 329942 241443 88499 28464 6673 21791 1650 173987 92107 199699 0 34998 0 380856 342724 38132 1035015 32123 211387 260901 42544 97661 22713 4952 7794 9967 74813 23170 20714 0 509890 16870 673 511409 -19062 110010
"198802" 1435956 6421 24715 64482 33720 0 11934 654859 8116 341268 247296 93972 31114 6875 24239 1700 178486 94175 211350 0 35483 0 392992 356866 36126 1047386 29965 220222 262952 44037 97531 22506 4563 8081 9862 75358 23520 19150 0 515097 17168 650 515165 -17886 105733
"198803" 1458330 6322 16349 63815 33663 0 13653 671833 11037 340942 243527 97415 32575 7447 25128 1750 183568 101961 211592 0 36514 0 404589 370926 33663 1064806 36726 224302 263655 46432 98838 22635 5167 8105 9363 73105 22645 21909 0 518214 17493 590 523797 -23666 108506
"198804" 1567259 6593 35204 65592 35524 0 13038 689055 11838 353839 252962 100877 34193 7972 26221 1800 187406 99979 213406 0 37209 0 471638 401766 69872 1163705 36745 228720 269776 49943 104187 21509 4764 7821 8924 69258 24879 27021 0 601443 17905 729 535920 46889 128662
"198901" 1609789 6334 22102 66575 36966 0 14402 729105 13715 368034 257596 110438 38227 8693 29534 1850 193504 113775 226429 0 38444 0 469432 420019 49413 1189617 39139 242447 270312 54395 105490 21624 4547 7337 9740 68109 20694 29627 0 608092 18166 726 550582 38618 133621
"198902" 1645389 6107 22670 67208 39090 0 17229 733650 14404 360797 247870 112927 40040 8596 31444 1900 195308 121201 247682 0 39245 0 472508 435762 36746 1219425 49785 245142 269476 52733 107185 21526 4060 7463 10003 68192 19840 30182 0 624840 18423 673 559202 46542 137833
"198903" 1712935 6270 21481 67491 39950 196 17075 760450 14444 386117 260646 125471 43023 8786 34237 1950 196310 118606 275549 0 38160 0 486313 447581 38732 1235285 57699 250390 275578 57498 108768 22572 3505 8750 10317 67253 19487 30883 0 620735 18738 705 568983 32309 171711
"198904" 1857880 6439 27653 69510 40222 391 23116 815774 12683 423742 257201 166541 47219 6411 40808 2000 207783 122347 275709 0 39824 0 559242 467886 91356 1309139 63550 266828 287876 63022 116949 21367 3351 8568 9448 66978 19560 29788 0 661097 19079 586 570655 70777 197345
"199001" 1878960 6373 29704 70890 41727 587 22259 832284 11371 415674 251024 164650 49388 5890 43498 2050 208943 144858 260910 0 40319 0 573907 483524 90383 1350324 65243 261211 287947 59292 125507 18946 3307 6975 8664 67296 16906 25269 0 710654 19403 660 581726 108865 162878
"199002" 1913514 6486 29945 74822 40772 783 21401 850765 11894 421266 254759 166507 50857 6236 44621 2100 212688 151960 269743 0 40663 0 578134 498168 79966 1355654 66233 273580 299016 65062 130414 19279 3298 6791 9190 67839 16422 25626 0 691199 19710 646 587541 83302 190890
"199003" 1977295 6823 49888 81463 39835 978 20544 879098 11164 434145 267094 167051 50324 6370 43954 2150 212781 168534 230043 0 44379 0 624244 507324 116920 1429807 68961 287725 305496 71453 130904 19791 3305 7587 8899 67682 15666 26517 0 741108 20171 674 606804 113459 166628
"199004" 1967483 6970 53293 85786 39538 1174 19686 881742 10708 438363 285911 152452 49406 5317 44089 2200 208657 172408 242615 0 46134 0 590545 505346 85199 1437106 72258 297926 318246 75346 144717 18502 2811 5892 9799 63333 16348 28587 0 720089 20383 628 629804 69274 197596
"199101" 1990411 6596 50754 88384 40816 1369 19979 877896 10355 443257 286066 157191 50225 5288 44937 2250 213477 158332 276092 0 45470 0 583055 509193 73862 1435391 66944 296995 332140 87378 147846 20536 2508 7438 10590 62368 14012 29865 0 709447 20666 691 647666 40424 220890
"199102" 1993501 6441 22940 88446 41729 1565 20271 887116 9995 453173 282521 170652 51563 5069 46494 2300 219068 151017 276334 0 44909 0 603750 523168 80582 1421515 63878 284823 318486 74289 150597 19656 2595 7072 9989 62249 11695 30258 0 724070 21091 893 650263 51823 224206
"199103" 2030299 6703 36410 93086 38929 1761 20564 890844 9669 457598 288142 169456 55861 5543 50318 2350 222860 142506 282180 2900 44771 0 612151 522370 89781 1412376 63669 282524 323140 78336 154508 19995 2438 7329 10228 58190 12111 29908 0 713135 21432 1330 660498 29875 258216
"199104" 2120362 7008 36641 97198 39302 1956 20857 909610 11314 476289 305994 170295 58531 5205 53326 2400 236011 125065 291200 5801 44365 0 666424 533404 133020 1457071 66662 273526 350371 82101 176774 21609 2365 6908 12336 57889 11998 31638 0 734874 21887 1646 657717 53624 278976
"199201" 2126802 6721 37632 96597 36558 2152 32178 938376 10400 491891 320910 170981 61710 5669 56041 2450 240061 131864 279172 8701 44923 0 643792 535186 108606 1463446 63600 264833 340488 71338 177773 21972 2422 7082 12468 57836 11569 31195 0 763330 22201 1714 678421 60994 257473
"199202" 2189807 7012 52390 98769 35579 2348 34724 968484 10897 513373 332161 181212 68386 7368 61018 2500 246024 127304 280355 11601 45592 0 652953 541565 111388 1482555 66033 267007 356022 78277 182760 25497 2559 8564 14374 57763 11725 31215 0 762278 22507 1853 689270 48648 272908
"199203" 2239268 7216 76659 105872 35751 2543 33337 985764 12125 517962 331842 186120 69828 8280 61548 2550 251151 132148 285368 14501 45590 0 646667 545112 101555 1491556 67468 271987 363034 81505 186673 26478 2882 8966 14630 57933 10445 32197 0 756870 22888 1624 694990 37368 296190
"199204" 2288089 6737 79856 109791 38201 2739 41715 983090 12902 520339 322600 197739 71352 6717 64635 2600 245958 129939 308847 17402 46036 0 653675 540270 113405 1475634 60267 267711 372435 78407 200817 23907 3320 7605 12982 58038 11266 33015 0 742206 23314 1670 674386 42836 314266
"199301" 2324967 6848 86870 111840 37905 2935 46596 993491 12864 534782 323680 211102 73170 7382 65788 2650 240080 129945 323329 20302 45761 0 649090 548083 101007 1461980 63324 265061 384046 72539 220691 24293 2964 8187 13142 56997 9526 35053 0 714496 23537 2001 679807 9151 365074
"199302" 2393015 6877 94832 117200 39052 3130 50351 1017301 19831 540158 329348 210810 82130 8464 73666 2700 247310 125172 320431 23202 45291 0 675348 559881 115467 1456932 62911 263474 401067 72457 236841 25933 3061 8977 13895 56599 9237 34856 0 694624 23817 2423 704180 -35796 426520
"199303" 2484370 6949 116573 126907 38892 3326 55051 1052983 20072 562514 348446 214068 91893 9809 82084 2750 254263 121491 327673 26103 46531 0 683382 572030 111352 1453507 64778 252269 430552 72013 268207 26175 3371 9477 13327 55984 8173 33957 0 671951 24064 2985 718351 -73449 491186
"199304" 2611576 6730 125430 126151 45050 3521 58627 1095001 18817 594551 373050 221501 103241 8637 94604 2800 261425 114167 340997 29003 47049 0 734017 593313 140704 1680698 62389 271821 468239 68802 309666 24609 2364 8795 13450 56978 8184 37108 0 841141 24457 1947 723526 91211 543862
"199401" 2703682 6921 162327 131866 46167 3717 58128 1139994 22860 605360 373947 231413 109188 8814 100374 2850 269307 130429 330689 31903 47543 0 744427 598785 145642 1694504 65757 271120 444801 44255 310000 26222 2749 9621 13852 56393 7931 37424 0 875402 24679 1911 754599 94213 578653
"199402" 2753083 7096 176153 138125 55185 3913 55607 1153281 22990 604184 379869 224315 115133 11174 103959 2900 280025 128049 328840 34803 47903 0 752177 604811 147366 1698604 64680 290447 440710 43105 309248 25092 2069 8704 14319 55389 7876 39957 0 862810 25041 2076 770722 64971 616744
"199403" 2836288 7189 191549 142467 47755 4108 75114 1187373 19969 626320 396344 229976 119050 13396 105654 2950 290761 128323 351444 37704 47347 0 744238 619434 124804 1724877 65478 299169 445855 41279 315553 26255 2372 9314 14569 54982 7786 39458 0 874917 25437 2410 789980 57090 626046
"199404" 2853610 7153 218153 148553 46570 4304 46616 1162773 24850 632571 396887 235684 106793 10265 96528 3000 273458 122101 352812 40604 48598 0 777474 617982 159492 1828280 63284 373929 443088 42669 310391 26138 2153 8822 15163 55996 7894 40752 0 907227 25888 2024 786565 92750 626762
"199501" 2937621 7646 214015 153446 45232 4492 56608 1226943 28833 670713 407019 263694 111956 11391 100565 3238 285510 126693 377550 44930 46600 0 760159 627421 132738 1872550 75708 382087 458448 51870 314250 28161 2538 8889 16734 56234 7933 40986 0 915321 26200 2027 808249 78845 644382
"199502" 3037726 7686 209605 153882 41546 4680 62488 1298494 33084 724385 432253 292132 115589 12717 102872 3476 296279 125681 412448 50129 46893 0 749875 639619 110256 1946955 79009 410073 471868 49097 329339 29561 2124 9540 17897 56170 7701 44591 0 941414 26477 2039 824282 88616 668010
"199503" 3168194 7380 210093 156367 39703 4868 66199 1382160 37617 780277 452851 327426 123932 13235 110697 3714 309322 127298 448814 55693 47440 0 749477 657479 91998 1944450 76101 403948 497865 56833 346029 31608 2317 10562 18729 55273 8122 43439 0 923097 26880 2281 847305 46631 728149
"199504" 3466079 7283 229278 158455 39960 5056 67634 1464789 43441 816947 489952 326995 123051 17508 105543 3952 355287 122111 484581 59876 49345 0 899822 680066 219756 2143991 74782 418824 567627 56160 413310 34589 2558 10940 21091 55396 8172 46517 0 1036241 27406 2262 885506 121067 790615
"199601" 3560215 7159 210008 154050 41726 5244 72540 1545111 30965 888669 545637 343032 123610 17662 105948 4190 371124 126553 511510 66079 50045 0 896743 708199 188544 2176745 73156 444015 580438 52464 427339 36752 2202 12166 22384 55021 8862 43770 0 1035366 27844 2409 912238 92875 849842
"199602" 3660491 7072 197212 161720 40134 5431 76399 1599265 42316 910263 542259 368004 128726 19106 109620 4428 386902 126630 533563 71971 50876 0 916848 724897 191951 2190667 72339 444762 592296 54502 432793 40539 3299 13136 24104 55473 8989 42568 0 1038702 28221 2148 929066 79267 903587
"199603" 3797561 7052 175921 166489 47107 5619 76478 1710982 47544 971905 567167 404738 139253 20333 118920 4666 407717 139897 542322 76455 53056 0 936080 741493 194587 2239821 64459 474734 626133 65816 454062 41706 3181 12676 25849 55018 9531 42618 0 1031877 28654 2065 953869 47289 939758
"199604" 4015356 7045 177313 175192 50867 5807 70852 1795616 57864 1040330 606427 433903 134400 24661 109739 4904 432118 126000 584303 82287 54890 0 1011184 745619 265565 2449185 64041 521682 657242 67476 481411 43654 2870 14309 26475 54759 9942 44823 0 1161397 29240 2124 989810 140223 1006135
"199701" 4151026 6795 150336 178559 53653 5995 91678 1873618 52073 1091734 628778 462956 144896 25415 119481 5142 449098 130675 599361 86402 55286 0 1049343 774288 275055 2551541 56172 567770 664211 69321 486734 43486 1987 13753 27746 54383 10287 46181 0 1217207 29667 2149 1022479 162912 1019624
"199702" 4271845 6801 141595 184754 56738 6183 92320 1936624 66414 1113289 616405 496884 151675 26377 125298 5380 467523 132343 722384 97076 54198 0 973172 798075 175097 2454943 56763 573814 682223 71337 499509 46356 2047 13455 30854 54259 10762 46233 0 1095910 30078 2160 1049864 13808 1192191
"199703" 4447177 6689 150714 189503 58824 6371 98316 2022226 75321 1157026 624009 533017 160630 29089 131541 5618 487852 135779 802857 106352 54940 0 950385 817169 133216 2530034 56098 599233 708164 64349 531920 48183 2239 13166 32778 53438 10274 48039 0 1118500 30493 2189 1073233 12585 1244738
"199704" 4764211 6611 172980 202687 63946 6559 90823 2035613 77763 1153213 615076 538137 157299 33112 124187 5856 498221 143261 837310 109024 55782 0 1182876 824136 358740 2694321 58907 618473 723639 65084 543396 52114 2056 13801 36257 53301 9744 50038 0 1243264 30829 2068 1068063 142304 1207787
"199801" 4878905 6545 137114 202119 82713 6747 112207 2083143 79680 1158014 626412 531602 169504 35722 133782 6094 521027 148824 1004657 120880 54379 0 1068401 844196 224205 2629073 58304 612437 747037 76706 555945 53381 2266 13048 38067 52974 8031 49835 0 1161460 31214 2090 1113320 14836 1385867
"199802" 5015791 6524 143181 202898 76437 6935 105186 2137444 91025 1159523 606107 553416 176611 35976 140635 6332 557757 146196 1045696 125843 52761 0 1112886 865243 247643 2767299 60114 628576 772499 71372 585721 55527 2158 14812 38557 52987 6892 46863 0 1259247 31658 2116 1160205 65268 1370021
"199803" 5051898 6719 149636 207264 93100 7123 91036 2135087 111741 1121618 573284 548334 171844 37882 133962 6570 576830 146484 931755 119805 53122 0 1257251 890367 366884 2992642 64632 657156 768425 73981 579194 56382 2039 13810 40533 52524 6344 47120 0 1455309 32071 1978 1183163 238097 1167450
"199804" 5334322 6899 145923 213173 115861 7310 71993 2201999 111404 1166244 622921 543323 185563 46847 138716 6808 589714 142266 1107910 135122 49266 0 1278866 920044 358822 2925685 70715 627575 783172 72878 594400 58716 2788 13084 42844 52441 4737 46140 0 1398083 32409 1918 1196021 167735 1474983
"199901" 5466521 6653 132820 212974 111327 7498 86326 2249029 105532 1153717 623721 529996 199492 52840 146652 7046 619995 163247 1215204 141376 45158 0 1258156 947703 310453 2983006 63310 654952 789403 77249 596669 59001 2863 12545 43593 51807 4677 44750 0 1430591 32803 2040 1268257 127491 1527668
"199902" 5705472 6545 154521 216156 108311 7686 83258 2244770 99655 1135597 617013 518584 212741 58632 154109 7284 648872 140621 1325682 151447 44255 0 1362841 1091691 271150 3025196 60643 673591 781604 70105 595286 60465 2768 13696 44001 51631 4117 43602 0 1465756 33259 2152 1320516 109829 1656976
"199903" 5864579 6799 160146 219734 112401 7874 82364 2325421 104419 1152245 629976 522269 230539 60467 170072 7522 695771 134925 1242447 150612 44512 0 1512269 1143635 368634 3112341 62367 684991 799982 81753 604673 58592 2940 10934 44718 51871 3093 49144 0 1515857 33588 2269 1387281 92719 1701560
"199904" 6054010 6725 140255 237512 118815 8062 79943 2196131 105047 1058365 617680 440685 232334 76101 156233 7760 673083 119542 1433963 169509 49746 0 1613349 1101709 511640 3243276 60468 676469 748228 89171 548233 59176 2952 9873 46351 47797 3851 50361 0 1707750 33860 2570 1414355 256965 2003716
"200001" 6266452 6599 83353 229047 113329 8250 75897 2266786 101584 1059370 633884 425486 263721 84208 179513 8000 713314 120797 1521314 179596 48711 0 1733570 1153174 580396 3338039 59741 751326 778259 101623 561984 62993 2784 11425 48784 47875 3784 49799 0 1698914 34203 2276 1452865 209570 2089143
"200002" 6511903 6552 150279 230188 100576 9234 87465 2308155 100012 1032891 630288 402603 291011 94542 196469 8000 751484 124757 1522160 170320 50016 0 1876958 1248127 628831 3478589 56909 762844 770906 101245 552931 64625 3132 12032 49461 47976 4129 52833 0 1835097 34613 2335 1508272 289877 2054063
"200003" 6745341 6359 170779 231468 101157 10217 92415 2352170 97319 1008879 619689 389190 331781 108814 222967 8000 793780 112411 1553246 167309 50307 0 2009914 1330251 679663 3661991 55210 740645 797226 109756 568715 67537 3573 12562 51402 47426 3792 49657 0 2019253 34948 2436 1550984 430885 1942786
"200004" 6840831 6384 161085 236327 101536 11201 91333 2451069 114302 1021426 639796 381630 348228 116359 231869 8000 841774 117339 1482981 149023 49366 0 2100526 1421017 679509 3579176 56601 803348 814504 120919 572692 70536 3510 13241 53785 47214 3143 51173 0 1853550 35360 2594 1531607 283989 1852842
"200101" 7132748 6177 101489 234884 86132 12185 -4600 2533214 106559 1019783 655812 363971 378711 119933 258778 8000 905411 114750 1351303 127083 48297 0 2636584 1479708 1156876 3956568 53176 845324 870174 172028 576501 74107 3626 16418 54063 46716 822 44317 0 2143577 35881 2494 1571516 533686 1654541
"200102" 7322520 6103 99243 237780 93499 13168 -3434 2586939 113311 988301 636246 352055 390328 121997 268331 8000 968126 118873 1474046 131828 47485 0 2635863 1540744 1095119 3963834 53803 806479 871987 186978 570994 66247 3313 9130 53804 46975 793 49175 0 2182390 36379 2520 1601926 541565 1718095
"200103" 7376319 6316 108765 247218 91749 14152 -381 2663153 113168 995064 651007 344057 409633 123592 286041 8000 1000062 137226 1280641 107697 46963 0 2810046 1557320 1252726 4247565 59918 805295 852199 189339 548466 67308 4176 9407 53725 46509 577 44119 0 2486034 36738 2550 1649296 797450 1433884
"200104" 7323953 6157 115508 255114 102122 15136 13092 2850152 108449 1095208 720149 375059 504123 171692 332431 8000 1018665 115707 1440960 116585 46217 0 2362910 1518473 844437 3763895 57609 810100 865383 198475 557062 63239 4309 5875 53055 46067 540 43523 0 1987280 37065 2522 1693131 254562 1612673
"200201" 7492625 6109 83602 257277 113720 16119 9351 2928193 116024 1109955 724569 385386 523891 181453 342438 8000 1060854 109469 1477112 115320 48502 0 2437320 1543558 893762 3852133 56530 795025 896010 215169 568073 66726 4166 6110 56450 45480 562 41196 0 2063372 37511 2530 1744877 278454 1607025
"200202" 7677243 6519 55102 264296 143538 17103 7262 3095812 125691 1148159 743943 404216 575823 197671 378152 8000 1118217 119922 1280216 98079 47583 0 2661733 1552465 1109268 4037347 63652 802487 913114 225519 569801 72221 4765 9660 57796 45111 462 38915 0 2219179 37879 2489 1784532 394279 1521874
"200203" 7897684 6481 72571 265093 152375 16681 46604 3215821 125451 1211343 753067 458276 603979 205279 398700 9750 1131597 133701 1084779 89752 47394 0 2900133 1567858 1332275 4384835 64818 828523 918757 226571 577742 69292 5022 7802 56468 44670 482 39261 0 2533476 38243 2593 1821287 671353 1235475
"200204" 7808347 6661 119718 273394 143345 16259 28549 3303009 126555 1285498 811995 473503 630586 214249 416337 11500 1123036 125834 1221566 97967 48812 0 2549067 1499952 1049115 4299096 67963 831130 1072842 257228 702742 68577 5082 5111 58384 44131 164 38588 0 2288573 38551 2627 1867043 380352 1373980
"200301" 7959509 6731 53368 253954 114748 15836 71303 3450502 178657 1322878 842272 480606 644525 226560 417965 13250 1176233 114959 1196867 100241 48656 0 2647303 1537680 1109623 4377774 69006 855431 1079641 262588 701169 72025 4538 9937 57550 43736 123 41580 0 2332116 38929 2591 1894714 395882 1293453
"200302" 8148804 6864 33329 254033 121517 15414 53184 3629471 179971 1415263 884940 530323 658108 236681 421427 15000 1235049 126080 1433104 115865 48168 0 2437855 1534522 903333 4220950 70616 885900 1122959 300306 715198 64368 4638 8936 50794 42947 140 44080 0 2097395 39334 2665 1944240 111156 1581419
"200303" 8306819 7005 68486 254277 111272 17117 75254 3733604 185978 1484336 918875 565461 634646 244942 389704 17250 1286243 125151 1464740 127588 47160 0 2400316 1534927 865389 4079238 73388 841564 1090773 278843 704078 65652 4385 8667 52600 42087 113 41374 0 2032139 39691 2685 1987316 2447 1755385
"200304" 8805335 7281 109577 262899 115025 18820 115438 3836123 192752 1513524 986301 527223 655345 262924 392421 19500 1330015 124987 1674617 146072 50076 0 2469407 1580994 888413 4523437 74895 867094 1253295 276105 868948 66075 4527 8893 52655 41995 172 44687 0 2283466 39985 2792 2054464 186225 2079422
"200401" 9133501 7254 30650 262881 120554 20523 147526 4048484 195312 1658086 1098887 559199 685741 290039 395702 21750 1374039 113556 1699878 160237 50229 0 2585285 1607419 977866 4691360 74147 903080 1290444 296518 888109 64828 4915 10279 49634 40840 149 43937 0 2379752 40327 2878 2137473 199074 2139268
"200402" 9493796 7184 66042 272843 134858 22226 172878 4300167 226159 1785765 1161728 624037 716445 295208 421237 24000 1428386 119412 1739673 168607 51793 0 2557525 1641754 915771 4866994 71608 909536 1293089 292628 892559 67199 5167 12205 49827 40451 252 42911 0 2549850 40840 2756 2215269 290985 2162126
"200403" 9777394 7197 78913 276416 143406 22550 157617 4468125 223572 1834956 1217790 617166 747669 320756 426913 25000 1515211 121717 1701308 174797 49467 0 2697598 1677451 1020147 5000164 71535 922858 1324704 291908 928633 64803 4979 11223 48601 39078 282 46323 0 2634744 41689 2796 2273264 316995 2212637
"200404" 10538614 7609 118342 285286 149166 22874 185705 4634684 229769 1813553 1251943 561610 875240 372635 502605 26000 1558882 131240 1904597 195787 49014 0 2985550 1742716 1242834 5611358 75779 956974 1438797 345342 984978 69896 5485 13414 50997 38330 251 48176 0 3091632 41978 2754 2498494 548406 2560418
"200501" 10812051 7402 95102 285292 155367 23198 187983 4809110 231323 1908080 1267942 640138 878779 380188 498591 27000 1615750 148178 1876390 202600 52117 0 3117490 1781831 1335659 5692034 67901 1048804 1456170 346188 998487 73841 5676 14315 53850 37403 251 46705 0 3072454 42341 727 2561802 467584 2649890
"200502" 11012642 7137 116582 288794 155457 23522 149768 4965125 232273 1918847 1291710 627137 928484 407986 520498 28000 1695499 162022 1907932 212427 55630 0 3130268 1776327 1353941 5751347 65553 995632 1482898 348149 1025781 72572 5206 14135 53231 36170 226 49750 0 3157514 42696 616 2605684 508518 2704374
"200503" 11369038 7102 113035 292819 160114 23240 196071 5150467 239599 1962575 1311122 651453 967252 425837 541415 28500 1788422 164119 1990551 229181 57342 0 3149116 1815801 1333315 5519485 60232 1041876 1518603 369103 1040743 74033 2776 16887 54370 34437 287 50290 0 2848484 42990 554 2602572 202368 3078627
"200504" 11530031 7003 106046 300149 155863 22958 231237 5191311 239626 1984391 1340598 643793 1012852 487182 525670 29000 1762901 162541 2039077 241978 56892 0 3177517 1905979 1271538 6088304 54085 997784 1513871 383952 1011554 84406 2623 18091 63692 33718 241 54452 0 3468112 43242 563 2651721 772586 3317705
"200601" 11987701 7059 93337 299198 153663 22675 377086 5378767 244925 2024045 1406171 617874 1055638 524222 531416 29500 1865513 159146 2170314 263907 60748 0 3160947 1949821 1211126 6036757 54312 1049564 1567363 405250 1044790 85714 2175 16963 66576 31375 234 57520 0 3307998 44544 555 2718695 544204 3678391
"200602" 12344713 7248 49756 302134 166756 22393 372851 5622038 269705 2026412 1432562 593850 1145823 589985 555838 30000 1976094 174004 2138733 268391 65101 0 3329312 2017916 1311396 6209188 56894 1123746 1611236 385022 1103135 93414 2581 19245 71588 29442 223 62153 0 3355159 44706 561 2756118 553774 3681074
"200603" 12868257 7234 49456 300832 161840 24706 402827 5869910 289392 2065460 1493203 572257 1189854 631488 558366 32182 2134160 158862 2280431 287732 64052 0 3419237 2076791 1342446 6349082 55176 1106807 1761033 476338 1166636 90363 2313 16301 71749 27528 168 60550 0 3365516 45042 569 2835853 484052 3838166
"200604" 13979646 7371 96663 311562 167351 27019 364601 6199729 286339 2126178 1558317 567861 1263557 695163 568394 34364 2320511 168780 2448109 316764 62752 0 3977725 2154062 1823663 7234196 54853 1084987 1882640 482321 1275515 98254 1916 21897 74441 26369 181 60669 0 4151047 45266 554 2948172 1157055 4328960
"200701" 14563972 7399 -41202 306732 178555 29331 449650 6532296 299163 2208924 1598936 609988 1313129 775722 537407 36546 2500956 173578 2487002 338271 65276 0 4210662 2206954 2003708 7381626 55510 1156945 1923416 476568 1346316 74746 1788 18408 54550 25602 184 63100 0 4182655 45550 592 3057183 1079330 4542134
"200702" 15250675 7426 -14095 309244 193351 31644 421660 6819837 296217 2196987 1600436 596551 1414704 839696 575008 38728 2679310 193891 2729064 368815 76451 0 4307278 2289725 2017553 7455645 55086 1247892 2003501 473982 1419229 84910 1878 26056 56976 25136 244 68721 0 4080445 46734 470 3151499 881742 4982193
"200703" 15521649 7627 27697 306995 193448 38810 341209 6928577 281793 2208258 1594834 613424 1470263 890987 579276 41896 2678075 248292 2808217 379281 81139 0 4408649 2381117 2027532 7363921 58030 1311783 2011051 426200 1468738 91487 1784 27963 61740 24448 178 77805 0 3905252 46824 445 3241785 616198 5289192
"200704" 15935283 7742 -56913 306127 207614 45976 338426 7272566 278064 2376442 1736687 639755 1582389 954340 628049 45064 2719131 271476 2812205 373471 83599 0 4544470 2410520 2133950 8482448 59524 1342026 2126310 413007 1587089 102806 1884 30152 70770 23098 310 73058 0 4881530 46917 24456 3552902 1257255 5247990
"200801" 16213920 8057 -161262 315975 229134 53142 246480 7398654 280808 2496423 1842692 653731 1605450 1021959 583491 48231 2718071 249671 2595294 351960 94248 0 5082238 2489476 2592762 9050750 64723 1233022 2175950 460326 1581055 111657 1982 37795 71880 22684 228 70452 0 5506603 47020 21499 3659137 1778947 4800092
"200802" 16316293 8004 -119596 312624 232104 60308 218433 7575735 276815 2591597 1918912 672685 1630294 1103490 526804 51399 2786162 239468 2551667 357313 100153 0 5019548 2582764 2436784 9036680 64699 1123211 2175714 470574 1573336 109409 3136 36802 69471 22226 169 69315 0 5603741 48087 62482 3758574 1734598 4761018
"200803" 16482352 7630 4516 327604 226765 64994 152181 7592837 253290 2806977 2070891 736086 1530695 1070183 460512 50945 2722149 228781 2333316 315918 102366 0 5354225 2642827 2711398 10112719 60794 999941 2019301 401087 1481549 114788 2332 40834 71622 21877 0 67611 0 6965072 48216 288699 3829882 2798275 3704539
"200804" 15008333 7547 362927 370133 273080 69679 114896 7503109 232919 3251437 2400516 850921 1406943 940516 466427 50491 2353984 207335 1806736 256155 89943 0 4154128 2521353 1632775 8379263 66607 939912 1708780 341972 1237284 107947 2610 32967 72370 21577 0 63202 0 5600762 48301 554222 3742835 1255404 2748428
"200901" 14895534 7325 181655 363377 247416 74365 32948 7582749 219977 3461330 2564325 897005 1338122 914880 423242 50037 2317057 196226 1594391 237439 88390 0 4485479 2525292 1960187 8553658 63917 878771 1736229 344792 1267137 103105 2576 29250 71279 21195 0 59485 0 5815256 48439 310364 3793652 1662801 2464351
"200902" 14819243 7605 987 359806 240486 79050 49723 7609447 200947 3581222 2713538 867684 1316481 883037 433444 49583 2268060 193154 1902511 270621 91468 0 4207539 2559104 1648435 7782367 70447 818626 1787432 345680 1318724 101615 2916 26714 71985 21413 0 66397 0 5039465 49736 115099 3861101 1013529 3161958
"200903" 15150938 55953 124592 360143 228649 75353 -15821 7628654 196934 3695694 2837213 858481 1262579 814026 448553 50000 2241523 181924 2285787 306130 97907 0 4003591 2617242 1386349 7391646 123255 792572 1856674 396630 1339458 99169 3404 27903 67862 21417 0 68855 0 4550290 49814 57281 3946974 496221 3827242
"200904" 15816453 55364 70054 360748 229530 71654 31077 7784951 191536 3697244 2871052 826192 1188599 761352 427247 50500 2474428 182644 2436886 321666 94970 0 4359553 2672786 1686767 8689175 119719 768334 2012024 399785 1493585 96775 3173 27852 65750 21879 0 61169 0 5727929 49952 10944 4051191 1615842 3977413
"201001" 16042168 53618 26795 363233 220021 67956 -30046 7945559 194082 3889990 2960706 929284 1177051 752230 424821 51000 2447392 186044 2602816 337073 105811 0 4349332 2722379 1626953 8848552 116479 777256 2032994 384657 1528945 97150 3003 30391 63756 22242 0 64991 0 5856832 50437 663 4157803 1647929 4026556
"201002" 16251667 52228 46290 366161 225490 64258 -122200 8094146 185915 4013565 2985255 1028310 1215827 780143 435684 51500 2428048 199291 2276176 312545 124166 0 4812407 2752106 2060301 9543252 113473 848139 2028283 378273 1527452 100596 3268 33061 64267 21962 0 81466 0 6471891 51764 1968 4247902 2170257 3507670
"201003" 16625530 54958 -17884 374484 229630 60560 -117387 8319686 192546 4258739 3157048 1101691 1209691 713940 495751 52031 2441564 165115 2581450 340825 101855 0 4697353 2782236 1915117 8888998 122057 899328 2067225 377977 1559880 107502 3520 34096 69886 21866 0 84538 0 5715850 53269 834 4341606 1320141 4080863
