"DATES" "FL792150005.Q" "FL712150003.Q" "FL762150005.Q" "FL722150005.Q" "FL752150000.Q" "FL732150005.Q" "FL442150005.Q" "FL542150005.Q" "FL642150003.Q" "FL662150005.Q" "FL892050005.Q" "FL102050003.Q" "FL212050003.Q" "FL262050003.Q" "FL792050005.Q" "FL712050000.Q" "FL442050005.Q" "FL472050000.Q" "FL512050003.Q" "FL572050005.Q" "FL222050003.Q" "FL632050000.Q" "FL652050003.Q" "FL402050005.Q" "FL502050003.Q" "FL902050005.Q"
"195201" -926 0 100 100 0 0 0 0 0 -1026 540 0 80 0 460 300 0 0 0 83 0 0 77 0 0 -1466
"195202" -933 0 32 32 0 0 0 0 0 -965 719 0 167 0 552 400 0 0 0 86 0 0 66 0 0 -1652
"195203" -1131 0 2 2 0 0 0 0 0 -1133 1329 0 679 0 650 500 0 0 0 90 0 0 60 0 0 -2460
"195204" -1081 0 22 22 0 0 0 0 0 -1103 1071 0 247 0 824 664 0 0 0 93 0 0 67 0 0 -2152
"195301" -955 0 173 173 0 0 0 0 0 -1128 1020 0 256 0 764 600 0 0 0 94 0 0 70 0 0 -1975
"195302" -1065 0 9 9 0 0 0 0 0 -1074 757 0 0 0 757 600 0 0 0 96 0 0 61 0 0 -1822
"195303" -1025 0 9 9 0 0 0 0 0 -1034 1570 0 815 0 755 600 0 0 0 96 0 0 59 0 0 -2595
"195304" -1165 0 37 37 0 0 0 0 0 -1202 948 0 175 0 773 598 0 0 0 97 0 0 78 0 0 -2113
"195401" -1256 0 -58 -58 0 0 0 0 0 -1198 357 0 -216 0 573 400 0 0 0 99 0 0 74 0 0 -1613
"195402" -1232 0 24 24 0 0 0 0 0 -1256 470 0 0 0 470 300 0 0 0 101 0 0 69 0 0 -1702
"195403" -1192 0 115 115 0 0 0 0 0 -1307 1281 0 1006 0 275 100 0 0 0 103 0 0 72 0 0 -2473
"195404" -1545 0 -20 -20 0 0 0 0 0 -1525 400 0 172 0 228 44 0 0 0 106 0 0 78 0 0 -1945
"195501" -1551 0 -22 -22 0 0 0 0 0 -1529 708 0 402 0 306 100 0 0 0 111 0 0 95 0 0 -2259
"195502" -1730 0 -117 -117 0 0 0 0 0 -1613 410 0 0 0 410 200 0 0 0 118 0 0 92 0 0 -2140
"195503" -1680 0 -26 -26 0 0 0 0 0 -1654 1691 0 1136 0 555 300 0 0 0 125 0 0 104 26 0 -3371
"195504" -1979 0 -205 -205 0 0 0 0 0 -1774 1383 0 721 0 662 398 0 0 0 132 0 0 92 40 0 -3362
"195601" -1841 0 -16 -16 0 0 0 0 0 -1825 1178 0 563 0 615 300 0 0 0 140 0 0 135 40 0 -3019
"195602" -1970 0 -232 -232 0 0 0 0 0 -1738 586 0 0 0 586 300 0 0 0 150 0 0 99 37 0 -2556
"195603" -1660 0 68 68 0 0 0 0 0 -1728 2478 0 1878 0 600 300 0 0 0 158 0 0 120 22 0 -4138
"195604" -1901 0 -210 -210 0 0 0 0 0 -1691 1924 0 1292 0 632 340 0 0 0 166 0 0 108 18 0 -3825
"195701" -1513 0 151 151 0 0 0 0 0 -1664 1829 0 1118 0 711 400 0 0 0 172 0 0 121 18 0 -3342
"195702" -1702 0 4 4 0 0 0 0 0 -1706 718 0 0 0 718 400 0 0 0 177 0 0 126 15 0 -2420
"195703" -1540 0 114 114 0 0 0 0 0 -1654 2959 0 2242 0 717 400 0 0 0 182 0 0 119 16 0 -4499
"195704" -1933 0 -313 -313 0 0 0 0 0 -1620 2689 0 1820 0 869 542 0 0 0 186 0 0 123 18 0 -4622
"195801" -2168 0 -375 -375 0 0 0 0 0 -1793 2524 0 1758 0 766 410 0 0 0 191 0 0 153 12 0 -4692
"195802" -2128 0 -291 -291 0 0 0 0 0 -1837 697 0 0 0 697 310 0 0 0 194 0 0 183 10 0 -2825
"195803" -1717 0 67 67 0 0 0 0 0 -1784 2680 0 2093 0 587 210 0 0 0 198 0 0 172 7 0 -4397
"195804" -2081 0 -252 -252 0 0 0 0 0 -1829 1839 0 1417 0 422 101 0 0 0 204 0 0 117 0 0 -3920
"195901" -1807 0 88 88 0 0 0 0 0 -1895 634 0 204 0 430 70 0 0 0 211 0 0 149 0 0 -2441
"195902" -1381 0 534 534 0 0 0 0 0 -1915 439 0 0 0 439 70 0 0 0 218 0 0 151 0 0 -1820
"195903" -1601 0 255 255 0 0 0 0 0 -1856 1482 0 998 0 484 70 0 0 0 227 0 0 187 0 0 -3083
"195904" -1878 0 -28 -28 0 0 0 0 0 -1850 1036 0 576 0 460 73 0 0 0 235 0 0 152 0 0 -2914
"196001" -869 0 968 968 0 0 0 0 0 -1837 704 0 154 0 550 125 0 0 0 245 0 0 180 0 0 -1573
"196002" -1453 0 405 405 0 0 0 0 0 -1858 669 0 0 0 669 225 0 0 0 255 0 0 189 0 0 -2122
"196003" -1677 0 228 228 0 0 0 0 0 -1905 955 0 155 0 800 325 0 0 0 266 0 0 209 0 0 -2632
"196004" -2095 0 -262 -262 0 0 0 0 0 -1833 699 0 -176 0 875 420 0 0 0 275 0 0 177 3 0 -2794
"196101" -1813 0 52 52 0 0 0 0 0 -1865 913 0 79 0 834 310 0 0 0 284 0 0 240 0 0 -2726
"196102" -1964 0 30 30 0 0 0 0 0 -1994 754 0 0 0 754 260 0 0 0 291 0 0 203 0 0 -2718
"196103" -1727 0 274 274 0 0 0 0 0 -2001 1320 0 556 0 764 210 0 0 0 298 0 0 256 0 0 -3047
"196104" -2120 0 14 14 0 0 0 0 0 -2134 588 0 -55 0 643 162 0 0 0 307 0 0 174 0 0 -2708
"196201" -1831 0 173 173 0 0 0 0 0 -2004 898 0 41 0 857 220 0 0 0 321 0 0 316 0 0 -2729
"196202" -1950 0 55 55 0 0 0 0 0 -2005 862 0 0 0 862 270 0 0 0 338 0 0 254 0 0 -2812
"196203" -1635 0 264 264 0 0 0 0 0 -1899 1860 0 912 0 948 320 0 0 0 355 0 0 273 0 0 -3495
"196204" -2068 0 63 63 0 0 0 0 0 -2131 1524 0 466 0 1058 400 0 0 0 369 0 0 289 0 0 -3592
"196301" -1762 0 433 433 0 0 0 0 0 -2195 1015 0 -1 0 1016 320 0 0 0 380 0 0 316 0 0 -2777
"196302" -1945 0 288 288 0 0 0 0 0 -2233 894 0 0 0 894 220 0 0 0 385 0 0 289 0 0 -2839
"196303" -2050 0 342 342 0 0 0 0 0 -2392 1803 0 1004 0 799 120 0 0 0 393 0 0 286 0 0 -3853
"196304" -2554 0 26 26 0 0 0 0 0 -2580 74 0 -745 0 819 103 0 0 0 409 0 0 307 0 0 -2628
"196401" -2251 0 356 356 0 0 0 0 0 -2607 139 68 -943 0 1014 280 0 0 0 435 0 0 290 9 0 -2390
"196402" -2247 0 457 457 0 0 0 0 0 -2704 1350 169 0 0 1181 360 0 0 0 471 0 0 334 16 0 -3597
"196403" -2658 0 75 75 0 0 0 0 0 -2733 1709 135 344 0 1230 440 0 0 0 507 0 0 263 20 0 -4367
"196404" -2303 0 540 540 0 0 0 0 0 -2843 -31 309 -1758 0 1418 573 0 0 0 537 0 0 281 27 0 -2272
"196501" -2030 0 773 773 0 0 0 0 0 -2803 952 280 -848 0 1520 550 0 0 0 560 0 0 387 23 0 -2982
"196502" -2062 0 850 850 0 0 0 0 0 -2912 1649 198 0 0 1451 450 0 0 0 577 0 0 405 19 0 -3711
"196503" -1896 0 1136 1136 0 0 0 0 0 -3032 2265 336 539 0 1390 350 0 0 0 594 0 0 438 8 0 -4161
"196504" -1482 0 1749 1749 0 0 0 0 0 -3231 1399 593 -708 0 1514 402 0 0 0 616 0 0 496 0 0 -2881
"196601" -2259 0 943 943 0 0 0 0 0 -3202 1794 512 -265 0 1547 400 0 0 0 642 0 0 493 12 0 -4053
"196602" -1884 0 1399 1399 0 0 0 0 0 -3283 2215 439 0 0 1776 500 0 0 0 671 0 0 583 22 0 -4099
"196603" -1526 0 1592 1592 0 0 0 0 0 -3118 4222 481 1708 0 2033 500 0 0 0 702 0 0 794 37 0 -5748
"196604" -1529 0 1674 1674 0 0 0 0 0 -3203 4035 895 805 0 2335 785 0 0 0 734 0 0 767 49 0 -5564
"196701" -1633 0 1364 1364 0 0 0 0 0 -2997 2719 568 20 0 2131 600 0 0 0 767 0 0 733 31 0 -4352
"196702" -2108 0 1241 1241 0 0 0 0 0 -3349 2791 667 0 0 2124 500 0 0 0 803 0 0 801 20 0 -4899
"196703" -2780 0 788 788 0 0 0 0 0 -3568 3597 605 959 0 2033 400 0 0 0 838 0 0 775 20 0 -6377
"196704" -2184 0 1659 1659 0 0 0 0 0 -3843 2878 670 256 0 1952 259 0 0 0 870 0 0 823 0 0 -5062
"196801" -2106 0 1460 1460 0 0 0 0 0 -3566 4265 1103 869 0 2293 0 15 0 0 900 0 0 1376 2 0 -6371
"196802" -618 0 3152 3152 0 0 0 0 0 -3770 3348 1067 200 0 2081 0 30 0 0 928 0 0 1113 10 0 -3966
"196803" 88 0 3800 3800 0 0 0 0 0 -3712 4568 1021 1369 0 2178 0 45 0 0 954 0 0 1171 8 0 -4480
"196804" -1544 0 2586 2586 0 0 0 0 0 -4130 1969 1121 -1273 0 2121 0 107 0 0 980 0 0 1022 12 0 -3513
"196901" 936 0 5486 5486 0 0 0 0 0 -4550 4683 2202 -160 0 2641 0 209 0 0 1006 0 0 1380 46 0 -3747
"196902" 2307 0 6519 6519 0 0 0 0 0 -4212 6066 1946 1300 0 2820 0 211 0 0 1030 0 0 1489 90 0 -3759
"196903" 5254 0 9395 9395 0 0 0 0 0 -4141 10875 2868 4858 0 3149 0 282 0 0 1053 0 0 1692 122 0 -5621
"196904" 4680 0 8707 8707 0 0 0 0 0 -4027 9104 3311 2599 0 3194 0 336 0 0 1079 0 0 1586 193 0 -4424
"197001" 5353 0 9169 9169 0 0 0 0 0 -3816 9354 3762 2010 0 3582 0 492 0 0 1105 0 0 1785 200 0 -4001
"197002" 2750 0 6315 6315 0 0 0 0 0 -3565 4271 1259 0 0 3012 0 475 0 0 1133 0 0 917 487 0 -1521
"197003" 1494 0 5095 5095 0 0 0 0 0 -3601 5590 63 1073 0 4454 0 505 0 0 1161 0 0 1886 902 0 -4096
"197004" 1114 0 4650 4650 0 0 0 0 0 -3536 2816 234 -1416 0 3998 0 442 0 0 1190 0 0 1400 966 0 -1702
"197101" 2315 0 5776 5776 0 0 0 0 0 -3461 3971 1318 -1819 0 4472 350 1444 0 0 1221 0 0 1218 239 0 -1656
"197102" 2230 0 5723 5723 0 0 0 0 0 -3493 4534 6 0 0 4528 650 1236 0 0 1252 0 0 1097 293 0 -2304
"197103" 5326 0 8856 8856 0 0 0 0 0 -3530 8029 1063 1901 0 5065 950 1198 0 0 1286 0 0 1027 604 0 -2703
"197104" 5007 0 8666 8666 0 0 0 0 0 -3659 5861 1077 -863 0 5647 1504 1168 0 0 1321 0 0 1302 352 0 -854
"197201" 9031 0 12774 12774 0 0 5 0 0 -3748 9056 2565 -63 0 6554 1110 2276 0 0 1474 0 0 1347 347 0 -25
"197202" 9111 0 13113 13113 0 0 10 0 0 -4012 9976 3111 0 0 6865 690 2125 0 0 1707 0 0 1223 1120 0 -865
"197203" 9290 0 14307 14307 0 0 15 0 0 -5032 11235 2103 2314 0 6818 370 2191 0 0 1948 0 0 1342 967 0 -1945
"197204" 6702 0 10836 10836 0 0 323 0 0 -4457 7605 2688 -952 0 5869 147 1667 0 0 2130 0 0 1173 752 0 -903
"197301" 13782 0 18307 18307 0 0 24 0 0 -4549 15254 6514 -346 200 8886 90 3675 0 0 2260 0 0 1647 1214 0 -1472
"197302" 17143 0 21842 21842 0 0 25 0 0 -4724 15775 6345 0 300 9130 100 2938 0 0 2348 0 0 1801 1943 0 1368
"197303" 23322 0 27441 27441 0 0 325 0 0 -4444 21316 9501 1706 400 9709 110 2799 0 0 2427 0 0 1980 2393 0 2006
"197304" 23141 0 27090 27090 0 0 326 0 0 -4275 23302 11262 497 500 11043 100 3709 0 0 2530 0 0 1671 3033 0 -161
"197401" 27861 0 32223 32223 0 0 350 0 0 -4712 29294 12472 2748 600 13474 400 7038 0 0 2645 0 9 1757 1625 0 -1433
"197402" 31309 0 34379 34379 0 0 1100 0 0 -4170 24976 10046 0 575 14355 700 7046 0 0 2765 0 19 1871 1954 0 6333
"197403" 34640 0 37170 37170 0 0 1550 0 0 -4080 26607 8630 3331 550 14096 1000 6204 0 0 2894 0 50 1693 2255 0 8033
"197404" 25358 0 28477 28477 0 0 2018 0 0 -5137 18744 5485 -1259 525 13993 1374 6015 0 0 3041 0 92 1407 2064 0 6614
"197501" 28927 0 30747 30747 0 0 1700 0 0 -3520 16661 1453 953 500 13755 1400 5997 0 0 3211 0 146 1543 1458 0 12266
"197502" 30446 0 32317 32317 0 0 1350 0 0 -3221 15659 794 0 475 14390 1500 5680 0 0 3575 0 154 1345 2136 0 14787
"197503" 33144 0 33680 33680 0 0 1625 0 0 -2161 16458 813 1946 462 13237 1600 5152 0 0 4042 0 154 1076 1213 0 16686
"197504" 29087 0 29930 29930 0 0 1984 0 0 -2827 13802 1189 -2080 450 14243 1720 4910 0 0 4346 0 149 1341 1777 0 15285
"197601" 31848 0 32740 32740 0 0 1600 0 0 -2492 17858 3107 -1515 425 15841 3090 5414 0 0 4385 0 146 723 2083 0 13990
"197602" 37364 0 37969 37969 0 0 1966 0 0 -2571 19050 1329 0 412 17309 4814 5765 0 0 4140 0 146 742 1702 0 18314
"197603" 50161 0 46839 46839 0 0 1930 0 0 1392 20788 1961 572 400 17855 5733 5720 0 0 4386 0 136 570 1310 0 29373
"197604" 45085 0 43820 43820 0 0 1891 0 0 -626 17922 1459 -1875 375 17963 4826 5378 0 0 4736 0 138 823 2062 0 27163
"197701" 45048 0 47615 47615 0 0 2375 0 0 -4942 17594 1701 -1354 350 16897 620 7436 0 0 5319 0 136 790 2596 0 27454
"197702" 52327 0 53199 53199 0 0 2858 0 0 -3730 25543 1848 0 337 23358 5264 8037 0 0 5335 0 151 1167 3404 0 26784
"197703" 51150 0 55330 55330 0 0 3382 0 0 -7562 25436 2167 715 325 22229 3098 8688 0 0 5803 0 158 1360 3122 0 25714
"197704" 52320 0 54381 54381 0 0 3923 0 0 -5984 21263 2115 -1970 300 20818 3306 7974 0 0 5717 0 268 1335 2218 0 31057
"197801" 64798 0 63947 63947 0 0 4753 0 0 -3902 26394 2376 -1382 1000 24400 2721 9719 0 0 6268 0 224 1788 3680 0 38404
"197802" 69174 0 69504 69504 0 0 5500 0 0 -5830 28776 2272 0 1634 24870 3666 9445 0 0 6136 0 297 1815 3511 0 40398
"197803" 73227 0 73674 73674 0 0 5800 0 0 -6247 30317 2038 479 1663 26137 3614 10512 0 0 6488 0 335 1429 3759 0 42910
"197804" 76103 0 76896 76896 0 0 6478 0 0 -7271 30838 2509 2158 2426 23745 1804 9134 0 0 6935 0 348 1883 3641 0 45265
"197901" 91384 0 90488 90488 0 0 6481 0 0 -5585 41044 3434 3783 2196 31631 2252 14012 0 0 7253 0 409 1842 5863 0 50340
"197902" 104319 0 98509 98509 0 0 7900 0 0 -2090 47666 2949 8000 3199 33518 5531 13204 0 0 7490 0 757 1844 4692 0 56653
"197903" 104436 0 99056 99056 0 0 9748 0 0 -4368 48398 2685 10528 3256 31929 3014 14681 0 0 7532 0 1250 1925 3527 0 56038
"197904" 92729 0 94304 94304 0 0 8068 0 0 -9643 49589 3116 11781 4113 30579 2364 12022 0 0 7768 0 2412 1808 4205 0 43140
"198001" 102235 0 97232 97232 0 0 8532 0 0 -3529 50338 2334 14013 3749 30242 1174 12601 158 0 7979 0 2634 1936 3760 0 51897
"198002" 114600 0 106539 106539 0 0 8598 0 0 -537 60287 3023 17500 4246 35518 867 13541 332 0 8189 0 3721 1710 7158 0 54313
"198003" 119016 0 111818 111818 0 0 8335 0 0 -1137 63280 3443 20253 4528 35056 2063 14239 488 0 8485 0 2908 2157 4716 0 55736
"198004" 116224 0 114827 114827 0 0 10123 0 0 -8726 64018 3887 16997 4395 38739 3330 12342 732 0 8378 0 5643 2306 6008 0 52206
"198101" 133793 0 121292 121292 0 0 9797 0 0 2704 63044 3459 17135 4076 38374 732 14435 1273 0 8237 0 4993 1764 6940 0 70749
"198102" 133201 0 122337 122337 0 0 12795 0 0 -1931 64412 2925 16301 3529 41657 0 15149 1805 0 8355 0 7550 2031 6767 0 68789
"198103" 131907 0 125144 125144 0 0 11768 0 0 -5005 69550 1514 17315 3401 47320 0 15314 2007 0 8525 0 10114 2149 9211 0 62357
"198104" 144739 0 129709 129709 0 0 15339 0 0 -309 77229 1784 13661 4404 57380 3680 16807 2397 0 8258 0 14529 2233 9476 0 67510
"198201" 152330 0 134225 134225 0 0 14213 0 0 3892 77632 1820 11896 4870 59046 2167 17565 2532 0 7728 0 17285 2289 9480 0 74698
"198202" 150446 0 135147 135147 0 0 15481 0 0 -182 80684 2452 13450 5596 59186 0 18318 2805 0 7840 0 16738 2546 10939 0 69762
"198203" 151694 0 137501 137501 0 0 16068 0 0 -1875 92272 3305 14701 5870 68396 5616 18408 3032 0 8648 0 18906 2125 11661 0 59422
"198204" 175790 0 137936 137936 0 0 13510 0 0 24344 96143 2435 16086 5986 71636 5773 20819 3186 0 8705 0 16224 2074 14855 0 79647
"198301" 159555 0 142898 142398 500 0 14653 0 0 2004 93715 3278 18517 6048 65872 0 22043 2883 0 9291 164 13238 2685 15568 0 65840
"198302" 157634 0 138332 136832 1500 0 18506 0 0 796 99603 3899 23422 6020 66262 1580 21322 3309 0 10383 406 12050 2989 14223 0 58031
"198303" 181046 0 148779 146279 2500 0 21053 0 0 11214 121038 3847 30795 6174 80222 10925 23067 3813 0 10372 695 14799 2947 13604 0 60008
"198304" 188439 0 153474 149974 3500 0 26562 0 0 8403 111461 3248 32665 6659 68889 2010 22560 4270 0 10596 1000 13029 2855 12569 0 76978
"198401" 198870 0 163275 159536 3739 0 30069 0 0 5526 122511 4127 36581 6184 75619 0 26871 5549 0 10166 1321 17499 934 13279 0 76359
"198402" 194281 0 155486 151794 3692 0 39624 0 0 -829 125457 5917 40000 6027 73513 0 26085 5075 0 9894 1657 17080 976 12746 0 68824
"198403" 212285 0 157577 153651 3926 0 44361 0 0 10347 134985 3928 48267 5760 77030 0 25057 4420 0 10593 2040 20400 1349 13171 0 77300
"198404" 224107 0 155183 152015 3168 0 43412 0 0 25512 154819 3919 53122 6758 91020 2015 26311 4614 0 10909 2500 22606 1153 20912 0 69288
"198501" 202239 0 161695 157431 4264 0 38851 0 0 1693 158616 8081 58548 6455 85532 0 22486 6017 0 11648 3039 23116 1111 18115 0 43623
"198502" 204268 0 164798 160428 4370 0 31770 0 0 7700 166595 4225 67216 6661 88493 0 24661 7614 0 12448 3656 17849 893 21372 0 37673
"198503" 216380 0 174552 169899 4653 0 33834 0 0 7994 174940 4794 73614 7618 88914 0 20935 7927 0 12043 4320 21103 1237 21349 0 41440
"198504" 250573 0 186405 178762 7643 0 40425 0 0 23743 198922 3374 74128 7517 113903 5223 22106 8356 0 19181 5000 25871 1257 26909 0 51651
"198601" 273288 0 196444 188378 8066 0 40336 0 0 36508 205295 3349 74379 8479 119088 0 27386 10910 0 19264 5714 26010 1979 27825 0 67993
"198602" 277989 0 194213 181792 12421 0 48632 0 0 35144 215913 2900 75637 8509 128867 0 29202 12044 0 19513 6480 31910 2121 27597 0 62076
"198603" 293286 0 209318 196573 12745 0 50299 0 0 33669 235743 3742 81473 9841 140687 8123 28147 11500 0 19857 7355 30569 2088 33048 0 57543
"198604" 298540 0 205431 189350 16081 0 57543 0 0 35566 234826 5073 78977 10867 139909 16005 19854 10867 0 20867 8270 31899 2751 29396 0 63714
"198701" 295669 0 210071 195059 15012 0 61581 0 0 24017 240967 5556 81673 11704 142034 0 28845 14002 0 20680 9211 36565 3633 29098 0 54702
"198702" 301777 0 208019 191656 16363 0 80089 0 0 13669 248342 5532 85191 10776 146843 3054 27912 11848 0 21281 10170 37373 3761 31444 0 53435
"198703" 303743 0 214771 198504 16267 0 81280 0 0 7692 244543 5601 90656 12804 135482 0 21081 9967 0 21224 10929 39899 4577 27805 0 59200
"198704" 292574 0 215693 201317 14376 0 85686 0 0 -8805 241892 3362 90908 13111 134511 4961 18951 9234 0 20444 11272 38872 3588 27189 0 50682
"198801" 323019 0 245077 228691 16386 0 80410 0 0 -2468 251288 3658 88141 12003 147486 0 21906 8587 0 20449 11247 41004 5270 39023 0 71731
"198802" 332065 0 248784 227959 20825 0 91639 0 0 -8358 259441 3075 92201 11934 152231 7426 22148 10549 0 22142 10900 40163 4216 34687 0 72624
"198803" 342586 0 253520 234116 19404 0 99431 0 0 -10365 268379 3695 92776 13653 158255 9490 23549 8883 0 22003 10468 41103 5213 37546 0 74207
"198804" 318668 0 236608 217749 18859 0 103945 0 0 -21885 257149 4981 89894 13038 149236 6861 20245 9369 0 22712 10183 41163 4921 33782 0 61519
"198901" 352661 0 260660 246455 14205 0 104632 0 0 -12631 276919 3744 97872 14402 160901 0 23840 10342 0 23640 10320 47064 4980 40715 0 75742
"198902" 392692 0 276575 257092 19483 0 99958 0 0 16159 310144 3524 100237 17229 189154 0 26824 9964 0 24017 10353 52146 5500 60350 0 82548
"198903" 392514 0 285951 268954 16997 0 73472 0 0 33091 313349 2449 103620 17075 190205 0 26140 10921 0 25085 10526 53657 5155 58721 0 79165
"198904" 396442 0 274437 253303 21164 -30 57765 0 0 64240 326023 2783 106040 23116 194084 2117 24151 12494 0 24814 9703 54250 4762 61793 0 70419
"199001" 383010 0 294126 271218 23038 -130 55549 0 0 33335 329391 2036 106401 22259 198695 1933 27521 16805 0 24854 9969 52609 5309 59695 0 53619
"199002" 383256 0 294910 268226 26914 -230 56833 0 0 31513 330299 1800 109562 21401 197536 0 23842 16007 0 24503 11410 54489 5777 61508 0 52957
"199003" 356301 0 279162 250615 28881 -334 51672 0 0 25467 331811 2792 109957 20544 198518 0 23157 14637 0 24146 11820 65411 6924 52423 0 24490
"199004" 371875 0 248401 219233 29600 -432 42450 0 0 81024 356906 2137 111771 19686 223312 18354 21607 14596 0 23504 12233 58185 6142 68691 0 14969
"199101" 340285 0 239909 214175 26398 -664 32535 0 0 67841 356094 1324 109672 19979 225119 0 21752 16551 0 23125 13785 72508 7278 70120 0 -15809
"199102" 345092 0 239263 210892 30036 -1665 27321 0 0 78508 360621 1430 114641 20271 224279 1439 18622 14174 0 24039 16515 70639 6891 71960 0 -15529
"199103" 359126 0 229801 196210 35381 -1790 25237 0 0 104088 372262 1635 115611 20564 234452 0 20929 11946 0 25471 20870 72117 7134 75985 0 -13136
"199104" 353811 0 227533 190543 38350 -1360 19571 0 0 106707 377907 1620 118442 20857 236988 15898 15054 13195 0 27237 18868 66973 12193 67570 0 -24096
"199201" 365502 0 266172 230229 36586 -643 15688 0 1398 82244 399024 3211 115788 32178 247847 1805 17237 13818 0 27061 19299 79744 20105 68778 0 -33522
"199202" 390957 0 271121 220814 51806 -1499 17656 0 1871 100309 408665 3872 122350 34724 247719 0 15986 12920 0 27189 20685 79965 23515 67459 0 -17708
"199203" 414429 0 266461 230683 37050 -1272 16874 0 2379 128715 424427 3194 122183 33337 265713 18160 14448 11603 0 27356 23573 72041 26781 71751 0 -9998
"199204" 393616 0 265757 227930 39000 -1173 18550 0 2883 106426 412417 5057 123050 41715 242595 8094 14428 13547 0 27424 24680 65945 21899 66578 0 -18801
"199301" 457583 0 288497 256075 33147 -725 21229 0 3415 144442 422979 3905 125826 46596 246652 7323 14229 12227 0 28361 25219 72974 29014 57305 0 34604
"199302" 454704 0 287730 252373 36065 -708 22493 0 4007 140474 420273 3071 124170 50351 242681 16005 12355 11191 0 28799 26344 68036 30383 49568 0 34431
"199303" 471810 0 305337 274979 30581 -223 24447 0 4571 137455 416275 1963 125838 55051 233423 8442 11866 9098 0 28085 19887 75970 31473 48602 0 55535
"199304" 455217 0 297664 263733 34683 -752 26093 0 5019 126441 431328 2506 133746 58627 236449 13212 10578 8463 0 28339 20449 66376 38698 50334 0 23889
"199401" 470058 0 324740 292220 32828 -308 28593 0 6600 110125 437745 2579 128424 58128 248614 5450 10039 13167 0 27158 20399 73032 45438 53931 0 32313
"199402" 501989 0 344659 308352 37012 -705 34235 0 7900 115195 443224 2514 125790 55607 259313 10639 9808 10648 0 25772 22909 71020 46744 61773 0 58765
"199403" 524656 0 347056 314938 32660 -542 39149 0 9400 129051 458435 2696 118353 75114 262272 2510 8649 9326 0 23915 25093 70643 52893 69243 0 66221
"199404" 523992 0 366314 325877 41376 -939 44537 0 9747 103394 438367 2178 118640 46616 270933 10590 6463 6201 0 22157 27825 68788 43138 85771 0 85625
"199501" 578143 0 390548 355586 35530 -568 44621 0 9940 133034 455857 3707 109780 56608 285762 6698 8771 9195 0 22229 29519 72993 44059 92298 0 122286
"199502" 600485 0 398127 353136 43845 1146 51087 0 10391 140880 488197 9019 101100 62488 315590 16785 9892 8527 0 22300 31257 80881 42584 103364 0 112288
"199503" 624571 0 410356 371954 38787 -385 56502 0 10648 147065 486104 3771 105767 66199 310367 6520 10081 7891 0 22373 29383 83485 43098 107536 0 138467
"199504" 625985 0 388132 345499 43158 -525 44535 0 10926 182392 515436 2440 115685 67634 329677 13862 11222 6366 0 22443 31477 87816 50234 106257 0 110549
"199601" 635866 0 398055 356932 41506 -383 45064 0 11205 181542 534041 2428 135600 72540 323473 4896 11212 10362 0 23466 26428 96749 46409 103951 0 101825
"199602" 659111 0 417076 364083 53409 -416 50042 0 11595 180398 552140 4322 143807 76399 327612 7086 9274 7137 0 24487 28179 98231 49810 103408 0 106971
"199603" 653382 0 417210 370569 46907 -266 46468 0 12060 177644 559563 4674 144188 76478 334223 8352 9936 2510 0 25509 27573 100721 56144 103478 0 93819
"199604" 665082 0 426821 371853 55141 -173 43666 0 13720 180875 556910 3904 147806 70852 334348 21583 10030 1423 0 27332 28222 103779 47512 94467 0 108172
"199701" 682421 0 440352 381369 58956 27 45614 0 15075 181380 599224 3732 151689 91678 352125 11581 9378 8409 0 27044 27395 118958 53296 96064 0 83197
"199702" 723929 0 454404 389227 65291 -114 45852 0 17423 206250 609858 3249 149431 92320 364858 16573 9836 4241 0 27508 32233 113599 58687 102181 0 114071
"199703" 748732 0 467170 406244 61014 -88 46739 0 20152 214671 627411 4004 152625 98316 372466 13918 8500 3835 0 27468 32148 124611 59404 102582 0 121321
"199704" 766082 0 495865 415343 80694 -172 41784 0 24905 203528 615183 4562 151373 90823 368425 23840 9231 3462 0 28537 28616 126560 57801 90378 0 150899
"199801" 818122 0 512465 422191 89345 929 45359 0 29989 230309 646058 3717 160000 112207 370134 8296 11919 9762 0 28934 36927 136314 51271 86711 0 172064
"199802" 813985 0 511411 403239 103469 4703 48008 0 28103 226463 662452 2491 154000 105186 400775 20546 14320 10132 0 29310 35839 143682 66922 80024 0 151533
"199803" 875271 0 541428 423924 112609 4895 47642 0 24855 261346 671223 3252 152079 91036 424856 14234 15702 6241 0 29583 38309 161403 80276 79108 0 204048
"199804" 810381 0 535792 435058 100381 353 51302 0 15133 208154 637678 4208 155552 71993 405925 30376 14775 6828 0 29690 37532 138805 70912 77007 0 172703
"199901" 877477 0 564762 466604 97871 287 63907 0 16138 232670 640648 4775 155072 86326 394475 18336 15805 7340 0 30857 41037 137645 73026 70429 0 236829
"199902" 837663 0 554679 453174 101381 124 65759 0 16323 200902 629655 3434 153653 83258 389310 14279 12506 7134 0 31023 40909 139601 75607 68251 0 208008
"199903" 859879 0 562690 477007 85828 -145 71857 0 15765 209567 632996 6089 152094 82364 392449 22063 12222 4635 0 31434 39259 138227 74871 69738 0 226883
"199904" 938349 0 605558 522535 82526 497 72686 0 14875 245230 782413 5793 153061 79943 543616 140640 10596 9272 0 31634 40375 140532 80837 89730 0 155936
"200001" 983304 0 624361 540451 83204 706 61105 0 12573 285265 686421 7995 151373 75897 451156 23745 11522 9618 0 30689 45400 156971 82619 90592 0 296883
"200002" 1001860 0 654337 548250 104920 1167 63601 0 12261 271661 703062 5943 148326 87465 461328 26930 12034 2830 0 29423 45179 168576 95505 80851 0 298798
"200003" 1057434 0 656628 534625 120947 1056 70377 0 12828 317601 714490 5763 146236 92415 470076 17320 14712 7835 0 28061 41857 174308 102292 83691 0 342944
"200004" 1012761 0 645127 511414 134843 -1130 53108 0 12361 302165 729922 4204 142753 91333 491632 43375 14887 4001 0 26532 39836 182797 99620 80584 0 282839
"200101" 997024 0 643275 502094 140555 626 51785 1304 13589 287071 636602 3349 139738 -4600 498115 21995 16574 10844 1313 21600 36015 206769 83282 99723 0 360422
"200102" 1012791 0 608925 491605 116578 742 54367 -385 15661 334223 630199 3196 138489 -3434 491948 23250 16633 8347 1658 20325 38694 209007 81385 92649 0 382592
"200103" 1054685 0 595120 486983 107209 928 37858 1247 18187 402273 657860 3496 133722 -381 521023 47880 20157 7921 770 19021 36372 222000 76206 90696 0 396825
"200104" 1022941 0 591349 468706 123856 -1213 56914 -33 21552 353159 675065 3980 131894 13092 526099 50250 20289 2492 88 17674 33951 226245 70744 104366 0 347876
"200201" 1060888 0 570893 473759 96144 990 62706 9168 27694 390427 663697 2673 127707 9351 523966 29500 24025 7270 1459 18624 32430 235632 83393 91633 0 397191
"200202" 1128005 0 594740 472340 121385 1015 54071 8665 32191 438338 645717 5667 123382 7262 509406 32000 17839 2359 1291 18685 28708 251519 78198 78807 0 482288
"200203" 1083623 0 614463 473866 139336 1261 44397 4134 36926 383703 675593 5282 118432 46604 505275 21750 21769 5036 1012 18989 28337 246498 74671 87213 0 408030
"200204" 1128531 21091 676305 511762 163373 1170 41589 9190 36180 344176 708798 6171 115552 28549 558526 39500 19951 1734 1741 18251 27056 273390 81607 95296 0 419733
"200301" 1142507 19418 697480 500225 191089 6166 42764 7657 33230 341958 717661 5717 115478 71303 525163 31750 21618 4378 -69 18643 25808 262605 81535 78895 0 424846
"200302" 1211078 22080 728874 523054 197052 8768 45459 10173 38302 366190 707362 6221 119044 53184 528913 31750 18446 2359 -2664 19121 25137 262098 82570 90096 0 503716
"200303" 1230804 24983 685983 516646 167160 2177 47060 14452 38326 420000 696892 7241 120163 75254 494234 37500 18097 4114 463 19439 24017 233760 84028 72816 0 533912
"200304" 1345376 25652 714289 554508 157700 2081 60909 12501 41634 490391 769741 5986 123450 115438 524867 43750 12288 1589 1112 20289 23446 252610 94475 75308 0 575635
"200401" 1398286 21701 773909 607064 165623 1222 57029 11573 51894 482180 820495 5183 125386 147526 542400 27500 20818 4316 2240 20540 22910 270479 90109 83488 0 577791
"200402" 1330420 19228 803275 614786 187091 1398 53787 13975 58281 381874 833470 4829 126169 172878 529594 33500 15568 2628 970 20930 21359 256413 90635 87591 0 496950
"200403" 1436603 25693 794939 606545 187168 1226 55534 13721 62046 484670 830553 5719 128283 157617 538934 29250 13086 3863 2727 21181 18607 255613 105111 89496 0 606050
"200404" 1428483 30783 727424 569095 157508 821 63263 9855 70300 526858 851391 6422 131156 185705 528108 33000 9127 4146 873 20612 20230 233954 112599 93567 0 577092
"200501" 1542005 24106 762755 615866 146440 449 51827 9590 72024 621703 885513 6190 133757 187983 557583 31000 9397 5486 543 21501 20371 251166 124106 94013 0 656492
"200502" 1658506 26183 808646 645734 160778 2134 55967 11635 75141 680934 889761 8459 136190 149768 595344 34500 9657 2878 1235 20723 22883 293729 119802 89937 0 768745
"200503" 1724190 26920 833304 662157 169635 1512 61870 14989 80612 706495 962286 11692 139112 196071 615411 25750 15009 6872 1359 20726 18429 301833 115183 110250 0 761904
"200504" 1744520 30505 817675 626111 190928 636 60993 18293 83486 733568 1061174 14560 141155 231237 674222 46750 9037 6725 1362 21640 19654 345950 115404 107700 0 683346
"200601" 1862983 26540 855451 675492 179944 15 57862 22089 84559 816482 1210426 10103 144237 377086 679000 26750 13866 9172 835 21993 21625 341404 127091 116264 0 652557
"200602" 1945704 29164 899718 706812 192984 -78 66585 21605 93613 835019 1226909 12154 147768 372851 694136 31250 15768 6760 399 22385 23063 351801 133745 108965 0 718795
"200603" 2096401 31155 924897 707945 217331 -379 60647 18315 98359 963028 1286609 12668 151129 402827 719985 21500 20474 6132 1591 22606 23979 368191 138996 116516 0 809792
"200604" 2147928 29615 888151 647468 239915 768 41766 18687 97890 1071819 1291051 15533 154615 364601 756302 40750 18317 5130 727 22414 24129 394641 132772 117422 0 856877
"200701" 2355094 37283 941050 694430 245974 646 32309 15869 104036 1224547 1416091 13914 156768 449650 795759 33250 31864 10248 2307 22639 29924 387424 125790 152313 0 939003
"200702" 2393733 32349 978051 736852 240472 727 42199 15608 106330 1219196 1414315 8695 166882 421660 817078 25250 28408 6857 2796 23425 29867 425523 128641 146311 0 979418
"200703" 2376392 35689 921955 685182 235923 850 23095 16303 85612 1293738 1435768 7643 161919 341209 924997 44750 42952 5765 3465 23823 22796 528342 128641 124463 0 940624
"200704" 2156517 43985 838483 611367 226279 837 17617 17447 91702 1147283 1535725 8050 163270 338426 1025979 46500 45609 2547 3098 25773 21655 605891 132178 142728 0 620792
"200801" 2159920 44101 808070 592701 214737 632 2959 18251 89859 1196680 1442071 7100 163424 246480 1025067 76000 39140 3233 -329 26540 21771 591648 135960 131104 0 717849
"200802" 1888013 43822 757739 560444 196858 437 3026 20289 91623 971514 1391262 8056 163429 218433 1001344 114500 31958 1236 491 22165 21660 518111 149612 141611 0 496751
"200803" 1653101 77937 715274 535448 179943 -117 654 17788 89575 751873 1345990 5300 162454 152181 1026055 83000 28627 -3411 838 23011 21490 591772 144130 136598 0 307111
"200804" 1261068 88352 482757 352380 129986 391 17583 4945 80496 586935 1233338 7178 158562 114896 952702 80000 34706 -2291 2043 33107 23497 542396 124730 114514 0 27730
"200901" 1060951 70590 468740 362222 134316 -27798 19381 652 83185 418403 1116583 7483 158886 32948 917266 0 29495 -526 3623 36820 23299 561532 103561 159362 100 -55632
"200902" 1273002 72669 622062 483261 172386 -33585 10915 47 85488 481821 1007750 7934 161556 49723 788537 0 10263 94 4611 37801 23363 488464 121613 102228 100 265252
"200903" 1339522 68913 655434 515827 178533 -38926 70277 2690 93177 449031 996382 9048 165264 -15821 837891 0 19228 101 5452 42035 23384 494958 136359 116274 100 343140
"200904" 1446253 77732 746612 624016 170255 -47659 53648 2263 95105 470893 1039266 9684 167494 31077 831011 0 12018 139 3901 36211 23271 479937 153295 122136 103 406987
"201001" 1452201 57766 811165 667307 195258 -51400 53901 1000 94275 434094 991329 10865 171013 -30046 839497 0 9491 88 3800 36282 23136 440114 150059 176423 104 460872
"201002" 1313263 67223 760733 603657 216056 -58980 50199 300 100600 334208 878924 11192 169530 -122200 820402 0 7785 113 3900 31329 23275 462512 127551 163832 105 434339
"201003" 1313443 63810 702908 538519 231673 -67284 49036 1000 101126 395563 923444 10988 173961 -117387 855882 0 6970 0 4200 26795 22343 492940 138778 163750 106 389999
