"DATES" "FL313161505.Q" "FL313161400.Q" "FL313161105.Q" "FL893061505.Q" "FL153061505.Q" "FL313161400.Q" "FL153061105.Q" "FL103061103.Q" "FL113061003.Q" "FL213061105.Q" "FL263061105.Q" "FL713061100.Q" "FL763061105.Q" "FL723061100.Q" "FL753061103.Q" "FL733061103.Q" "FL743061103.Q" "FL443061105.Q" "FL473061105.Q" "FL513061103.Q" "FL543061103.Q" "FL573061105.Q" "FL223061103.Q" "FL343061105.Q" "FL633061100.Q" "FL653061105.Q" "FL553061103.Q" "FL563061103.Q" "FL403061105.Q" "FL673061103.Q" "FL663061105.Q" "FL314104005.Q"
"195201" 214441 49081 165360 214441 66245 49081 17164 17862 0 7680 4186 22228 61805 61120 433 0 252 11507 102 5445 10818 2487 3070 0 0 137 113 0 565 0 191 214649
"195202" 214041 49010 165031 214041 65904 49010 16894 16635 0 8140 4303 22506 61908 61178 471 0 259 11325 103 5348 10363 2483 3148 0 0 141 117 0 496 0 1121 214094
"195203" 216889 49026 167863 216889 67045 49026 18019 17018 0 8218 4668 23215 62302 61610 425 0 267 11462 104 5693 10455 2468 3313 0 0 144 121 0 483 0 180 217290
"195204" 220792 49173 171619 220792 67389 49173 18216 17647 0 8538 4468 24034 64034 63318 445 0 271 11238 106 5774 10252 2479 3374 0 0 130 125 0 495 0 709 221418
"195301" 217712 49521 168191 217712 66956 49521 17435 18164 0 8826 4609 23269 61156 60470 415 0 271 11478 107 5877 10120 2513 3465 0 0 140 129 0 695 0 208 218440
"195302" 217839 49258 168581 217839 69312 49258 20054 16454 0 8988 4823 24146 59336 58644 423 0 269 11491 108 5884 10090 2567 3655 0 0 134 132 0 574 0 145 218122
"195303" 224281 49263 175018 224281 69128 49263 19865 18232 0 9114 5056 24635 62882 62200 416 0 266 11436 109 5957 9987 2620 3830 0 0 141 136 0 592 0 426 224706
"195304" 226185 49371 176814 226185 68038 49371 18667 19240 0 9342 5035 25317 64124 63426 435 0 263 11129 112 6025 9829 2636 3860 0 0 129 140 0 589 0 640 228438
"195401" 221621 49421 172200 221621 68196 49421 18775 17887 0 9402 5306 24232 61338 60650 423 0 265 11109 114 5986 9720 2652 4043 0 0 148 144 0 901 0 443 224532
"195402" 221460 49545 171915 221460 67555 49545 18010 14874 0 9466 5192 24737 64218 63508 440 0 270 11007 116 5993 9399 2644 4234 0 0 137 147 0 872 0 869 223462
"195403" 224748 49703 175045 224748 66201 49703 16498 16366 0 9638 5537 23946 68054 67330 449 0 275 10872 118 6057 9138 2647 4310 0 0 143 151 0 896 0 674 225285
"195404" 228498 49966 178532 228498 66087 49966 16121 17523 0 9789 5466 24888 69748 68981 490 0 277 10788 120 6137 9070 2675 4383 0 0 154 155 0 849 0 666 230836
"195501" 224138 50165 173973 224138 67640 50165 17475 17543 0 9978 5472 23505 64911 64180 456 0 275 11019 123 6022 9136 2735 4438 0 0 152 160 0 982 0 322 226733
"195502" 223181 50184 172997 223181 68240 50184 18056 16788 0 10248 5558 23407 64015 63271 475 0 269 10990 127 5964 9086 2839 4478 0 0 179 165 0 869 0 228 224731
"195503" 225369 50178 175191 225369 69181 50178 19003 18619 0 10550 5746 23402 62744 62020 461 0 263 11027 131 6045 9164 2936 4566 0 0 233 170 0 637 0 218 226277
"195504" 228418 50229 178189 228418 68843 50229 18614 21281 0 10936 5803 24391 62316 61592 465 0 259 10869 135 6000 8576 2972 4666 0 0 255 175 0 936 0 264 230029
"195601" 224121 50397 173724 224121 70474 50397 20077 18878 0 11198 6189 23303 59313 58600 453 0 260 11103 139 5834 8077 2949 4879 0 0 238 180 0 1256 0 111 225738
"195602" 218822 50320 168502 218822 70183 50320 19863 15667 0 11531 6244 23457 57366 56620 481 0 265 11001 143 5683 7954 2895 4903 0 0 221 185 0 1267 0 122 219973
"195603" 219714 50238 169476 219714 70632 50238 20394 15575 0 11779 6500 23293 57728 56950 508 0 270 10999 147 5655 7834 2817 4929 0 0 265 190 0 1257 0 114 220631
"195604" 222772 50135 172637 222772 70225 50135 20090 16718 0 11988 6089 24610 59344 58552 518 0 274 10801 150 5657 7555 2751 4944 0 0 276 195 0 1226 0 243 224128
"195701" 221089 49552 171537 221089 70878 49552 21326 16166 0 12017 6028 22666 59376 58615 484 0 277 11122 154 5530 7478 2677 5061 0 0 280 201 0 1342 0 113 222467
"195702" 215197 49090 166107 215197 70743 49090 21653 14227 0 12006 5944 22635 56280 55500 501 0 279 10860 158 5423 7348 2604 5114 0 0 292 207 0 1269 0 87 216123
"195703" 219321 48602 170719 219321 71650 48602 23048 14773 0 11867 5608 22752 59390 58620 489 0 281 10847 162 5437 7289 2535 5147 0 0 291 213 0 1137 0 223 220073
"195704" 220119 48226 171893 220119 71507 48226 23281 15589 0 11660 5930 23719 59010 58239 487 0 284 10422 165 5480 7029 2461 5058 0 0 277 220 0 1143 0 449 221894
"195801" 218406 48146 170260 218406 70949 48146 22803 14394 0 11326 5288 23125 60312 59550 473 0 289 10378 169 5248 7087 2411 5104 0 0 314 227 0 1742 0 332 220903
"195802" 221544 48025 173519 221544 71186 48025 23161 12340 0 11395 4811 25138 63537 62740 501 0 296 10214 173 5160 7075 2432 4950 0 0 401 234 0 1631 0 867 223113
"195803" 221940 47861 174079 221940 68645 47861 20784 13175 0 11471 5649 24660 65504 64720 482 0 302 10414 177 5265 7295 2431 4960 0 0 356 242 0 1497 0 199 223670
"195804" 228964 47703 181261 228964 68638 47703 20935 16092 0 11627 6035 26252 67189 66376 510 0 303 10351 180 5439 7183 2451 5021 0 0 401 249 0 1252 0 604 231094
"195901" 228750 47467 181283 228750 69977 47467 22510 17280 0 11848 6542 25424 63906 63160 513 0 233 10874 183 5360 7212 2476 5102 0 0 432 269 0 1457 0 408 230645
"195902" 229246 47035 182211 229246 69458 47035 22423 18104 0 12165 8454 25994 61551 60860 518 0 173 10778 185 5356 7228 2523 5126 0 0 432 289 0 1328 0 275 230904
"195903" 233199 46486 186713 233199 70444 46486 23958 20311 0 12375 9635 26513 59840 59230 523 0 87 10753 187 5476 7183 2587 5350 0 0 517 310 0 1317 0 401 234877
"195904" 236220 45907 190313 236220 71584 45907 25677 21621 0 12842 10360 26606 59544 58937 526 0 81 10229 190 5626 6868 2619 5462 0 0 556 333 0 1352 0 428 238016
"196001" 232352 45736 186616 232352 75466 45736 29730 19986 0 13200 10387 25166 54766 54160 523 0 83 9951 192 5532 6828 2537 5663 0 0 605 359 0 1556 0 158 234277
"196002" 229995 45611 184384 229995 74183 45611 28572 18247 0 13511 10296 26323 54818 54210 519 0 89 9584 194 5437 6574 2457 5724 0 0 615 391 0 1437 0 204 231997
"196003" 231859 45579 186280 231859 73602 45579 28023 16446 0 13775 10429 26480 58301 57690 515 0 96 9494 196 5439 6577 2408 5653 0 0 608 421 0 1450 0 580 233401
"196004" 234042 45642 188400 234042 72194 45642 26552 15752 0 13739 10651 26984 61611 61003 507 0 101 9344 200 5446 6427 2404 5711 0 0 619 445 0 1494 0 1021 235982
"196101" 231760 45906 185854 231760 72095 45906 26189 15225 0 13581 10635 26388 60329 59670 555 0 104 9973 204 5239 6543 2407 5855 0 0 539 447 0 1757 0 543 234000
"196102" 232089 46045 186044 232089 70684 46045 24639 14636 0 13946 10288 27003 62533 61824 603 0 106 9786 209 5118 6408 2429 5872 0 0 511 441 0 1708 0 517 234105
"196103" 237420 46228 191192 237420 72300 46228 26072 13288 0 13790 10874 26881 66913 66126 680 0 107 9851 214 5206 6428 2431 5865 0 0 549 432 0 1635 0 763 239273
"196104" 240701 46445 194256 240701 71944 46445 25499 14096 0 14002 11035 28722 67221 66578 536 0 107 9906 220 5358 6134 2425 5800 0 0 688 426 0 1419 0 1305 243170
"196201" 241030 46602 194428 241030 73081 46602 26479 14217 0 13976 11023 28579 65231 64440 682 0 109 10506 225 5275 6307 2421 6025 0 0 652 418 0 1952 0 1142 243878
"196202" 240747 46664 194083 240747 73108 46664 26444 13061 0 14220 11468 29413 65381 64443 827 0 111 10207 229 5214 6279 2459 6075 0 0 511 406 0 1594 0 1122 243729
"196203" 241789 46817 194972 241789 74836 46817 28019 11645 0 14581 12118 28802 65057 64250 693 0 114 10305 234 5276 6331 2524 6125 0 0 789 398 0 1622 0 1146 244220
"196204" 246773 46968 199805 246773 73718 46968 26750 12307 0 15157 12379 30478 67059 66434 506 0 119 10219 240 5439 6170 2600 6100 0 0 737 402 0 1792 0 1976 250045
"196301" 247224 47319 199905 247224 70567 47319 23248 16367 0 16107 12498 30337 65488 64840 521 0 127 11014 249 5329 6022 2628 6200 0 0 718 420 0 2232 0 1048 250722
"196302" 247048 47582 199466 247048 70564 47582 22982 15252 0 16398 13051 31827 64219 63542 538 0 139 10935 260 5336 5746 2655 6475 0 0 589 452 0 2326 0 963 250323
"196303" 247312 47853 199459 247312 71976 47853 24123 14602 0 16966 13169 32007 62382 61810 422 0 150 11011 271 5457 5841 2640 6550 0 0 728 486 0 1832 0 1394 250038
"196304" 250685 48149 202536 250685 72892 48149 24743 15128 0 16314 13033 33582 63794 63240 399 0 155 10948 280 5597 5813 2679 6510 0 0 728 510 0 2159 0 718 253848
"196401" 250961 48383 202578 250961 74239 48383 25856 16148 0 16504 12394 33183 62053 61500 398 0 155 11426 286 5472 5788 2872 6725 0 0 823 527 0 1952 0 569 253990
"196402" 249477 48590 200887 249477 74497 48590 25907 15240 0 16446 12267 34494 59869 59322 396 0 151 11312 290 5328 5715 2665 6975 0 0 831 539 0 1988 0 1021 252628
"196403" 252366 48798 203568 252366 74484 48798 25686 14402 0 16793 12816 34950 61341 60710 485 0 146 11455 293 5498 5840 2661 7066 0 0 911 548 0 1773 0 1535 255348
"196404" 255852 49060 206792 255852 73571 49060 24511 14481 0 17333 13321 36506 63575 62991 442 0 142 11432 295 5629 5594 2715 7030 0 0 767 552 0 1677 0 1374 259900
"196501" 255616 49267 206349 255616 76555 49267 27288 14092 0 17597 12538 37091 59614 59040 433 0 141 12038 297 5572 5639 2909 7417 0 0 824 553 0 1925 0 955 259774
"196502" 252438 49365 203073 252438 76144 49365 26779 12320 0 17987 12286 38700 57419 56853 425 0 141 11720 298 5377 5358 2709 7590 0 0 638 547 0 1835 0 1510 256280
"196503" 251156 49498 201658 251156 75984 49498 26486 11829 0 18760 12507 39269 56553 55930 482 0 141 11648 299 5420 5298 2457 7351 0 0 912 540 0 1734 0 595 255285
"196504" 257013 49695 207318 257013 74762 49695 25067 12548 0 19524 13056 40478 60197 59547 509 0 141 11645 303 5464 5119 2539 7153 0 0 811 534 0 1798 0 1082 261528
"196601" 257117 49774 207343 257117 78944 49774 29170 12958 0 19835 12189 40196 56033 55430 458 0 145 12193 308 5252 5171 2479 7312 0 0 1055 528 0 1755 0 909 262057
"196602" 251276 49940 201336 251276 76488 49940 26548 11330 0 20346 11634 41769 54062 53503 408 0 151 11349 315 5093 4921 2377 7046 0 0 1171 521 0 2036 0 818 257720
"196603" 253273 50025 203248 253273 79238 50025 29213 10774 0 20248 11249 41537 54251 53610 483 0 158 11426 322 5080 4852 2351 7166 0 0 1449 514 0 1923 0 893 258995
"196604" 259316 50249 209067 259316 79080 50249 28831 11054 0 20097 11152 43655 56785 56163 459 0 163 11461 327 4991 4921 2304 7115 0 0 1437 511 0 2684 0 1742 265124
"196701" 260390 50456 209934 260390 77816 50456 27360 10445 0 20115 11507 44029 58437 57830 435 0 172 11760 329 4623 4855 2148 6800 0 0 1217 511 0 3658 0 2140 267649
"196702" 250713 50681 200032 250713 74762 50681 24081 7908 0 20003 11537 46318 54823 54233 407 0 183 11440 328 4335 4690 1999 6646 0 0 902 512 0 3800 0 710 259568
"196703" 259277 50937 208340 259277 77240 50937 26303 7287 50 20033 12022 46402 60775 60090 491 0 194 12653 328 4325 4717 1967 6308 0 0 694 517 0 2974 0 985 267934
"196704" 268170 51219 216951 268170 78992 51219 27773 8614 100 19742 13239 48980 63253 62473 576 0 204 12676 331 4286 4683 1987 6165 0 0 921 528 0 2690 0 983 278070
"196801" 273511 51345 222166 273511 83471 51345 32126 9950 150 19320 12334 49495 62000 61200 590 0 210 13650 334 4170 4678 2207 6219 0 0 1167 548 0 2850 0 968 283750
"196802" 268923 51477 217446 268923 82132 51477 30655 8627 200 19303 11020 52230 59425 58604 608 0 213 13368 334 4007 4447 2181 6120 0 0 1047 579 0 2998 0 905 280065
"196803" 275665 51624 224041 275665 83482 51624 31858 7879 250 19514 11596 52405 63386 62540 630 0 216 13006 339 3995 4528 2120 6023 0 0 1405 609 0 2585 0 2543 287812
"196804" 277597 51866 225731 277597 81735 51866 29869 8959 300 19926 12577 52937 65306 64466 620 0 220 12747 357 3933 4456 2359 5921 0 0 1143 625 0 2550 0 1766 290591
"196901" 277439 51834 225605 277439 89044 51834 37210 9399 350 20432 11182 52010 59358 58510 622 0 226 13635 390 3781 4339 2460 5850 0 0 1571 630 0 2275 0 733 290626
"196902" 265455 51807 213648 265455 82342 51807 30535 7949 400 20956 10607 54095 54899 54044 623 0 232 12649 441 3939 4129 2191 5815 0 0 959 630 0 2334 0 1120 278108
"196903" 271648 51689 219959 271648 90872 51689 39183 5786 450 21751 12558 53932 54070 53200 631 0 239 12093 492 3479 4088 2159 5696 0 0 1010 621 0 1725 0 866 282625
"196904" 276827 51770 225057 276827 93166 51770 41396 5646 500 23007 10240 57154 55598 54709 641 0 248 10829 527 3448 4124 2183 5437 0 0 675 601 0 1964 0 1728 287436
"197001" 279213 51608 227605 279213 98271 51608 46663 5255 550 23963 12016 55578 52125 51520 350 0 255 9530 546 3350 4080 2081 5335 0 0 476 646 0 3256 0 2155 289353
"197002" 273568 51593 221975 273568 88736 51593 37143 6065 600 24366 13687 57714 52224 51569 394 0 261 8741 553 3242 4014 1984 5179 0 0 2563 579 0 2701 0 620 283198
"197003" 281041 51704 229337 281041 85911 51704 34207 6966 650 23868 16425 59975 56506 55750 488 0 268 9665 555 3388 4147 2152 5274 0 0 822 518 0 2212 0 2007 290546
"197004" 289923 52089 237834 289923 83041 52089 30952 6283 700 22940 19732 62142 62516 61742 497 0 277 9545 558 3398 4042 2124 5104 0 0 850 491 0 3059 0 3398 299499
"197101" 292511 52533 239978 292511 79938 52533 27405 5735 750 22010 24709 63860 62385 61620 458 0 307 10578 562 3328 4004 2259 4880 0 0 892 500 0 4197 0 1924 301366
"197102" 294438 53182 241256 294438 76155 53182 22973 7130 800 21890 31880 64918 60863 60254 277 0 332 10788 566 3220 3722 2001 4426 0 0 637 541 0 3424 0 1477 303037
"197103" 303786 53772 250014 303786 78357 53772 24585 6211 860 21848 41811 66662 59418 58740 277 0 401 9630 567 3180 3751 2044 4371 0 0 457 590 0 2145 0 1884 311926
"197104" 315920 54416 261504 315920 74200 54416 19784 9057 900 22587 46286 68996 65631 64930 263 0 438 9194 564 3183 3828 2125 3896 0 0 559 622 0 2493 0 1799 324374
"197201" 319902 55202 264700 319902 76873 55202 21671 7207 950 23279 49089 68971 63365 62500 466 0 399 9640 554 3055 3990 2540 3633 0 0 558 641 0 4160 0 1397 328417
"197202" 313895 56037 257858 313895 75289 56037 19252 5200 1000 23584 49179 70756 60995 60258 369 0 368 9022 533 2886 3722 2451 3723 0 0 570 650 0 3228 0 1107 322377
"197203" 318373 56797 261576 318373 76500 56797 19703 4828 1050 24150 54493 68677 61276 60290 478 0 508 8886 517 2757 3875 2623 3643 0 0 712 659 0 1957 0 1770 327296
"197204" 330119 57667 272452 330119 77357 57667 19690 6881 1100 24896 54460 69808 68068 66945 480 0 643 8703 518 2901 3827 3381 3597 0 0 689 676 0 1245 0 2012 339386
"197301" 338062 58549 279513 338062 80898 58549 22349 5947 1133 25424 62150 73784 61998 61088 352 0 558 8634 641 2734 3824 3725 3687 0 0 481 702 0 935 0 1365 347568
"197302" 331839 59483 272356 331839 81852 59483 22369 4759 1161 25889 59215 74952 58642 57773 396 0 473 7893 690 2674 3572 4011 3460 0 0 562 740 0 337 0 1430 340910
"197303" 330286 59885 270401 330286 87064 59885 27179 1923 1176 26152 57446 75224 55934 54984 429 0 521 6891 740 2738 3466 4711 3028 0 0 682 774 0 448 0 1889 339783
"197304" 336704 60354 276350 336704 88480 60354 28126 2482 1183 26065 54303 78458 59196 58177 449 0 570 6991 777 2837 3444 5379 2508 0 0 660 788 0 1145 0 2008 346330
"197401" 339703 61121 278582 339703 95978 61121 34857 968 1199 26102 53536 77929 58276 57389 442 0 445 6867 798 2765 3596 6109 1840 0 2 859 784 0 1124 0 971 349666
"197402" 333787 61934 271853 333787 90833 61934 28899 1492 1214 25809 56242 80284 52867 51981 465 0 421 6694 802 2560 3349 6912 1886 0 5 495 760 0 756 0 827 343699
"197403" 338265 62525 275740 338265 95248 62525 32723 1981 1226 26258 55537 80353 51366 50550 416 0 400 5763 811 2525 3327 8235 1515 0 20 826 732 0 819 0 1723 347938
"197404" 348829 63338 285491 348829 96253 63338 32915 2613 1238 26523 58270 80058 55135 54286 503 0 346 5881 848 2860 3372 8559 1585 0 112 1109 716 0 1441 0 2256 358219
"197501" 368846 64349 304497 368846 93872 64349 29523 6488 1228 26991 64320 82034 59997 59183 439 0 375 6367 912 3170 3585 9623 1559 0 244 785 710 0 4248 0 2713 377939
"197502" 385698 65430 320268 385698 96690 65430 31260 8123 1226 26734 64710 83949 68885 68064 426 0 395 7139 1004 3509 3712 10516 2215 0 291 949 710 0 3523 0 1813 394700
"197503" 409201 66407 342794 409201 105611 66407 39204 9192 1243 27183 63987 86474 76027 75183 436 0 408 9044 1100 3995 3821 11896 2548 0 596 1493 713 0 3024 0 1254 418177
"197504" 434918 67363 367555 434918 111787 67363 44424 14264 1274 27783 65518 86717 85021 83874 610 120 417 10189 1177 4720 4736 12396 2540 0 927 1066 716 0 2935 0 1152 443865
"197601" 458709 68460 390249 458709 110786 68460 42326 19259 1249 31610 67953 87293 90391 89183 705 128 375 11561 1232 5460 5072 13613 3058 0 1201 1435 724 0 4093 0 2719 468166
"197602" 467926 69621 398305 467926 107997 69621 38376 20432 1258 33077 69527 90575 92503 91160 861 136 346 12546 1275 5750 4956 15211 3632 0 832 1196 741 0 3847 0 2571 477403
"197603" 485779 70923 414856 485779 108305 70923 37382 18534 1352 35536 73813 94445 94430 93093 783 144 410 13337 1310 6585 5419 16371 3900 0 974 1368 752 0 4205 0 5143 495509
"197604" 503744 72018 431726 503744 102738 72018 30720 21547 1515 40244 77583 93268 103774 101954 1162 164 494 13955 1343 7300 5368 18075 4057 0 1149 1086 746 0 4392 0 5604 513055
"197701" 521624 73203 448421 521624 107247 73203 34044 22381 1686 43626 83869 95672 105874 104163 977 184 550 15324 1378 8486 5542 17873 4712 0 1042 1368 718 0 3202 0 1624 530748
"197702" 520678 74448 446230 520678 99096 74448 24648 17508 1878 49779 87623 98163 102903 101198 876 208 621 15974 1419 7633 5337 19957 6568 0 798 1985 666 0 1401 0 1990 529694
"197703" 540610 75572 465038 540610 103755 75572 28183 17055 2123 55880 95798 102405 101140 99186 1054 240 660 15596 1443 8770 5719 20080 6757 0 755 1740 616 0 830 0 148 549103
"197704" 560949 76762 484187 560949 104545 76762 27783 16556 2412 61359 108654 100918 101960 99801 1189 268 702 15431 1424 9760 5315 21308 6760 0 883 1763 590 0 961 0 350 569374
"197801" 581775 77958 503817 581775 108190 77958 30232 14993 2732 68774 122439 99890 100825 98753 1132 240 700 15312 1254 9754 5075 21477 7624 0 1120 1833 588 0 842 0 -947 589853
"197802" 584399 79116 505283 584399 103574 79116 24458 13970 3001 73601 117423 107859 99573 97374 1283 216 700 15022 1023 9222 4924 22185 9095 0 1065 1818 608 0 1320 0 -884 592353
"197803" 599749 79945 519804 599749 109285 79945 29340 12692 3143 80665 119448 113027 97592 95441 1294 192 665 13827 895 9895 5113 21089 9543 0 960 1748 632 0 1097 0 -902 607125
"197804" 614866 80691 534175 614866 110312 80691 29621 15070 3184 83677 132901 109478 95329 93085 1450 165 629 13333 727 10450 4822 23179 9454 0 886 1584 643 0 1442 0 -1605 621859
"197901" 625555 80562 544993 625555 117269 80562 36707 14519 3192 89510 126633 109260 96292 94202 1290 200 600 12980 772 10896 5357 23727 10677 0 1687 1722 644 0 862 0 -444 631894
"197902" 621532 80595 540937 621532 120824 80595 40229 17689 3159 89331 113716 106432 94584 92255 1526 240 563 12780 863 10741 5204 24928 13327 0 1988 1502 639 0 1827 0 1998 627383
"197903" 634011 80570 553441 634011 128166 80570 47596 13855 3024 90086 120244 114596 93690 91134 1658 280 618 11948 887 10694 5150 25769 13287 0 1224 1379 632 0 931 0 -1551 639761
"197904" 652058 79876 572182 652058 155885 79876 76009 13472 2805 85458 115958 116291 95599 92676 1953 298 672 11710 625 10665 4888 25995 14706 0 1621 1536 628 0 1239 0 -7023 657650
"198001" 669663 75996 593667 669663 162197 75996 86201 14300 2635 82033 113901 115734 96303 93296 2010 304 693 11648 599 11158 4917 27203 16159 0 7004 1679 629 0 1810 0 -246 675170
"198002" 676274 73392 602882 676274 157092 73392 83700 9914 2509 82482 116990 124058 98518 95367 2125 304 722 11467 801 10161 5135 29387 17582 0 5272 2592 634 0 1817 0 -137 681560
"198003" 704146 73043 631103 704146 160847 73043 87804 13704 2493 87989 120506 119418 105481 101972 2447 312 750 13240 933 11082 5338 30569 19999 0 7450 1939 638 0 2055 0 465 709291
"198004" 730006 72528 657478 730006 173872 72528 101344 13697 2564 93318 127449 119299 111541 107929 2530 312 770 13202 939 12248 5838 32215 20927 0 3474 1853 634 0 1682 0 -4746 735001
"198101" 764195 70355 693840 764195 165674 70355 95319 12593 2728 97649 136077 117666 115129 111704 2343 296 786 13388 973 13203 7206 33352 22432 0 14518 2651 621 0 3 0 8332 769106
"198102" 762029 69223 692806 762029 160231 69223 91008 17272 2900 103543 134740 120017 115043 111578 2371 291 803 13493 957 12959 6952 34543 24531 0 9023 2363 598 0 1734 0 1130 766754
"198103" 780156 68299 711857 780156 170671 68299 102372 19985 3091 106928 129677 124330 112127 108589 2431 296 811 13478 865 13614 7192 34755 25215 0 11419 2443 576 0 1828 0 1962 784791
"198104" 815934 68190 747744 815934 168756 68190 100566 18652 3298 108317 135509 127738 113769 109718 2942 309 800 13257 1014 13491 8167 46684 27564 0 21519 2775 565 0 1901 0 2958 820479
"198201" 848933 67495 781438 848933 173112 67495 105617 16030 3080 116685 135479 123992 117300 113141 3108 232 819 13617 1127 13665 11071 56035 29545 0 25560 3512 567 0 1871 0 6685 852854
"198202" 858032 67442 790590 858032 177719 67442 110277 12805 2945 125498 135478 127005 114672 110838 2841 152 841 13548 1203 13495 10952 62040 32417 0 22402 3895 578 0 2102 0 -722 861900
"198203" 915442 67589 847853 915442 195440 67589 127851 15150 3014 122790 141723 130591 117268 113417 2798 184 869 13248 1086 14125 12705 67904 35849 0 38221 4594 592 0 6133 0 -4991 919238
"198204" 978111 68346 909765 978111 185125 68346 116779 21011 3244 126269 150687 135607 134040 129167 3757 216 900 16609 1276 14712 16529 75171 36898 0 42646 5087 599 0 3402 0 9199 981784
"198301" 1033871 68821 965050 1033871 192879 68821 124058 24404 3987 132181 156612 136651 152143 146332 4645 220 946 21161 1543 16069 19715 79729 39812 0 44873 4611 602 0 3407 0 3492 1037565
"198302" 1080727 69697 1011030 1080727 209601 69697 139904 26870 4711 140253 161723 140511 167355 160701 5424 222 1008 24819 2913 16781 22088 83051 43672 0 28279 5170 603 0 3198 0 -871 1084346
"198303" 1127468 70565 1056903 1127468 227834 70565 157269 24105 5386 142847 162120 146171 173292 166903 5034 288 1067 29016 3213 18173 24513 89104 46278 0 22074 4395 600 0 3864 0 4483 1131049
"198304" 1163441 71485 1091956 1163441 230677 71485 159192 30144 6023 149226 163562 150558 179509 172660 5390 359 1100 31915 2684 19424 28636 93332 48910 0 22839 4059 592 0 1824 0 -473 1166993
"198401" 1212520 72249 1140271 1212520 247092 72249 174843 38101 6139 153515 165238 150814 188122 181496 5183 328 1115 34648 3294 20686 30886 95026 54561 0 19251 4762 575 0 2412 0 -2602 1215998
"198402" 1243186 72937 1170249 1243186 273395 72937 200458 37282 6155 159585 171303 152859 180647 174161 5068 310 1108 37076 3813 22002 31752 92126 59177 0 14787 5352 545 0 3048 0 -7718 1246628
"198403" 1296544 73698 1222846 1296544 290670 73698 216972 33740 5920 161924 176035 155018 180075 173613 4996 368 1098 39631 4105 24137 35035 98766 64331 0 13527 6209 519 0 6411 0 491 1299951
"198404" 1360810 74515 1286295 1360810 277732 74515 203217 36467 5481 165994 200289 159223 181512 175172 4812 428 1100 39720 3711 25955 41204 108409 67914 0 25231 6609 512 0 2707 0 12140 1364195
"198501" 1403360 75443 1327917 1403360 298516 75443 223073 30156 5468 176228 195702 160983 192649 186253 4807 472 1117 41135 4925 26749 42665 112160 73822 0 25935 12016 518 0 5333 0 -1600 1406706
"198502" 1449237 76697 1372540 1449237 282562 76697 205865 42730 5488 190544 209640 169110 195594 189942 3992 522 1138 34300 5642 27024 45019 119446 77190 0 24576 16628 531 0 6720 0 -3507 1452554
"198503" 1496064 78248 1417816 1496064 298559 78248 220311 35913 5588 196949 216962 169702 196161 189922 4424 648 1167 37372 5950 30004 46615 122980 79910 0 22520 23199 559 0 10557 0 -3436 1499362
"198504" 1586595 79777 1506818 1586595 282236 79777 202459 41102 5754 258670 226392 177798 189387 182628 4773 777 1209 34515 6153 32338 51700 128559 85383 0 24405 38816 612 0 6786 0 -4011 1589884
"198601" 1624193 81423 1542770 1624193 254918 81423 173495 33539 9425 263205 235450 176620 194260 188100 4148 704 1308 32456 6336 35771 53627 131511 95028 0 29048 47685 689 0 10035 0 14590 1627417
"198602" 1675490 83821 1591669 1675490 235648 83821 151827 40715 10008 292695 253810 183849 194448 186851 5497 643 1457 35342 7198 38585 52798 126866 98507 0 22189 56230 789 0 13315 0 12498 1678707
"198603" 1732564 87769 1644795 1732564 257829 87769 170060 38961 10530 292579 264227 184437 194805 186234 6298 670 1603 38430 7757 42240 55032 125191 104604 0 23767 66261 906 0 13844 0 11164 1736163
"198604" 1802221 93332 1708889 1802221 270915 93332 177583 40325 10771 315727 269388 197625 197711 188508 6876 633 1694 37996 7959 46127 59033 112820 115329 0 27804 71245 1038 0 16288 0 4120 1805865
"198701" 1829312 94672 1734640 1829312 253412 94672 158740 37705 10720 344782 278755 196409 193561 182953 8194 690 1724 43907 9208 48663 61253 112993 122815 0 18302 83090 1285 0 18578 0 -6126 1833933
"198702" 1861775 96803 1764972 1861775 270274 96803 173471 32734 10365 348605 287408 210248 192520 182929 7169 730 1692 46004 10014 50679 57641 107282 129503 390 20009 89068 1061 0 15114 0 -17144 1865927
"198703" 1884211 98533 1785678 1884211 285732 98533 187199 31671 9971 352819 285414 211941 198422 188533 7495 730 1664 47416 10970 52561 57246 110239 135414 727 15071 87114 1034 0 17056 0 -26607 1888134
"198704" 1944599 101103 1843496 1944599 308191 101103 207088 31790 9799 357626 296301 218906 194393 185449 6493 746 1705 47549 11186 54693 57078 113027 138866 1086 14148 84051 1604 0 20990 0 -16685 1949764
"198801" 1985917 104023 1881894 1985917 307672 104023 203649 31319 9796 367029 329942 217496 195642 185951 7502 667 1522 41642 12458 56939 57077 103579 143570 1434 14691 84598 2277 0 24459 0 -15703 1990959
"198802" 2003476 106167 1897309 2003476 338854 106167 232687 26880 9897 363439 341268 222450 190801 181107 7390 658 1646 39736 13487 59163 58298 104513 142940 1844 12970 84534 3547 0 20108 0 -31253 2010450
"198803" 2038056 107781 1930275 2038056 365350 107781 257569 26761 10079 355855 340942 223573 191472 181686 7328 673 1785 37209 13874 61526 58515 114263 148740 2265 10711 82508 4418 0 21301 0 -31306 2050252
"198804" 2082291 109556 1972735 2082291 393500 109556 283944 27933 10318 364256 353839 233662 185276 176007 6610 761 1898 34856 14440 64187 58564 112723 150659 2726 11416 80271 4800 0 26261 0 -47396 2104885
"198901" 2120293 112167 2008126 2120293 410285 112167 298118 37140 10655 355914 368034 228643 192397 183452 6196 755 1994 32564 13994 66858 57021 104469 151057 3210 12584 78355 5500 0 27272 0 -35659 2142592
"198902" 2129014 114020 2014994 2129014 426148 114020 312128 39716 11129 358584 360797 231767 178393 169773 5790 747 2083 26467 13327 69746 55028 109652 151664 3742 10954 77392 5989 0 7264 0 -8745 2152595
"198903" 2164969 115706 2049263 2164969 430215 115706 314509 44739 11605 359807 386117 221051 166936 158237 5816 716 2167 25674 12822 72603 52741 115254 153198 4263 12499 79444 6282 0 14714 0 -4995 2190324
"198904" 2227025 117725 2109300 2227025 394897 117725 277172 51432 11946 369087 423742 226775 165284 155746 6432 858 2248 26792 12115 75176 52917 122443 152396 4852 14621 81425 6629 0 12990 0 21506 2251235
"199001" 2278412 119881 2158531 2278412 417115 119881 297234 44125 12183 401112 415674 217899 178809 166628 8933 925 2323 28782 11243 77401 59182 111156 162764 5413 30971 82411 6651 0 18507 0 -2986 2310016
"199002" 2314409 121866 2192543 2314409 424536 121866 302670 45692 12347 404999 421266 231383 177292 164908 9240 753 2391 26619 10289 79209 58980 116570 168301 6024 27641 83963 6561 0 23942 0 -11205 2347353
"199003" 2377818 123909 2253909 2377818 469746 123909 345837 36616 12452 407261 434145 234373 180016 166350 10468 741 2457 25440 9337 81120 59934 119786 170147 6703 33527 83919 6556 0 40079 0 -33339 2410431
"199004" 2465769 126213 2339556 2465769 503983 126213 377770 37649 12512 410555 438363 235090 172064 157427 11424 687 2526 25879 8546 83649 59151 122386 168235 7302 44864 87108 6830 0 34326 0 7277 2498129
"199101" 2522435 129706 2392729 2522435 509421 129706 379715 34502 12497 415619 443257 240965 187545 169510 14770 686 2579 25754 9191 88802 63000 114826 177144 8041 64880 88670 7408 0 37728 0 -6815 2548796
"199102" 2567118 133178 2433940 2567118 522036 133178 388858 34726 12373 416835 453173 247484 196246 180366 12523 761 2596 25652 9575 96038 65104 114273 178753 8503 54504 91001 8307 0 38214 0 -5679 2591928
"199103" 2669630 135368 2534262 2669630 528038 135368 392670 42221 12254 430235 457598 258554 217546 198960 14412 1523 2651 23997 10127 103184 72274 117013 163948 9180 63654 98649 9252 0 43002 0 8904 2687242
"199104" 2757798 138122 2619676 2757798 535475 138122 397353 43426 12249 435538 476289 266486 232457 207769 20843 1028 2817 24962 14075 108064 77751 117119 165494 9841 78282 103900 9967 0 40754 0 5669 2776364
"199201" 2843971 142020 2701951 2843971 558043 142020 416023 42011 12356 460017 491891 265796 255882 230198 18662 3928 3094 28242 16400 112270 80317 106537 171904 10417 83479 99750 10490 0 53606 0 -15437 2859746
"199202" 2907447 145359 2762088 2907447 565188 145359 419829 57611 12560 435563 513373 276883 266954 236000 23598 3874 3482 29738 18431 114895 82362 105737 177959 11131 78456 104268 10855 0 51144 0 -5661 2923317
"199203" 2980723 150327 2830396 2980723 583763 150327 433436 52292 13040 429310 517962 279712 287474 252733 25342 5492 3907 29755 19850 113244 86254 108252 197677 11904 78684 105990 11195 0 54792 0 -427 2998850
"199204" 3061551 157267 2904284 3061551 627348 157267 470081 60589 12976 418175 520339 295011 294375 254345 29591 6144 4295 33980 19938 113628 88778 108662 203534 12667 78434 110430 11642 0 58702 0 -7657 3080345
"199301" 3120602 163628 2956974 3120602 651148 163628 487520 42943 13288 433959 534782 298461 310164 268172 31813 5489 4690 31203 21213 116805 96075 99047 204950 13349 76663 113082 12160 0 56305 0 -4995 3140186
"199302" 3180635 166536 3014099 3180635 652525 166536 485989 47830 13386 441228 540158 313143 307206 264531 31673 5865 5137 31215 22529 121038 101624 97820 211378 14083 75403 119351 12678 0 59358 0 -1318 3201239
"199303" 3222623 169089 3053534 3222623 629318 169089 460229 53078 13453 433979 562514 319357 313867 270811 31927 5597 5532 30258 22018 125475 108703 110628 221833 14850 73499 130917 13196 0 65354 0 -19674 3247284
"199304" 3309878 171925 3137953 3309878 673232 171925 501307 48839 13600 447775 594551 332015 322191 274986 36113 5319 5773 28241 22550 129266 109980 104312 217450 15433 79443 134006 13714 0 51593 0 -28313 3336469
"199401" 3361433 175000 3186433 3361433 701800 175000 526800 57537 11124 443409 605360 337260 344430 293981 39220 5829 5400 29342 23652 131274 106761 104041 224335 16083 67929 131384 13476 0 57066 0 -44830 3387698
"199402" 3367981 177135 3190846 3367981 738758 177135 561623 53152 15507 425212 604184 347644 330132 280543 39562 4827 5200 29514 24209 133312 109342 112453 220641 16940 58571 132815 13238 0 55481 0 -53124 3395425
"199403" 3404123 178623 3225500 3404123 781456 178623 602833 60794 16126 398154 626320 353010 313330 266152 37341 4837 5000 28189 22495 135349 112854 118448 217370 17998 58655 129893 13000 0 46405 0 -45723 3432291
"199404" 3465570 179923 3285647 3465570 870974 179923 691051 50820 18330 370011 632571 364519 290407 248028 32656 4578 5145 27121 22063 137375 107084 121147 215554 18977 66136 130461 12762 0 51942 0 -42684 3492319
"199501" 3531482 181366 3350116 3531482 878270 181366 696904 41270 20338 350471 670713 363707 308059 245515 53242 3949 5353 23678 21178 137717 111163 121877 224973 20216 66368 131764 12335 0 56621 0 -29236 3557924
"199502" 3556655 182559 3374096 3556655 868071 182559 685512 47962 21244 313657 724385 372641 298357 226912 59959 5632 5854 21378 20210 138222 111774 121944 217221 20933 57512 133027 11908 0 56338 0 -129 3583499
"199503" 3576467 183527 3392940 3576467 865955 183527 682428 43647 22701 304289 780277 367669 289373 221465 58937 3039 5932 21530 19884 138676 111837 120595 211282 21662 62936 137052 11481 0 53727 0 -8106 3603413
"199504" 3608518 184994 3423524 3608518 828013 184994 643019 57098 23626 289791 816947 378197 278673 207604 62276 3404 5389 18414 18308 139066 108102 120770 208194 22197 69963 143835 11054 0 57996 0 18274 3636747
"199601" 3689566 185839 3503727 3689566 832080 185839 646241 57356 25057 283605 888669 377056 284028 208405 67778 2793 5052 18759 19305 139488 105818 121969 213528 22686 85725 143944 11083 0 54195 0 5215 3717215
"199602" 3665547 186496 3479051 3665547 827804 186496 641308 63106 27092 283255 910263 383914 280203 200135 72038 2770 5260 19462 19060 133899 100672 121886 221067 23044 80622 138653 11112 0 34513 0 -14080 3693757
"199603" 3705583 186784 3518799 3705583 850992 186784 664208 52144 27775 263745 971905 383910 274983 195155 71857 3314 4657 17709 18243 130504 101802 117763 213439 23829 83619 131611 11141 0 34454 0 -3985 3733024
"199604" 3755076 187007 3568069 3755076 888873 187007 701866 47095 28550 256993 1040330 390907 261821 172952 80714 4025 4130 17380 17416 126166 93226 115969 212791 24421 90220 125824 11170 0 18760 0 -12836 3781691
"199701" 3803456 186503 3616953 3803456 908530 186503 722027 54405 30114 248126 1091734 395076 282454 180147 93987 3580 4740 16999 17812 94300 93218 116828 211138 24835 82165 128603 10820 0 19057 0 -22758 3829714
"199702" 3734198 186338 3547860 3734198 848127 186338 661789 40178 30723 243332 1113289 410914 265923 172417 85764 2902 4840 16339 17935 94749 93841 116746 214907 25327 74792 131150 10470 0 13465 0 -28009 3760517
"199703" 3745046 186167 3558879 3745046 820661 186167 634494 36848 31574 235205 1157026 411822 261780 163249 90508 2687 5336 15269 15747 95735 96737 117374 223531 25599 75018 136134 10120 0 21687 0 -42821 3771135
"199704" 3778273 186496 3591777 3778273 797847 186496 611351 26846 32235 239318 1153213 430736 270072 166811 95073 3971 4217 14569 15611 96414 85454 117950 218997 26141 86182 136383 9770 0 25879 0 -5344 3804799
"199801" 3804776 186179 3618597 3804776 804292 186179 618113 21850 34170 238140 1158014 433182 278474 171974 99679 2256 4565 14842 14980 92355 82542 114751 212146 26520 83298 141816 9515 0 11960 0 31929 3830694
"199802" 3723334 185967 3537367 3723334 784864 185967 598897 19024 35854 258470 1159523 439773 263784 153964 103805 1675 4340 12615 14477 87195 78986 112153 213210 26807 81333 140193 9260 0 15089 0 -29276 3748892
"199803" 3694644 185888 3508756 3694644 763416 185888 577528 20292 37039 271846 1121618 446047 219824 128760 86352 968 3744 11121 13540 82459 75227 108103 207823 27414 82268 140475 9005 0 19024 0 38103 3720099
"199804" 3723674 186627 3537047 3723674 733064 186627 546437 23615 37974 280757 1166244 452141 214101 124838 84795 913 3555 10170 13139 76766 71341 104771 212576 28475 107863 140952 8750 0 25158 0 15817 3752175
"199901" 3731513 186532 3544981 3731513 702194 186532 515662 22992 37275 288434 1153717 465686 224698 134584 85984 1143 2987 10604 12123 73680 70280 106778 211463 28677 98858 137281 8816 0 29837 0 48120 3759631
"199902" 3623358 186482 3436876 3623358 667316 186482 480834 21103 36826 298601 1135597 484866 217475 130155 83161 1154 3005 10631 12505 70529 67986 113326 213790 29582 83769 135562 8805 0 27339 0 -12250 3651626
"199903" 3605020 186220 3418800 3605020 647502 186220 461282 21191 36878 299230 1152245 489037 219976 123959 92495 881 2641 10447 10811 67873 65346 120442 204790 30427 86821 126893 8766 0 28188 0 -21843 3633296
"199904" 3652683 186449 3466234 3652683 810159 186449 623710 19420 37179 304521 1058365 477963 228922 122838 94503 8773 2808 10143 9613 64860 62751 121539 198824 31424 103822 117289 7566 0 30943 6 -42626 3680967
"200001" 3625686 185263 3440423 3625686 747729 185263 562466 21881 37675 306266 1059370 501708 218421 125262 89739 922 2498 9945 9368 63527 61741 118874 196900 31311 99097 115617 7604 0 25151 10 -6509 3653454
"200002" 3435675 184634 3251041 3435675 636863 184634 452229 23978 37921 309254 1032891 504950 204187 116397 84355 1069 2366 9117 8849 61267 60490 117152 194886 31893 78478 119330 7564 0 20659 84 -24138 3463902
"200003" 3382498 184339 3198159 3382498 574533 184339 390194 23141 38917 307862 1008879 511413 203129 108600 91203 1100 2226 8779 8604 59629 59466 115435 185471 32514 78097 122106 7555 0 29023 98 7847 3410119
"200004" 3357764 184753 3173011 3357764 579071 184753 394318 18105 40162 309989 1021426 511703 184541 87871 94029 835 1806 8734 8218 57807 58108 111627 179057 33420 91563 127442 6653 0 13262 128 -3252 3385090
"200101" 3381989 184753 3197236 3381989 533253 184753 348500 16108 41329 316915 1019783 523862 172003 72165 97915 765 1158 7995 7980 56058 57217 118107 177342 35316 97379 122172 5721 0 11891 427 61131 3408756
"200102" 3224266 185455 3038811 3224266 450666 185455 265211 16063 42246 324800 988301 535110 174028 69870 102192 929 1037 7472 6559 55887 56180 111675 183128 36863 94553 120588 5823 0 12281 494 1549 3251314
"200103" 3292988 186403 3106585 3292988 451326 186403 264923 16864 42412 321165 995064 534136 176120 65267 108594 844 1415 6586 6441 56312 55205 111437 166813 38460 114740 113585 5820 0 12581 512 67409 3319948
"200104" 3352690 190329 3162361 3352690 434048 190329 243719 16852 42829 328438 1095208 551675 162654 56457 103830 1200 1167 11384 7420 57472 57966 105240 155099 40581 137544 117600 6716 0 13613 535 9816 3379467
"200201" 3403908 191902 3212006 3403908 415259 191902 223357 20664 42831 327641 1109955 575356 165945 68616 94055 1275 1999 14080 7587 59702 65867 110571 163285 42107 139527 121624 4940 0 18049 581 -1663 3430236
"200202" 3424548 192710 3231838 3424548 352248 192710 159538 25139 42833 333649 1148159 590683 183786 75227 105714 1731 1114 12728 8183 62384 73664 108532 153870 43592 125313 123761 4755 0 20635 709 9925 3451323
"200203" 3513649 193252 3320397 3513649 334008 193252 140756 28351 42835 338576 1211343 604191 192046 74606 114976 1407 1057 10306 6936 66804 82605 107369 156284 47160 121684 130362 4752 2099 25025 864 49 3540819
"200204" 3609754 194872 3414882 3609754 263709 194872 68837 31354 42837 354673 1285498 629406 205841 86364 116699 1288 1490 9193 7525 71970 89335 103609 158882 50166 142239 134846 3937 1977 25729 940 -3912 3637029
"200301" 3673689 196870 3476819 3673689 294753 196870 97883 34525 43351 349974 1322878 641464 136790 89337 44507 1325 1621 9199 7454 73771 89716 111572 162134 54223 149686 142911 4018 1527 25256 1006 17481 3700569
"200302" 3779890 199120 3580770 3779890 374157 199120 175037 36575 43866 347857 1415263 652118 126776 77949 44497 2358 1972 9953 8357 78143 87821 115443 161290 54800 145914 152244 4135 1267 25477 1642 -63208 3806899
"200303" 3887460 201501 3685959 3887460 348150 201501 146649 35355 44380 357675 1484336 656116 126361 81166 39872 2986 2337 11244 9179 81889 86569 112144 155486 55574 135559 147088 4414 1761 23967 2071 8142 3914483
"200304" 4008203 203801 3804402 4008203 407994 203801 204193 33690 44895 364220 1513524 666665 132067 93453 33412 2722 2480 12238 8764 86245 80195 116880 148631 55267 132058 144195 4556 2068 13462 2811 37778 4033069
"200401" 4143790 204405 3939385 4143790 395734 204405 191329 34925 46220 374113 1658086 674084 144120 102638 36540 2146 2796 9926 8731 90437 81940 114022 143553 55795 125958 149021 5842 2967 13049 3350 11917 4168922
"200402" 4185391 204570 3980821 4185391 409737 204570 205167 34008 47545 381236 1785765 687391 140501 100910 33488 2403 3700 9150 8986 92775 81813 115426 134943 57872 102800 149416 6469 3710 13724 4195 -82071 4209612
"200403" 4268734 204140 4064594 4268734 370182 204140 166042 31880 48870 381659 1834956 700341 122061 82909 34385 1550 3217 7810 8579 100428 82482 113595 140837 60419 100561 147741 6682 4077 13024 5321 -12771 4292917
"200404" 4370722 204395 4166327 4370722 492591 204395 288196 34014 50195 389133 1813553 717819 107765 74235 27725 1969 3836 8377 8857 106551 81910 113004 151016 60650 98207 149034 6842 4881 12860 8035 -44572 4394983
"200501" 4535574 204188 4331386 4535574 462362 204188 258174 49230 51689 411993 1908080 717326 125865 88082 32173 1576 4034 7582 8337 108046 85283 114403 157982 62862 102528 151523 7026 7214 13033 10096 -26886 4559650
"200502" 4493119 204167 4288952 4493119 410086 204167 205919 52929 53184 443963 1918847 724722 109487 76270 27352 2368 3497 8992 8442 106427 88573 115424 171253 65564 88845 152499 7389 7738 12569 15299 -69113 4516849
"200503" 4565983 203585 4362398 4565983 418035 203585 214450 48484 54679 467593 1962575 736360 108729 75472 27529 2393 3335 8672 7917 108096 92630 116715 164794 67526 85552 152061 7129 8866 12814 20941 -84185 4589619
"200504" 4678033 205103 4472930 4678033 464287 205103 259184 52117 56174 481441 1984391 744215 97048 64157 27843 1113 3935 12339 7722 106870 95449 116539 153821 68400 88573 155658 7118 9701 13069 27694 -64593 4701868
"200601" 4834414 205917 4628497 4834414 581680 205917 375763 50010 56213 486079 2024045 758542 96878 66144 24043 2657 4034 8057 8032 105733 94613 116779 152981 69874 84751 157271 6706 10045 13435 32479 -79789 4857996
"200602" 4759583 205169 4554414 4759583 545620 205169 340451 44880 56252 499410 2026412 766364 101430 68086 26992 2626 3726 10287 7748 103309 92785 117655 150911 74426 79598 157512 7127 11813 13758 40874 -148588 4783222
"200603" 4803196 203599 4599597 4803196 499531 203599 295932 44794 56291 502085 2065460 768924 97790 62341 29877 2274 3298 7955 7833 105710 91120 125787 154712 76155 71469 157126 7142 12089 13971 47698 -110446 4826581
"200604" 4861747 202376 4659371 4861747 394104 202376 191728 45463 56329 516947 2126178 778915 94925 61938 26795 2505 3687 12473 7431 109985 87878 130808 156208 76730 82652 160668 7358 13072 14247 56415 -67039 4885256
"200701" 5014264 200278 4813986 5014264 396168 200278 195890 39167 57082 534997 2208924 780901 105060 69915 31250 748 3147 7709 6998 101644 83748 141367 158348 80368 91122 166176 7154 13882 14526 60407 -41484 5037444
"200702" 4904015 198591 4705424 4904015 348465 198591 149874 33119 57834 580304 2196987 790522 95730 68483 23261 825 3161 7436 7254 89303 79578 151258 159349 81278 89569 171492 6640 16059 14837 66336 -139335 4927171
"200703" 5009960 197070 4812890 5009960 411047 197070 213977 38968 58587 538549 2208258 779632 103077 70030 30131 705 2211 8036 8555 79839 75255 161216 138941 85447 127544 172320 6472 17157 15050 71348 -95338 5032913
"200704" 5099199 196395 4902804 5099199 260386 196395 63991 38319 59339 537632 2376442 740611 112331 73020 30403 7074 1834 7036 10418 71278 70586 169513 141626 88047 178149 179178 5617 19650 15547 77458 -59964 5122338
"200801" 5299107 195325 5103782 5299107 328242 195325 132917 27239 60806 531000 2496423 591234 109687 64057 37893 6332 1405 6045 9561 71973 80099 173927 142048 96595 296347 182674 5386 21028 15716 76751 -23674 5322565
"200802" 5250624 194903 5055721 5250624 382608 194903 187705 28797 61767 519868 2591597 478841 97522 49450 35019 11846 1207 4959 10231 69502 89896 177854 141841 98869 283722 188309 5180 22596 16051 73911 -93297 5274145
"200803" 5777537 194153 5583384 5777537 412620 194153 218467 25505 62839 503211 2806977 476627 117153 71496 30815 13650 1192 2972 9903 66004 97398 186604 143933 105912 460003 191336 4723 26577 16422 69991 -9173 5800635
"200804" 6338184 193975 6144209 6338184 243337 193975 49362 30455 63193 485511 3251437 475921 93180 53399 35496 3095 1190 2963 8847 65637 105724 184935 146413 112295 577683 187905 3185 27043 16767 65129 190624 6361530
"200901" 6804397 193876 6610521 6804397 474303 193876 280427 38511 62284 516856 3461330 492323 117145 70996 44742 560 847 3648 8283 71369 119622 214258 150233 116672 519652 193043 3270 31648 17567 61438 130942 6826945
"200902" 7143060 193492 6949568 7143060 468866 193492 275374 44151 60876 514378 3581222 656466 123659 82668 33190 7033 768 4617 12442 75778 124250 236535 159894 116876 489739 202241 3673 35575 19261 56624 155937 7165334
"200903" 7520786 192352 7328434 7520786 609901 192352 417549 44337 59179 504356 3695694 769160 180277 118972 56446 4170 689 6017 13028 81491 128724 280700 167270 117438 426420 214622 3895 38625 21500 52427 105725 7543988
"200904" 7781929 191199 7590730 7781929 764428 191199 573229 45952 57599 505889 3697244 776588 185439 117701 61423 5819 496 6772 14158 88547 133467 310721 174500 119124 406380 255499 4395 41738 21853 48659 122977 7805424
"201001" 8259584 190194 8069390 8259584 907639 190194 717445 52313 56112 506369 3889990 776705 251342 181592 63053 5793 904 7145 15877 88786 140988 341624 179662 120581 374736 269921 5023 46327 60107 44717 123620 8283165
"201002" 8603804 189565 8414239 8603804 1080655 189565 891090 52540 54727 511796 4013565 776989 246180 181169 58712 5015 1284 6697 17245 89465 150539 407377 184486 124509 351224 278341 4891 51873 72179 41434 87092 8627654
"201003" 8993793 188698 8805095 8993793 1083203 188698 894505 51794 53756 508724 4258739 811669 311946 220209 73408 17211 1118 6015 19557 92638 161841 459305 187846 128218 310270 292665 5006 51681 69519 38260 91141 9017764
