"DATES" "FL504090005.Q" "FL503034003.Q" "FL502050003.Q" "FL504004005.Q" "FL503069105.Q" "FL503063005.Q" "FL503069805.Q" "FL503064105.Q" "FL503094505.Q" "FL753194503.Q" "FL663194505.Q" "FL504190005.Q" "FL504104005.Q" "FL503169105.Q" "FL503163005.Q" "FL713068505.Q" "FL503169205.Q" "FL503190005.Q" "FL503192003.Q" "FL663097005.Q" "FL503194305.Q" "FL503193005.Q"
"195201" 76 0 0 76 76 0 0 0 0 0 0 76 0 0 0 0 0 76 0 0 0 76
"195202" 65 0 0 65 65 0 0 0 0 0 0 65 0 0 0 0 0 65 0 0 0 65
"195203" 60 0 0 60 60 0 0 0 0 0 0 60 0 0 0 0 0 60 0 0 0 60
"195204" 66 0 0 66 66 0 0 0 0 0 0 66 0 0 0 0 0 66 0 0 0 66
"195301" 70 0 0 70 70 0 0 0 0 0 0 70 0 0 0 0 0 70 0 0 0 70
"195302" 60 0 0 60 60 0 0 0 0 0 0 60 0 0 0 0 0 60 0 0 0 60
"195303" 58 0 0 58 58 0 0 0 0 0 0 58 0 0 0 0 0 58 0 0 0 58
"195304" 78 0 0 78 78 0 0 0 0 0 0 78 0 0 0 0 0 78 0 0 0 78
"195401" 74 0 0 74 74 0 0 0 0 0 0 74 0 0 0 0 0 74 0 0 0 74
"195402" 68 0 0 68 68 0 0 0 0 0 0 68 0 0 0 0 0 68 0 0 0 68
"195403" 71 0 0 71 71 0 0 0 0 0 0 71 0 0 0 0 0 71 0 0 0 71
"195404" 77 0 0 77 77 0 0 0 0 0 0 77 0 0 0 0 0 77 0 0 0 77
"195501" 94 0 0 94 94 0 0 0 0 0 0 94 0 0 0 0 0 94 0 0 0 94
"195502" 91 0 0 91 91 0 0 0 0 0 0 91 0 0 0 0 0 91 0 0 0 91
"195503" 104 0 0 104 104 0 0 0 0 0 0 104 0 0 0 0 0 104 0 0 0 104
"195504" 91 0 0 91 91 0 0 0 0 0 0 91 0 0 0 0 0 91 0 0 0 91
"195601" 135 0 0 135 135 0 0 0 0 0 0 135 0 0 0 0 0 135 0 0 0 135
"195602" 98 0 0 98 98 0 0 0 0 0 0 98 0 0 0 0 0 98 0 0 0 98
"195603" 120 0 0 120 120 0 0 0 0 0 0 120 0 0 0 0 0 120 0 0 0 120
"195604" 108 0 0 108 108 0 0 0 0 0 0 108 0 0 0 0 0 108 0 0 0 108
"195701" 120 0 0 120 120 0 0 0 0 0 0 120 0 0 0 0 0 120 0 0 0 120
"195702" 126 0 0 126 126 0 0 0 0 0 0 126 0 0 0 0 0 126 0 0 0 126
"195703" 119 0 0 119 119 0 0 0 0 0 0 119 0 0 0 0 0 119 0 0 0 119
"195704" 123 0 0 123 123 0 0 0 0 0 0 123 0 0 0 0 0 123 0 0 0 123
"195801" 153 0 0 153 153 0 0 0 0 0 0 153 0 0 0 0 0 153 0 0 0 153
"195802" 183 0 0 183 183 0 0 0 0 0 0 183 0 0 0 0 0 183 0 0 0 183
"195803" 171 0 0 171 171 0 0 0 0 0 0 171 0 0 0 0 0 171 0 0 0 171
"195804" 116 0 0 116 116 0 0 0 0 0 0 116 0 0 0 0 0 116 0 0 0 116
"195901" 149 0 0 149 149 0 0 0 0 0 0 149 0 0 0 0 0 149 0 0 0 149
"195902" 150 0 0 150 150 0 0 0 0 0 0 150 0 0 0 0 0 150 0 0 0 150
"195903" 186 0 0 186 186 0 0 0 0 0 0 186 0 0 0 0 0 186 0 0 0 186
"195904" 152 0 0 152 152 0 0 0 0 0 0 152 0 0 0 0 0 152 0 0 0 152
"196001" 180 0 0 180 180 0 0 0 0 0 0 180 0 0 0 0 0 180 0 0 0 180
"196002" 189 0 0 189 189 0 0 0 0 0 0 189 0 0 0 0 0 189 0 0 0 189
"196003" 208 0 0 208 208 0 0 0 0 0 0 208 0 0 0 0 0 208 0 0 0 208
"196004" 177 0 0 177 177 0 0 0 0 0 0 177 0 0 0 0 0 177 0 0 0 177
"196101" 240 0 0 240 240 0 0 0 0 0 0 240 0 0 0 0 0 240 0 0 0 240
"196102" 202 0 0 202 202 0 0 0 0 0 0 202 0 0 0 0 0 202 0 0 0 202
"196103" 256 0 0 256 256 0 0 0 0 0 0 256 0 0 0 0 0 256 0 0 0 256
"196104" 174 0 0 174 174 0 0 0 0 0 0 174 0 0 0 0 0 174 0 0 0 174
"196201" 316 0 0 316 316 0 0 0 0 0 0 316 0 0 0 0 0 316 0 0 0 316
"196202" 254 0 0 254 254 0 0 0 0 0 0 254 0 0 0 0 0 254 0 0 0 254
"196203" 272 0 0 272 272 0 0 0 0 0 0 272 0 0 0 0 0 272 0 0 0 272
"196204" 289 0 0 289 289 0 0 0 0 0 0 289 0 0 0 0 0 289 0 0 0 289
"196301" 315 0 0 315 315 0 0 0 0 0 0 315 0 0 0 0 0 315 0 0 0 315
"196302" 288 0 0 288 288 0 0 0 0 0 0 288 0 0 0 0 0 288 0 0 0 288
"196303" 286 0 0 286 286 0 0 0 0 0 0 286 0 0 0 0 0 286 0 0 0 286
"196304" 306 0 0 306 306 0 0 0 0 0 0 306 0 0 0 0 0 306 0 0 0 306
"196401" 290 0 0 290 290 0 0 0 0 0 0 290 0 0 0 0 0 290 0 0 0 290
"196402" 334 0 0 334 334 0 0 0 0 0 0 334 0 0 0 0 0 334 0 0 0 334
"196403" 262 0 0 262 262 0 0 0 0 0 0 262 0 0 0 0 0 262 0 0 0 262
"196404" 281 0 0 281 281 0 0 0 0 0 0 281 0 0 0 0 0 281 0 0 0 281
"196501" 386 0 0 386 386 0 0 0 0 0 0 386 0 0 0 0 0 386 0 0 0 386
"196502" 404 0 0 404 404 0 0 0 0 0 0 404 0 0 0 0 0 404 0 0 0 404
"196503" 437 0 0 437 437 0 0 0 0 0 0 437 0 0 0 0 0 437 0 0 0 437
"196504" 496 0 0 496 496 0 0 0 0 0 0 496 0 0 0 0 0 496 0 0 0 496
"196601" 493 0 0 493 493 0 0 0 0 0 0 493 0 0 0 0 0 493 0 0 0 493
"196602" 583 0 0 583 583 0 0 0 0 0 0 583 0 0 0 0 0 583 0 0 0 583
"196603" 793 0 0 793 793 0 0 0 0 0 0 793 0 0 0 0 0 793 0 0 0 793
"196604" 767 0 0 767 767 0 0 0 0 0 0 767 0 0 0 0 0 767 0 0 0 767
"196701" 732 0 0 732 732 0 0 0 0 0 0 732 0 0 0 0 0 732 0 0 0 732
"196702" 800 0 0 800 800 0 0 0 0 0 0 800 0 0 0 0 0 800 0 0 0 800
"196703" 775 0 0 775 775 0 0 0 0 0 0 775 0 0 0 0 0 775 0 0 0 775
"196704" 822 0 0 822 822 0 0 0 0 0 0 822 0 0 0 0 0 822 0 0 0 822
"196801" 1376 0 0 1376 1376 0 0 0 0 0 0 1376 0 0 0 0 0 1376 0 0 0 1376
"196802" 1113 0 0 1113 1113 0 0 0 0 0 0 1113 0 0 0 0 0 1113 0 0 0 1113
"196803" 1171 0 0 1171 1171 0 0 0 0 0 0 1171 0 0 0 0 0 1171 0 0 0 1171
"196804" 1022 0 0 1022 1022 0 0 0 0 0 0 1022 0 0 0 0 0 1022 0 0 0 1022
"196901" 1380 0 0 1380 1380 0 0 0 0 0 0 1380 0 0 0 0 0 1380 0 0 0 1380
"196902" 1489 0 0 1489 1489 0 0 0 0 0 0 1489 0 0 0 0 0 1489 0 0 0 1489
"196903" 1691 0 0 1691 1691 0 0 0 0 0 0 1691 0 0 0 0 0 1691 0 0 0 1691
"196904" 1585 0 0 1585 1585 0 0 0 0 0 0 1585 0 0 0 0 0 1585 0 0 0 1585
"197001" 1785 0 0 1785 1785 0 0 0 0 0 0 1785 0 0 0 0 0 1785 0 0 0 1785
"197002" 916 0 0 916 916 0 0 0 0 0 0 916 0 0 0 0 0 916 0 0 0 916
"197003" 1885 0 0 1885 1885 0 0 0 0 0 0 1885 0 0 0 0 0 1885 0 0 0 1885
"197004" 1399 0 0 1399 1399 0 0 0 0 0 0 1399 0 0 0 0 0 1399 0 0 0 1399
"197101" 1218 0 0 1218 1218 0 0 0 0 0 0 1218 0 0 0 0 0 1218 0 0 0 1218
"197102" 1096 0 0 1096 1096 0 0 0 0 0 0 1096 0 0 0 0 0 1096 0 0 0 1096
"197103" 1027 0 0 1027 1027 0 0 0 0 0 0 1027 0 0 0 0 0 1027 0 0 0 1027
"197104" 1302 0 0 1302 1302 0 0 0 0 0 0 1302 0 0 0 0 0 1302 0 0 0 1302
"197201" 1346 0 0 1346 1346 0 0 0 0 0 0 1346 0 0 0 0 0 1346 0 0 0 1346
"197202" 1222 0 0 1222 1222 0 0 0 0 0 0 1222 0 0 0 0 0 1222 0 0 0 1222
"197203" 1341 0 0 1341 1341 0 0 0 0 0 0 1341 0 0 0 0 0 1341 0 0 0 1341
"197204" 1173 0 0 1173 1173 0 0 0 0 0 0 1173 0 0 0 0 0 1173 0 0 0 1173
"197301" 1646 0 0 1646 1646 0 0 0 0 0 0 1646 0 0 0 0 0 1646 0 0 0 1646
"197302" 1801 0 0 1801 1801 0 0 0 0 0 0 1801 0 0 0 0 0 1801 0 0 0 1801
"197303" 1979 0 0 1979 1979 0 0 0 0 0 0 1979 0 0 0 0 0 1979 0 0 0 1979
"197304" 1671 0 0 1671 1671 0 0 0 0 0 0 1671 0 0 0 0 0 1671 0 0 0 1671
"197401" 1757 0 0 1757 1757 0 0 0 0 0 0 1757 0 0 0 0 0 1757 0 0 0 1757
"197402" 1871 0 0 1871 1871 0 0 0 0 0 0 1871 0 0 0 0 0 1871 0 0 0 1871
"197403" 1692 0 0 1692 1692 0 0 0 0 0 0 1692 0 0 0 0 0 1692 0 0 0 1692
"197404" 1406 0 0 1406 1406 0 0 0 0 0 0 1406 0 0 0 0 0 1406 0 0 0 1406
"197501" 1542 0 0 1542 1542 0 0 0 0 0 0 1542 0 0 0 0 0 1542 0 0 0 1542
"197502" 1345 0 0 1345 1345 0 0 0 0 0 0 1345 0 0 0 0 0 1345 0 0 0 1345
"197503" 1076 0 0 1076 1076 0 0 0 0 0 0 1076 0 0 0 0 0 1076 0 0 0 1076
"197504" 1341 0 0 1341 1341 0 0 0 0 0 0 1341 0 0 0 0 0 1341 0 0 0 1341
"197601" 1033 155 0 878 878 0 0 0 0 0 0 1033 0 0 0 0 0 1033 0 310 0 723
"197602" 919 89 0 830 830 0 0 0 0 0 0 919 0 0 0 0 0 919 0 178 0 741
"197603" 767 99 0 668 668 0 0 0 0 0 0 767 0 0 0 0 0 767 0 198 0 569
"197604" 1433 305 0 1128 1128 0 0 0 0 0 0 1433 0 0 0 0 0 1433 0 610 0 823
"197701" 1721 466 0 1255 1255 0 0 0 0 0 0 1721 0 0 0 0 0 1721 0 931 0 790
"197702" 1706 270 0 1436 1436 0 0 0 0 0 0 1706 0 0 0 0 0 1706 0 540 0 1166
"197703" 1803 222 0 1581 1581 0 0 0 0 0 0 1803 0 0 0 0 0 1803 0 443 0 1360
"197704" 1825 246 0 1579 1579 0 0 0 0 0 0 1825 0 0 0 0 0 1825 0 491 0 1334
"197801" 2349 281 0 2068 2068 0 0 0 0 0 0 2349 0 0 0 0 0 2349 0 561 0 1788
"197802" 2174 180 0 1994 1994 0 0 0 0 0 0 2174 0 0 0 0 0 2174 0 360 0 1814
"197803" 1946 259 0 1687 1687 0 0 0 0 0 0 1946 0 0 0 0 0 1946 0 517 0 1429
"197804" 2898 508 0 2390 2390 0 0 0 0 0 0 2898 0 0 0 0 0 2898 0 1016 0 1882
"197901" 2397 278 0 2119 2119 0 0 0 0 0 0 2397 0 0 0 0 0 2397 0 555 0 1842
"197902" 2448 302 0 2146 2146 0 0 0 0 0 0 2448 0 0 0 0 0 2448 0 604 0 1844
"197903" 2701 389 0 2312 2312 0 0 0 0 0 0 2701 0 0 0 0 0 2701 0 777 0 1924
"197904" 2953 573 0 2380 2380 0 0 0 0 0 0 2953 0 0 0 0 0 2953 0 1146 0 1807
"198001" 2654 360 0 2294 2294 0 0 0 0 0 0 2654 0 0 0 0 0 2654 0 720 0 1934
"198002" 15179 387 0 2093 2093 0 0 0 12699 4024 8675 15179 12699 12699 0 0 0 2480 0 773 0 1707
"198003" 17362 897 0 3047 3047 0 0 0 13418 4563 8855 17362 13418 13418 0 0 0 3944 0 1793 0 2151
"198004" 15950 565 0 2862 2862 0 0 0 12523 3892 8631 15950 12523 12523 0 0 0 3427 0 1130 0 2297
"198101" 10401 418 0 -4105 -4105 0 0 0 14088 4566 9522 10401 14088 14088 0 0 0 -3687 0 797 0 -4484
"198102" 19954 560 0 5027 5027 0 0 0 14367 2775 11592 19954 14367 14367 0 0 0 5587 0 1040 0 4547
"198103" 31214 560 0 13385 13385 0 0 0 17269 2952 14317 31214 17269 17269 0 0 0 13945 0 576 0 13369
"198104" 26142 1122 0 8207 8207 0 0 0 16813 12610 4203 26142 16813 16813 0 0 0 9329 0 2084 0 7245
"198201" 28968 1118 0 9922 9922 0 0 0 17928 13446 4482 28968 17928 17928 0 0 0 11040 0 1977 0 9063
"198202" 34103 1714 0 12331 12331 0 0 0 20058 15043 5015 34103 20058 20058 0 0 0 14045 0 3068 0 10977
"198203" 38098 2072 0 13671 13671 0 0 0 22355 16766 5589 38098 22355 22355 0 0 0 15743 0 3684 0 12059
"198204" 37339 1420 0 13163 13163 0 0 0 22756 17067 5689 37339 22756 22756 0 0 0 14583 0 2280 0 12303
"198301" 51056 2282 0 26913 26913 0 0 0 21861 16273 5588 51056 21861 21697 164 0 0 29195 0 4003 0 25192
"198302" 56315 1946 0 31515 31515 0 0 0 22854 16866 5988 56315 22854 22488 366 0 0 33461 0 3331 0 30130
"198303" 61507 2280 0 36563 36563 0 0 0 22664 16609 6055 61507 22664 22146 518 0 0 38843 0 2416 0 36427
"198304" 68341 2878 0 39514 39514 0 0 0 25949 19257 6692 68341 25949 25676 273 0 0 42392 0 5195 0 37197
"198401" 64488 3157 0 34703 34703 0 0 0 26628 19167 7461 64488 26628 25556 1072 0 0 37860 0 5752 0 32108
"198402" 67117 1943 0 44496 44496 0 0 0 20678 14786 5892 67117 20678 19715 963 0 0 46439 0 3325 0 43114
"198403" 63535 2897 0 32812 32812 0 0 0 27826 20041 7785 63535 27826 26721 1105 0 0 35709 0 5232 0 30477
"198404" 51508 2972 0 21424 21424 0 0 0 27112 19592 7520 51508 27112 26123 989 0 0 24396 0 5381 0 19015
"198501" 77849 2331 0 45352 45352 0 0 0 30166 21362 8804 77849 30166 28483 1683 0 0 47683 0 4099 0 43584
"198502" 77741 3134 0 44161 44161 0 0 0 30446 21025 9421 77741 30446 28034 2412 0 0 47295 0 5704 0 41591
"198503" 99778 2530 0 61523 61523 0 0 0 35725 20436 15289 99778 35725 32582 3143 0 0 64053 0 4496 0 59557
"198504" 123536 3717 0 81114 81114 0 0 0 38705 22679 16026 123536 38705 35572 3133 0 0 84831 0 6869 0 77962
"198601" 125601 4145 0 78525 78525 0 0 0 42931 25592 17339 125601 50976 47046 3930 0 0 74625 -8045 7725 0 74945
"198602" 136019 6233 0 83823 83823 0 0 0 45963 18861 27102 136019 55576 50592 4984 0 0 80443 -9613 11900 0 78156
"198603" 129998 5934 0 77329 77329 0 0 0 46735 24477 22258 129998 57936 52098 5838 0 0 72062 -11201 11302 0 71961
"198604" 134483 6289 0 81957 81957 0 0 0 46237 26850 19387 134483 58685 54122 4563 0 0 75798 -12448 12011 0 76235
"198701" 142950 8175 0 87664 87664 0 0 0 47111 27370 19741 142950 62154 56766 5388 0 0 80796 -15043 15783 0 80056
"198702" 165616 9971 0 104308 104308 0 0 0 51337 30929 20408 165616 70061 64566 5495 0 0 95555 -18724 19375 0 94904
"198703" 159894 10715 0 97802 97802 0 0 0 51377 32855 18522 159894 70059 64421 5638 0 0 89835 -18682 20863 0 87654
"198704" 171736 8494 0 107423 107423 0 0 0 55819 34073 21746 171736 79743 72496 7247 0 0 91993 -23924 15137 0 100780
"198801" 178734 9620 0 105035 105035 0 0 0 64079 38721 25358 178734 95760 88003 7757 0 0 82974 -31681 17388 0 97267
"198802" 204216 12300 0 122047 122047 0 0 0 69869 42946 26923 204216 106823 99875 6948 0 0 97393 -36954 22747 0 111600
"198803" 196356 9080 0 112438 112438 0 0 0 74838 45603 29235 196356 116098 108579 7519 0 0 80258 -41260 16307 0 105211
"198804" 203341 12513 0 115455 115455 0 0 0 75373 46871 28502 203341 117780 111597 6183 0 0 85561 -42407 23173 0 104795
"198901" 206143 11107 0 113438 113438 0 0 0 81598 50758 30840 206143 127701 121325 6376 0 0 78442 -46103 20362 0 104183
"198902" 224459 14074 0 129314 129314 0 0 0 81071 49358 31713 224459 129182 122587 6595 0 0 95277 -48111 26296 0 117092
"198903" 223186 12973 0 130943 130943 0 0 0 79270 47152 32118 223186 127796 119839 7957 0 0 95390 -48526 24094 0 119822
"198904" 218640 20557 0 120252 120252 0 0 0 77831 49482 28349 218640 130273 125416 4857 0 0 88367 -52442 39261 0 101548
"199001" 242885 23567 0 142807 142807 0 0 0 76511 46650 29861 242885 129012 122136 6876 0 0 113873 -52501 45280 0 121094
"199002" 258813 27534 0 154125 154125 0 0 0 77154 44250 32904 258813 130233 120253 9980 0 0 128580 -53079 53214 0 128445
"199003" 258340 34470 0 142996 142996 0 0 0 80874 50083 30791 258340 142040 133988 8052 0 0 116300 -61166 67085 0 110381
"199004" 235562 36629 0 117503 117503 0 0 0 81430 47640 33790 235562 147105 139384 7721 0 0 88457 -65675 71403 0 82729
"199101" 239430 37688 0 119794 119794 0 0 0 81948 46732 35216 239430 150713 141724 8989 0 0 88717 -68765 72021 0 85461
"199102" 239918 43673 0 116506 116506 0 0 0 79739 42634 37105 239918 145390 133434 11956 0 0 94528 -65651 79494 0 80685
"199103" 238543 51157 0 102283 102283 0 0 0 85103 44470 40633 238543 144300 131142 13158 0 0 94243 -59197 90020 0 63420
"199104" 268378 54087 0 122571 122571 0 0 0 91720 47233 44487 268378 143119 128449 14670 0 0 125259 -51399 102937 0 73721
"199201" 291035 62668 0 130987 130987 0 0 0 97380 47688 49692 291035 160199 141820 18379 0 0 130836 -62819 117992 0 75663
"199202" 291880 59004 0 128539 128539 0 0 0 104337 51548 52789 291880 169419 149853 19566 0 0 122461 -65082 109332 0 78211
"199203" 318379 77101 0 130501 130501 0 0 0 110777 51706 59071 318379 172404 149205 23199 0 0 145975 -61627 144268 0 63334
"199204" 327430 80913 0 131750 131750 0 0 0 114767 51104 63663 327430 168575 142214 26361 0 0 158855 -53808 153534 0 59129
"199301" 299994 81145 0 106980 105980 1000 0 0 111869 41999 69870 299994 170333 135791 34542 0 0 129661 -58464 159684 0 28441
"199302" 297607 82870 0 100674 98674 2000 0 0 114063 38059 76004 297607 175273 138502 36771 0 0 122334 -61210 163491 0 20053
"199303" 330573 92162 0 115098 112098 3000 0 0 123313 44070 79243 330573 175898 135987 39911 0 0 154675 -52585 177918 0 29342
"199304" 331076 95810 0 109884 105884 4000 0 0 125382 44541 80841 331076 180259 140298 39961 0 0 150817 -54877 197105 0 8589
"199401" 346758 104485 0 107816 102816 5000 0 0 134457 43630 90827 346758 200705 148053 52652 0 0 146053 -66248 206857 0 5444
"199402" 337034 106020 0 93536 81536 12000 0 0 137478 46560 90918 337034 201928 144974 56954 0 0 135106 -64450 222245 0 -22689
"199403" 353303 121939 0 94102 81602 12500 0 0 137262 41396 95866 353303 209674 146236 63438 0 0 143629 -72412 233742 0 -17701
"199404" 356472 108880 0 106617 92617 14000 0 0 140975 44072 96903 356472 211040 151058 59982 0 0 145432 -70065 221668 0 -6171
"199501" 373016 112597 0 104894 90894 14000 0 0 155525 50226 105299 373016 233784 160629 73155 0 0 139232 -78259 233510 0 -16019
"199502" 370393 109201 0 100855 84855 16000 0 0 160337 52251 108086 370393 243416 164733 78683 0 0 126977 -83079 214687 0 -4631
"199503" 379055 108327 0 103991 83991 20000 0 0 166737 51329 115408 379055 254083 171292 82791 0 0 124972 -87346 211925 0 393
"199504" 365747 110128 0 90133 65456 23750 927 0 165486 50734 114752 365747 248600 164221 84379 0 0 117147 -82187 216174 0 -16840
"199601" 418769 128199 0 111268 82694 27281 1293 0 179302 52693 126609 418769 261249 159084 102165 0 0 157520 -80654 242572 0 -4398
"199602" 437107 139025 0 107472 74813 31000 1659 0 190610 52851 137759 437107 281977 176413 105564 0 0 155130 -89708 249460 0 -4622
"199603" 472128 151436 0 116454 79114 35313 2027 0 204238 59431 144807 472128 290773 181973 108800 0 0 181355 -84508 265248 0 615
"199604" 511384 175724 0 104934 65994 36548 2392 0 230726 64468 166258 511384 312363 198763 113600 0 0 199021 -79245 276062 0 2204
"199701" 565359 185526 0 120048 82839 34559 2650 0 259785 79358 180427 565359 348033 223011 125022 0 0 217326 -85598 291354 0 11570
"199702" 566053 193578 0 116041 77559 35575 2907 0 256434 74288 182146 566053 349231 224937 124294 0 0 216822 -89890 337251 0 -30539
"199703" 602126 200531 0 125208 86901 35144 3163 0 276387 82895 193492 602126 362471 225305 137166 0 0 239655 -77352 334254 0 -17247
"199704" 651417 213433 0 157903 121355 33127 3421 0 280081 78803 201278 651417 372620 228456 144164 0 0 278797 -81163 333272 0 26688
"199801" 714256 229167 0 173410 140191 29600 3619 0 311679 87532 224147 714256 410315 248224 162091 0 0 303941 -85599 354101 0 35439
"199802" 742477 253915 0 180806 140341 36530 3935 0 307756 79295 228461 742477 409062 240801 168261 0 0 333415 -82047 382549 0 32913
"199803" 778492 287170 0 166145 123018 38988 4139 0 325177 89468 235709 778492 416273 240752 175521 0 0 362219 -69225 417619 0 13825
"199804" 793574 309095 0 157157 115212 37595 4350 0 327322 90559 236763 793574 412588 234434 178154 0 0 380986 -59528 403253 0 37261
"199901" 860355 326500 0 169142 134708 29750 4684 0 364713 89790 274923 860355 457108 242914 214194 0 0 403247 -42230 359947 0 85530
"199902" 913502 343145 0 201052 158270 37209 5573 0 369305 88473 280832 913502 447510 222238 225272 0 0 465992 -17698 375343 0 108347
"199903" 943086 364368 0 193421 157289 29847 6285 0 385297 102479 282818 943086 459591 235698 223893 0 0 483495 -1977 397233 0 88239
"199904" 1066554 400504 0 270322 229736 33771 6815 0 395728 93031 302697 1066554 504181 268646 235535 0 0 562373 -8493 419533 0 151333
"200001" 1087887 400843 0 272246 240878 23783 7585 0 414798 114567 300231 1087887 507495 276352 231143 0 0 580392 5483 443885 0 131024
"200002" 1138819 395458 0 321999 282517 31129 8353 0 421362 114542 306820 1138819 516008 278918 237090 0 0 622811 5708 467468 0 149635
"200003" 1126719 412666 0 291055 258184 23919 8952 0 422998 119921 303077 1126719 508261 273579 234682 0 0 618458 5937 470575 0 141946
"200004" 1165017 429004 0 293589 259186 24919 9484 0 442424 138669 303755 1165017 502588 265111 237477 0 0 662429 6557 508183 0 147689
"200101" 1321935 490650 0 346517 292468 44600 9449 0 484768 134244 350524 1321935 655440 406555 248885 0 0 666495 7481 487825 0 171189
"200102" 1181282 511660 0 215668 156988 49272 9408 0 453954 126241 327713 1181282 544487 289032 255455 0 0 636795 7621 542442 0 86732
"200103" 1138073 542912 0 168198 98651 60160 9387 0 426963 109261 317702 1138073 508184 253976 254208 0 0 629889 7721 559816 0 62352
"200104" 1258740 583511 0 238774 158635 70768 9371 0 436455 108718 327737 1258740 531916 272239 259677 0 0 726824 7677 578290 0 140857
"200201" 1212065 563065 0 201254 109801 82320 9133 0 447746 102208 345538 1212065 535874 253782 282092 0 0 676191 7789 583947 0 84455
"200202" 1180261 563859 0 153146 74299 70001 8846 0 463256 123404 339852 1180261 517343 236655 280688 0 0 662918 7704 597083 0 58131
"200203" 1176566 519263 0 204678 128760 67269 8649 0 452625 116654 335971 1176566 501763 221056 280707 0 0 674803 7748 600208 0 66847
"200204" 1188677 552582 0 160892 96264 56415 8213 0 475203 127291 347912 1188677 521211 231066 290145 0 0 667466 7327 575410 0 84729
"200301" 1142240 491216 0 167558 86862 72689 8007 0 483466 127473 355993 1142240 546316 253764 292552 0 0 595924 7471 567683 0 20770
"200302" 1158145 512620 0 167340 75459 84075 7806 0 478185 126110 352075 1158145 508640 208753 299887 0 0 649505 7446 628946 0 13113
"200303" 1187840 541561 0 174404 68670 98124 7610 0 471875 122928 348947 1187840 493839 193189 300650 0 0 694001 7450 672720 0 13831
"200304" 1172071 488110 0 190608 71970 111347 7291 0 493353 134697 358656 1172071 518052 212528 305524 0 0 654019 7552 677967 0 -31500
"200401" 1204733 439164 0 240080 128876 103963 7241 0 525489 158950 366539 1204733 533638 222799 310839 0 0 671095 7710 740154 0 -76769
"200402" 1121806 416508 0 209891 109465 93284 7142 0 495407 136478 358929 1121806 510447 202024 308423 0 0 611359 7700 735986 0 -132327
"200403" 1143517 419161 0 220030 114471 98502 7057 0 504326 151060 353266 1143517 498482 193621 304861 0 0 645035 7699 741355 0 -104019
"200404" 1183585 384054 0 264695 160887 96847 6961 0 534836 167746 367090 1183585 515117 197369 317748 0 0 668468 7828 764829 0 -104189
"200501" 1221125 377816 0 296381 179718 108926 7737 0 546928 169130 377798 1221125 546764 225288 321476 0 0 674361 8002 819503 0 -153144
"200502" 1250570 366909 0 301872 196856 96344 8672 0 581789 184756 397033 1250570 599723 270253 329470 0 0 650847 8049 891042 0 -248244
"200503" 1287363 379762 0 322196 229703 83069 9424 0 585405 189781 395624 1287363 595512 266517 328995 0 0 691851 8053 983452 0 -299654
"200504" 1341214 421104 0 317359 239284 67472 10603 0 602751 188781 413970 1341214 619858 274517 345341 0 0 721356 8413 939712 0 -226769
"200601" 1402527 419723 0 348495 262247 75000 11248 0 634309 212905 421404 1402527 643341 295916 347425 0 0 759186 8689 1015435 0 -264938
"200602" 1393284 421233 0 327433 250183 65137 12113 0 644618 214981 429637 1393284 655559 301230 354329 0 0 737725 8838 1130239 0 -401352
"200603" 1445040 467629 0 338402 254215 71420 12767 0 639009 211805 427204 1445040 639350 282862 356488 0 0 805690 8844 1220500 0 -423654
"200604" 1461095 462983 0 363510 289082 60376 14052 0 634602 197338 437264 1461095 648195 281241 366954 0 0 812900 9022 1242303 0 -438425
"200701" 1589775 520718 0 385476 299819 69586 16071 0 683581 231086 452495 1589775 718508 354684 363824 0 0 871267 9172 1377134 0 -515039
"200702" 1682873 535221 0 452577 375035 59324 18218 0 695075 240738 454337 1682873 725730 361857 363873 0 0 957143 9322 1436481 0 -488660
"200703" 1818535 700610 0 416818 212085 185189 19544 0 701107 225287 475820 1818535 739257 351249 388008 0 0 1079278 9472 1415113 0 -345307
"200704" 1848623 790599 0 306550 115772 170000 20778 0 751474 241003 510471 1848623 786434 367951 418483 0 0 1062189 9622 1240242 0 -187675
"200801" 2083501 931414 0 408752 116867 267236 24649 0 743335 240432 502903 2083501 777603 366267 411336 0 0 1305898 9772 1369083 0 -72957
"200802" 2228522 912998 0 578585 166270 384503 27812 0 736939 237281 499658 2228522 780531 336060 415643 28828 0 1447991 9922 1359654 0 78415
"200803" 2302205 900336 0 708242 116182 556709 35351 0 693627 192610 501017 2302205 799288 277600 431617 90071 0 1502917 10072 1136864 0 355981
"200804" 2854900 1061467 0 999896 296757 667255 35884 0 793537 276634 516903 2854900 1252855 388033 419895 444927 0 1602045 10222 887010 0 704813
"200901" 2840420 1056596 100 981398 256972 692895 31531 0 802326 269335 532991 2840420 1165698 358594 443342 363662 100 1674722 10372 802182 0 862168
"200902" 2597111 990280 100 869123 154834 686108 28181 0 737608 224457 513151 2597111 966468 305953 436663 223752 100 1630643 10522 843665 0 776456
"200903" 2454025 943890 100 808852 82949 700350 25553 0 701183 199120 502063 2454025 834952 255474 438194 141184 100 1619073 10672 889216 0 719185
"200904" 2442485 911947 103 780695 44313 710249 26133 25106 724634 200911 523723 2442485 818818 263743 457787 95300 1988 1623667 10822 856823 1788 754234
"201001" 2316516 778744 104 801447 62991 711596 26860 25416 710805 186867 523938 2316516 790358 228531 466805 90205 4817 1526158 10972 843309 4220 667657
"201002" 2265605 709862 105 864691 106322 730168 28201 25733 665214 150402 514812 2265605 752103 192972 466569 84974 7588 1513502 11122 758810 6152 737418
"201003" 2271423 707460 106 840014 105693 704661 29661 26057 697786 177067 520719 2271423 757591 203345 469883 76299 8064 1513832 11273 790552 7112 704895
