"DATES" "FL654090005.Q" "FL652050003.Q" "FL654004005.Q" "FL653069100.Q" "FL653061105.Q" "FL653061703.Q" "FL653062003.Q" "FL653063005.Q" "FL653069803.Q" "FL653064100.Q" "FL653093003.Q" "FL654090005.Q"
"195201" 3612 77 501 77 137 0 0 287 0 3034 0 3612
"195202" 3696 66 510 66 141 0 0 303 0 3120 0 3696
"195203" 3837 60 516 60 144 0 0 312 0 3261 0 3837
"195204" 3932 67 539 67 130 0 0 342 0 3326 0 3932
"195301" 3867 70 542 70 140 0 0 332 0 3255 0 3867
"195302" 3778 61 520 61 134 0 0 325 0 3197 0 3778
"195303" 3753 59 524 59 141 0 0 324 0 3170 0 3753
"195304" 4146 78 547 78 129 0 0 340 0 3521 0 4146
"195401" 4512 74 595 74 148 0 0 373 0 3843 0 4512
"195402" 4895 69 608 69 137 0 0 402 0 4218 0 4895
"195403" 5469 72 648 72 143 0 0 433 0 4749 0 5469
"195404" 6110 78 671 78 154 0 0 439 0 5361 0 6110
"195501" 6525 95 677 95 152 0 0 430 0 5753 0 6525
"195502" 7186 92 728 92 179 0 0 457 0 6366 0 7186
"195503" 7257 104 795 104 233 0 0 458 0 6358 0 7257
"195504" 7839 92 820 92 255 0 0 473 0 6927 0 7839
"195601" 8555 135 916 135 238 0 0 543 0 7504 0 8555
"195602" 8613 99 826 99 221 0 0 506 0 7688 0 8613
"195603" 8506 120 1025 120 265 0 0 640 0 7361 0 8506
"195604" 9046 108 1051 108 276 0 0 667 0 7887 0 9046
"195701" 9106 121 1094 121 280 0 0 693 0 7891 0 9106
"195702" 9687 126 1191 126 292 0 0 773 0 8370 0 9687
"195703" 9001 119 1166 119 291 0 0 756 0 7716 0 9001
"195704" 8714 123 1180 123 277 0 0 780 0 7411 0 8714
"195801" 9463 153 1298 153 314 0 0 831 0 8012 0 9463
"195802" 10610 183 1478 183 401 0 0 894 0 8949 0 10610
"195803" 11791 172 1477 172 356 0 0 949 0 10142 0 11791
"195804" 13242 117 1453 117 401 0 0 935 0 11672 0 13242
"195901" 14132 149 1528 149 432 0 0 947 0 12455 0 14132
"195902" 14973 151 1562 151 432 0 0 979 0 13260 0 14973
"195903" 14747 187 1699 187 517 0 0 995 0 12861 0 14747
"195904" 15818 152 1799 152 556 0 0 1091 0 13867 0 15818
"196001" 15312 180 1848 180 605 0 0 1063 0 13284 0 15312
"196002" 16097 189 1919 189 615 0 0 1115 0 13989 0 16097
"196003" 15640 209 2006 209 608 0 0 1189 0 13425 0 15640
"196004" 17026 177 2043 177 619 0 0 1247 0 14806 0 17026
"196101" 19440 240 2091 240 539 0 0 1312 0 17109 0 19440
"196102" 20003 203 2036 203 511 0 0 1322 0 17764 0 20003
"196103" 21007 256 2160 256 549 0 0 1355 0 18591 0 21007
"196104" 22875 174 2449 174 688 0 0 1587 0 20252 0 22875
"196201" 23048 316 2420 316 652 0 0 1452 0 20312 0 23048
"196202" 18436 254 2358 254 511 0 0 1593 0 15824 0 18436
"196203" 19088 273 2600 273 789 0 0 1538 0 16215 0 19088
"196204" 21271 289 2643 289 737 0 0 1617 0 18339 0 21271
"196301" 22549 316 2646 316 718 0 0 1612 0 19587 0 22549
"196302" 23693 289 2487 289 589 0 0 1609 0 20917 0 23693
"196303" 24496 286 2719 286 728 0 0 1705 0 21491 0 24496
"196304" 25215 307 2823 307 728 0 0 1788 0 22085 0 25215
"196401" 26881 290 2894 290 823 0 0 1781 0 23697 0 26881
"196402" 27682 334 3092 334 831 0 0 1927 0 24256 0 27682
"196403" 29131 263 3175 263 911 0 0 2001 0 25693 0 29131
"196404" 29116 281 3197 281 767 0 0 2149 0 25638 0 29116
"196501" 30465 387 3545 387 824 0 0 2334 0 26533 0 30465
"196502" 30037 405 3449 405 638 0 0 2406 0 26183 0 30037
"196503" 32825 438 3822 438 912 0 0 2472 0 28565 0 32825
"196504" 35220 496 3861 496 811 0 0 2554 0 30863 0 35220
"196601" 36173 493 4308 493 1055 0 0 2760 0 31372 0 36173
"196602" 35429 583 4578 583 1171 0 0 2824 0 30268 0 35429
"196603" 32224 794 4950 794 1449 0 0 2707 0 26480 0 32224
"196604" 34829 767 5119 767 1437 0 0 2915 0 28943 0 34829
"196701" 39280 733 4835 733 1217 0 0 2885 0 33712 0 39280
"196702" 40429 801 4363 801 902 0 0 2660 0 35265 0 40429
"196703" 43249 775 4145 775 694 0 0 2676 0 38329 0 43249
"196704" 44308 823 4309 823 921 0 0 2565 0 39176 0 44308
"196801" 41949 1376 4918 1376 1167 0 0 2375 0 35655 0 41949
"196802" 47493 1113 4326 1113 1047 0 0 2166 0 42054 0 47493
"196803" 49914 1171 4654 1171 1405 0 0 2078 0 44089 0 49914
"196804" 51232 1022 4128 1022 1143 0 0 1963 0 46082 0 51232
"196901" 50339 1380 5161 1380 1571 0 0 2210 0 43798 0 50339
"196902" 48052 1489 4760 1489 959 0 0 2312 0 41803 0 48052
"196903" 47940 1692 5334 1692 1010 0 0 2632 0 40914 0 47940
"196904" 47588 1586 5145 1586 675 0 0 2884 0 40857 0 47588
"197001" 48369 1785 5589 1785 476 0 0 3328 0 40995 0 48369
"197002" 39201 917 6938 917 2563 0 0 3458 0 31346 0 39201
"197003" 44172 1886 6207 1886 822 0 0 3499 0 36079 0 44172
"197004" 46812 1400 5729 1400 850 0 0 3479 0 39683 0 46812
"197101" 52687 1218 5468 1218 892 0 0 3358 0 46001 0 52687
"197102" 52961 1097 5311 1097 637 0 0 3577 0 46553 0 52961
"197103" 52214 1027 4937 1027 457 0 0 3453 0 46250 0 52214
"197104" 55446 1302 5523 1302 559 0 0 3662 0 48621 0 55446
"197201" 57548 1347 5834 1347 558 0 0 3929 0 50367 0 57548
"197202" 56656 1223 5750 1223 570 0 0 3957 0 49683 0 56656
"197203" 56209 1342 6171 1342 712 0 0 4117 0 48696 0 56209
"197204" 58926 1173 6025 1173 689 0 0 4163 0 51728 0 58926
"197301" 52843 1647 6466 1647 481 0 0 4338 0 44730 0 52843
"197302" 48013 1801 6590 1801 562 0 0 4227 0 39622 0 48013
"197303" 51927 1980 6823 1980 682 0 0 4161 0 43124 0 51927
"197304" 46635 1671 6643 1671 660 0 0 4312 0 38321 0 46635
"197401" 44521 1757 7132 1757 859 0 0 4516 0 35632 0 44521
"197402" 40662 1871 7068 1871 495 0 0 4702 0 31723 0 40662
"197403" 32320 1693 7212 1693 826 0 0 4693 0 23415 0 32320
"197404" 35152 1407 7398 1407 1109 0 0 4882 0 26347 0 35152
"197501" 40968 1543 7453 1543 785 0 0 5125 0 31972 0 40968
"197502" 46061 1345 7619 1345 949 0 0 5325 0 37097 0 46061
"197503" 40876 1076 8030 1076 1493 0 0 5461 0 31770 0 40876
"197504" 43034 1341 8029 1341 1066 0 0 5622 0 33664 0 43034
"197601" 46920 723 7672 723 1435 0 0 5514 0 38525 0 46920
"197602" 47003 742 7624 742 1196 0 23 5663 0 38637 0 47003
"197603" 45799 570 7795 570 1368 0 111 5746 0 37434 0 45799
"197604" 46510 823 8405 823 1086 0 525 5971 0 37282 0 46510
"197701" 43037 790 9243 790 1368 0 984 6101 0 33004 0 43037
"197702" 46401 1167 10838 1167 1985 0 1403 6283 0 34396 0 46401
"197703" 45617 1360 11807 1360 1740 0 1875 6832 0 32450 0 45617
"197704" 45491 1335 12290 1335 1763 0 2155 7037 0 31866 0 45491
"197801" 44493 1788 13090 1788 1833 0 2587 6882 0 29615 0 44493
"197802" 46687 1815 13025 1815 1818 0 2640 6752 0 31847 0 46687
"197803" 48619 1429 12593 1429 1748 0 2783 6633 0 34597 0 48619
"197804" 46050 1883 12508 1883 1584 0 2683 6358 0 31659 0 46050
"197901" 47697 1842 13179 1842 1722 0 3013 6602 0 32676 0 47697
"197902" 48943 1844 14194 1844 1502 0 3660 7188 0 32905 0 48943
"197903" 51166 1925 14585 1925 1379 0 4069 7212 0 34656 0 51166
"197904" 51789 1808 14545 1808 1536 0 4039 7162 0 35436 0 51789
"198001" 47052 1936 14211 1936 1679 0 3654 6942 0 30905 0 47052
"198002" 52395 1710 16506 1710 2592 0 4169 8035 0 34179 0 52395
"198003" 58226 2157 17136 2157 1939 0 4439 8601 0 38933 0 58226
"198004" 61809 2306 17057 2306 1853 0 4420 8478 0 42446 0 61809
"198101" 62207 1764 17830 1764 2651 0 4730 8685 0 42613 0 62207
"198102" 62444 2031 18888 2031 2363 0 5010 9484 0 41525 0 62444
"198103" 56895 2149 19102 2149 2443 0 5035 9475 0 35644 0 56895
"198104" 59842 2233 20184 2233 2775 0 5102 10074 0 37425 0 59842
"198201" 57582 2289 20866 2289 3512 0 5487 9578 0 34427 0 57582
"198202" 58968 2546 21916 2546 3895 0 5924 9551 0 34506 0 58968
"198203" 66340 2125 23773 2125 4594 0 6757 10297 0 40442 0 66340
"198204" 76852 2074 25360 2074 5087 0 7972 10227 0 49418 0 76852
"198301" 88829 2685 28234 2685 4611 349 9715 10874 0 57910 0 88829
"198302" 105428 2989 31653 2989 5170 852 10862 11780 0 70786 0 105428
"198303" 108621 2947 32722 2947 4395 1192 12216 11972 0 72952 0 108621
"198304" 112121 2855 34910 2855 4059 1620 13424 12952 0 74356 0 112121
"198401" 115625 934 42620 7351 4762 2307 15008 13192 0 72071 0 115625
"198402" 116949 976 45953 8288 5352 3110 15939 13264 0 70020 0 116949
"198403" 130023 1349 51208 9918 6209 4298 17578 13205 0 77466 0 130023
"198404" 135610 1153 53852 8471 6609 5422 19113 14237 0 80605 0 135610
"198501" 155269 1111 66289 7773 12016 9389 21754 15357 0 87869 0 155269
"198502" 179853 893 80736 8312 16628 12364 25987 17445 0 98224 0 179853
"198503" 198848 1237 96890 9413 23199 16402 29294 18582 0 100721 0 198848
"198504" 245911 1257 129935 7945 38816 26082 34904 22188 0 113719 1000 245911
"198601" 308737 1979 164323 12683 47685 34373 42813 26769 0 140903 1532 308737
"198602" 348453 2121 193638 12194 56230 43480 48791 32943 0 150750 1944 348453
"198603" 382028 2088 229503 13236 66261 54970 58207 36829 0 148119 2318 382028
"198604" 426494 2751 259858 15844 71245 63382 66960 42427 0 161210 2675 426494
"198701" 500753 3633 297863 19608 83090 71742 76597 46826 0 195885 3372 500753
"198702" 534895 3761 307962 19808 89068 74608 76742 47736 0 220569 2603 534895
"198703" 548617 4577 306077 23587 87114 70764 76633 47979 0 233732 4231 548617
"198704" 480185 3588 291133 19483 84051 66205 74827 46567 0 181659 3805 480185
"198801" 508509 5270 304385 29254 84598 66533 76319 47681 0 194448 4406 508509
"198802" 507531 4216 301383 23522 84534 66379 78682 48266 0 197815 4117 507531
"198803" 500342 5213 304124 28807 82508 64686 80343 47780 0 187626 3379 500342
"198804" 500525 4921 304468 28619 80271 62833 82946 49799 0 187618 3518 500525
"198901" 508503 4980 304977 28168 78355 61502 86651 50301 0 194346 4200 508503
"198902" 537282 5500 312350 30208 77392 60915 91584 52251 0 214232 5200 537282
"198903" 567209 5155 319637 30030 79444 62706 94850 52607 0 236217 6200 567209
"198904" 589561 4762 327167 28022 81425 64452 98644 54624 0 250505 7127 589561
"199001" 578579 5309 333620 27904 82411 66067 102217 55021 0 232150 7500 578579
"199002" 618068 5777 344612 27787 83963 68181 106365 58316 0 259679 8000 618068
"199003" 577048 6924 348916 28716 83919 69035 109213 58033 0 212708 8500 577048
"199004" 608355 6142 360096 28485 87108 72592 112590 59321 0 233241 8876 608355
"199101" 668086 7278 375121 28061 88670 75936 117529 64925 0 277187 8500 668086
"199102" 688938 6891 394495 27207 91001 80106 123750 72431 0 279152 8400 688938
"199103" 753266 7134 426246 26238 98649 89285 132088 79986 0 311586 8300 753266
"199104" 769485 12193 440215 12193 103900 96683 139740 87699 0 308920 8157 769485
"199201" 810091 20105 461672 20105 99750 101411 142612 97794 0 327801 513 810091
"199202" 876790 23515 498527 23515 104268 115823 148722 106199 0 352223 2525 876790
"199203" 915815 26781 535291 26781 105990 128820 159511 114189 0 351272 2471 915815
"199204" 992537 21899 566375 21899 110430 146969 168394 118683 0 401256 3007 992537
"199301" 1080846 29014 606684 29014 113082 149293 182487 132808 0 441510 3638 1080846
"199302" 1172808 30383 646958 30383 119351 156296 194928 146000 0 493826 1641 1172808
"199303" 1278067 31473 691061 31473 130917 170043 201700 156928 0 553952 1581 1278067
"199304" 1375386 38698 725915 38698 134006 172635 211289 169287 0 607439 3334 1375386
"199401" 1414213 45438 733780 45438 131384 168680 212128 176150 0 631782 3213 1414213
"199402" 1445412 46744 747779 46744 132815 169932 220328 177960 0 648317 2572 1445412
"199403" 1515754 52893 741827 52893 129893 165615 216711 176715 0 716382 4652 1515754
"199404" 1477349 43138 718790 43138 130461 165762 206987 172442 0 709550 5871 1477349
"199501" 1553285 44059 719315 44059 131764 164757 206083 172652 0 784267 5644 1553285
"199502" 1661009 42584 724845 42584 133027 163670 205439 180125 0 886247 7333 1661009
"199503" 1782014 43098 739190 43098 137052 165894 206132 187014 0 991705 8021 1782014
"199504" 1852752 50234 771251 50234 143835 171293 210188 185531 10170 1024932 6335 1852752
"199601" 1996986 46409 795919 49409 143944 184936 212127 195134 10369 1149604 5054 1996986
"199602" 2129932 49810 809026 49810 138653 192319 212630 205046 10568 1263009 8087 2129932
"199603" 2211611 56144 818343 56144 131611 197442 212958 209421 10767 1334077 3047 2211611
"199604" 2342369 47512 820169 47152 125824 204414 213310 218503 10966 1470007 4681 2342369
"199701" 2410631 53296 838544 53296 128603 206974 214231 223616 11824 1513437 5354 2410631
"199702" 2717543 58687 861255 58687 131150 209081 215095 234560 12682 1790588 7013 2717543
"199703" 2973616 59404 890426 59404 136134 214961 217986 248400 13541 2015836 7950 2973616
"199704" 2989385 57801 901089 57801 136383 213309 219760 259437 14399 2018682 11813 2989385
"199801" 3339314 51271 939956 51916 141816 225289 224581 281389 14965 2340041 8046 3339314
"199802" 3438423 66922 979083 66922 140193 226258 231195 298641 15874 2387468 4950 3438423
"199803" 3137280 80276 1005879 80276 140475 230378 234068 304223 16459 2044521 6604 3137280
"199804" 3613143 70912 1028381 70912 140952 234911 242576 321966 17064 2506188 7662 3613143
"199901" 3759243 73026 1053863 73026 137281 247251 247358 331494 17453 2618992 13362 3759243
"199902" 4044234 75607 1087301 75607 135562 264553 250014 343076 18489 2875939 5387 4044234
"199903" 3932396 74871 1086026 74871 126893 269142 247546 348259 19315 2766488 5011 3932396
"199904" 4538494 80837 1076779 80837 117289 271073 239400 348246 19934 3376728 4150 4538494
"200001" 4824055 82619 1058437 82619 115617 264706 232001 342312 21182 3680075 2924 4824055
"200002" 4718300 95505 1073616 95505 119330 270656 227558 338141 22426 3546550 2629 4718300
"200003" 4780828 102292 1090051 102292 122106 274349 228301 339606 23397 3584967 3518 4780828
"200004" 4433065 99620 1103083 99620 127442 283655 230431 337677 24258 3226855 3507 4433065
"200101" 3987136 83282 1120733 83282 122172 302645 235858 354712 22064 2781817 1304 3987136
"200102" 4257992 81385 1165696 77736 120588 334599 239910 373447 19416 3009882 1029 4257992
"200103" 3753210 76206 1191799 76206 113585 355766 245420 382830 17992 2484167 1038 3753210
"200104" 4135365 70744 1229705 70744 117600 368340 252991 403077 16953 2834005 911 4135365
"200201" 4244779 83393 1280692 79251 121624 380945 257517 424297 17058 2879422 1272 4244779
"200202" 3925081 78198 1295914 59866 123761 387636 265312 442154 17185 2549659 1310 3925081
"200203" 3450716 74671 1336480 56177 130362 408311 275424 448934 17272 2038401 1164 3450716
"200204" 3638375 81607 1368445 63076 134846 422357 277264 453437 17465 2187374 949 3638375
"200301" 3588246 81535 1416005 62976 142911 435222 282815 474866 17215 2089030 1676 3588246
"200302" 4072412 82570 1481432 64199 152244 452061 292327 503629 16972 2506659 1751 4072412
"200303" 4244497 84028 1478749 65715 147088 444176 289859 515174 16737 2678574 3146 4244497
"200304" 4654181 94475 1506428 76213 144195 447513 290199 531953 16355 3051320 1958 4654181
"200401" 4912118 90109 1559077 71933 149021 462628 300496 557159 17840 3257518 5414 4912118
"200402" 4966333 90635 1559077 72473 149416 463865 289985 562650 20688 3312445 4176 4966333
"200403" 4983326 105111 1586935 86697 147741 458619 292607 578098 23173 3286131 5149 4983326
"200404" 5436259 112599 1623014 94221 149034 462671 294305 596808 25975 3693633 7013 5436259
"200501" 5471613 124106 1669320 105561 151523 470470 301033 612510 28223 3669922 8265 5471613
"200502" 5595743 119802 1697345 101361 152499 473527 305653 633377 30928 3770557 8039 5595743
"200503" 5874407 115183 1719573 96878 152061 472156 312650 652722 33106 4029819 9832 5874407
"200504" 6048853 115404 1747072 97136 155658 483423 311659 662676 36520 4175670 10707 6048853
"200601" 6463849 127091 1805406 108748 157271 488476 321539 691020 38352 4516960 14392 6463849
"200602" 6419311 133745 1839469 115299 157512 489230 328100 708520 40808 4432549 13548 6419311
"200603" 6627904 138996 1874014 120550 157126 488023 333071 732578 42666 4599445 15449 6627904
"200604" 7068292 132772 1931997 114524 160668 499115 344385 766984 46321 4989564 13959 7068292
"200701" 7328692 125790 2005424 107669 166176 516366 358884 799181 57148 5181104 16374 7328692
"200702" 7805235 128641 2093454 110580 171492 533017 370072 839633 68660 5566357 16783 7805235
"200703" 7989334 128641 2141606 110637 172320 543875 371322 867683 75769 5701308 17779 7989334
"200704" 7828984 132178 2203139 114093 179178 565354 372183 889942 82389 5476896 16771 7828984
"200801" 7336357 135960 2256723 117678 182674 576306 380136 914361 85568 4923575 20099 7336357
"200802" 7412256 149612 2356558 131165 188309 593957 393371 961591 88165 4888776 17310 7412256
"200803" 6614282 144130 2340871 89034 191336 603440 399099 963606 94356 4110348 18933 6614282
"200804" 5435286 124730 2276447 51588 187905 592694 389587 959881 94792 3014128 19981 5435286
"200901" 5107780 103561 2319887 31772 193043 588129 406772 1004794 95377 2668290 16042 5107780
"200902" 5856859 121613 2435950 49283 202241 616941 430724 1040935 95826 3282037 17259 5856859
"200903" 6625356 136359 2539984 63921 214622 635058 459026 1071178 96179 3930013 19000 6625356
"200904" 6961579 153295 2657175 80192 255499 639126 480171 1106086 96101 4136233 14876 6961579
"201001" 7295032 150059 2784855 77418 269921 684300 501480 1155733 96003 4351832 8286 7295032
"201002" 6764196 127551 2834294 55854 278341 710672 514199 1179410 95818 3799518 2833 6764196
"201003" 7376226 138778 2967742 66924 292665 755539 532750 1224246 95618 4266883 2823 7376226
