"DATES" "FL554090005.Q" "FL554004005.Q" "FL553061103.Q" "FL553062003.Q" "FL553063003.Q" "FL553064103.Q" "FL554090005.Q" "FL564090005.Q" "FL564004005.Q" "FL563061103.Q" "FL563062003.Q" "FL563063003.Q" "FL563064103.Q" "FL564090005.Q"
"195201" 2267 453 113 0 340 1814 2267 0 0 0 0 0 0 0
"195202" 2344 469 117 0 352 1875 2344 0 0 0 0 0 0 0
"195203" 2424 485 121 0 364 1939 2424 0 0 0 0 0 0 0
"195204" 2500 500 125 0 375 2000 2500 0 0 0 0 0 0 0
"195301" 2575 515 129 0 386 2060 2575 0 0 0 0 0 0 0
"195302" 2650 530 132 0 398 2120 2650 0 0 0 0 0 0 0
"195303" 2725 545 136 0 409 2180 2725 0 0 0 0 0 0 0
"195304" 2800 560 140 0 420 2240 2800 0 0 0 0 0 0 0
"195401" 2873 575 144 0 431 2298 2873 0 0 0 0 0 0 0
"195402" 2943 589 147 0 442 2354 2943 0 0 0 0 0 0 0
"195403" 3016 603 151 0 452 2413 3016 0 0 0 0 0 0 0
"195404" 3100 620 155 0 465 2480 3100 0 0 0 0 0 0 0
"195501" 3192 638 160 0 478 2554 3192 0 0 0 0 0 0 0
"195502" 3294 659 165 0 494 2635 3294 0 0 0 0 0 0 0
"195503" 3399 680 170 0 510 2719 3399 0 0 0 0 0 0 0
"195504" 3500 700 175 0 525 2800 3500 0 0 0 0 0 0 0
"195601" 3598 720 180 0 540 2878 3598 0 0 0 0 0 0 0
"195602" 3693 739 185 0 554 2954 3693 0 0 0 0 0 0 0
"195603" 3791 758 190 0 568 3033 3791 0 0 0 0 0 0 0
"195604" 3900 780 195 0 585 3120 3900 0 0 0 0 0 0 0
"195701" 4016 803 201 0 602 3213 4016 0 0 0 0 0 0 0
"195702" 4139 828 207 0 621 3311 4139 0 0 0 0 0 0 0
"195703" 4267 853 213 0 640 3414 4267 0 0 0 0 0 0 0
"195704" 4400 880 220 0 660 3520 4400 0 0 0 0 0 0 0
"195801" 4539 908 227 0 681 3631 4539 0 0 0 0 0 0 0
"195802" 4686 937 234 0 703 3749 4686 0 0 0 0 0 0 0
"195803" 4835 967 242 0 725 3868 4835 0 0 0 0 0 0 0
"195804" 4980 996 249 0 747 3984 4980 0 0 0 0 0 0 0
"195901" 5119 1075 269 0 806 4044 5119 0 0 0 0 0 0 0
"195902" 5248 1102 289 0 813 4146 5248 0 0 0 0 0 0 0
"195903" 5385 1131 310 0 821 4254 5385 0 0 0 0 0 0 0
"195904" 5546 1165 333 0 832 4381 5546 0 0 0 0 0 0 0
"196001" 5548 1265 359 0 906 4283 5548 0 0 0 0 0 0 0
"196002" 5908 1322 391 0 931 4586 5908 0 0 0 0 0 0 0
"196003" 5841 1373 421 0 952 4468 5841 0 0 0 0 0 0 0
"196004" 6364 1400 445 0 955 4964 6364 0 0 0 0 0 0 0
"196101" 6481 1468 447 0 1021 5013 6481 0 0 0 0 0 0 0
"196102" 6298 1449 441 0 1008 4849 6298 0 0 0 0 0 0 0
"196103" 6178 1421 432 0 989 4757 6178 0 0 0 0 0 0 0
"196104" 6083 1399 426 0 973 4684 6083 0 0 0 0 0 0 0
"196201" 6073 1434 418 0 1016 4639 6073 0 0 0 0 0 0 0
"196202" 5098 1392 406 0 986 3706 5098 0 0 0 0 0 0 0
"196203" 5280 1363 398 0 965 3917 5280 0 0 0 0 0 0 0
"196204" 5739 1377 402 0 975 4362 5739 0 0 0 0 0 0 0
"196301" 6144 1499 420 0 1079 4645 6144 0 0 0 0 0 0 0
"196302" 6556 1614 452 0 1162 4942 6556 0 0 0 0 0 0 0
"196303" 6947 1737 486 0 1251 5210 6947 0 0 0 0 0 0 0
"196304" 7290 1823 510 0 1313 5467 7290 0 0 0 0 0 0 0
"196401" 7528 1957 527 0 1430 5571 7528 0 0 0 0 0 0 0
"196402" 7703 2003 539 0 1464 5700 7703 0 0 0 0 0 0 0
"196403" 7822 2034 548 0 1486 5788 7822 0 0 0 0 0 0 0
"196404" 7890 2051 552 0 1499 5839 7890 0 0 0 0 0 0 0
"196501" 7894 2131 553 0 1578 5763 7894 0 0 0 0 0 0 0
"196502" 7521 2112 547 0 1565 5409 7521 0 0 0 0 0 0 0
"196503" 7719 2084 540 0 1544 5635 7719 0 0 0 0 0 0 0
"196504" 7633 2061 534 0 1527 5572 7633 0 0 0 0 0 0 0
"196601" 7548 2113 528 0 1585 5435 7548 0 0 0 0 0 0 0
"196602" 7437 2082 521 0 1561 5355 7437 0 0 0 0 0 0 0
"196603" 6742 2056 514 0 1542 4686 6742 0 0 0 0 0 0 0
"196604" 7300 2044 511 0 1533 5256 7300 0 0 0 0 0 0 0
"196701" 8000 2117 511 0 1606 5883 8000 0 0 0 0 0 0 0
"196702" 7819 2123 512 0 1611 5696 7819 0 0 0 0 0 0 0
"196703" 7891 2143 517 0 1626 5748 7891 0 0 0 0 0 0 0
"196704" 7549 2189 528 0 1661 5360 7549 0 0 0 0 0 0 0
"196801" 7232 2271 548 0 1723 4961 7232 0 0 0 0 0 0 0
"196802" 8274 2399 579 0 1820 5875 8274 0 0 0 0 0 0 0
"196803" 8598 2522 609 0 1913 6076 8598 0 0 0 0 0 0 0
"196804" 8925 2588 625 0 1963 6337 8925 0 0 0 0 0 0 0
"196901" 8707 2702 630 0 2072 6005 8707 0 0 0 0 0 0 0
"196902" 8696 2699 630 0 2069 5997 8696 0 0 0 0 0 0 0
"196903" 8565 2660 621 0 2039 5905 8565 0 0 0 0 0 0 0
"196904" 8587 2576 601 0 1975 6011 8587 0 0 0 0 0 0 0
"197001" 8077 2423 646 0 1777 5654 8077 0 0 0 0 0 0 0
"197002" 6642 2173 579 0 1594 4469 6642 0 0 0 0 0 0 0
"197003" 5269 1941 518 0 1423 3328 5269 0 0 0 0 0 0 0
"197004" 6141 1842 491 0 1351 4299 6141 0 0 0 0 0 0 0
"197101" 6746 1936 500 0 1436 4810 6746 0 0 0 0 0 0 0
"197102" 7163 2097 541 0 1556 5066 7163 0 0 0 0 0 0 0
"197103" 7778 2287 590 0 1697 5491 7778 0 0 0 0 0 0 0
"197104" 7775 2410 622 0 1788 5365 7775 0 0 0 0 0 0 0
"197201" 8207 2562 641 0 1921 5645 8207 0 0 0 0 0 0 0
"197202" 8227 2601 650 0 1951 5626 8227 0 0 0 0 0 0 0
"197203" 8139 2636 659 0 1977 5503 8139 0 0 0 0 0 0 0
"197204" 8450 2704 676 0 2028 5746 8450 0 0 0 0 0 0 0
"197301" 8780 2897 702 0 2195 5883 8780 0 0 0 0 0 0 0
"197302" 9051 3053 740 0 2313 5998 9051 0 0 0 0 0 0 0
"197303" 9673 3192 774 0 2418 6481 9673 0 0 0 0 0 0 0
"197304" 9855 3252 788 0 2464 6603 9855 0 0 0 0 0 0 0
"197401" 9797 3331 784 0 2547 6466 9797 0 0 0 0 0 0 0
"197402" 9495 3228 760 0 2468 6267 9495 0 0 0 0 0 0 0
"197403" 8349 3111 732 0 2379 5238 8349 0 0 0 0 0 0 0
"197404" 8954 3044 716 0 2328 5910 8954 0 0 0 0 0 0 0
"197501" 10078 3107 710 0 2397 6971 10078 0 0 0 0 0 0 0
"197502" 10675 3106 710 0 2396 7569 10675 0 0 0 0 0 0 0
"197503" 9511 3119 713 0 2406 6392 9511 0 0 0 0 0 0 0
"197504" 8952 3133 716 0 2417 5819 8952 0 0 0 0 0 0 0
"197601" 10051 3258 724 0 2534 6793 10051 0 0 0 0 0 0 0
"197602" 9757 3333 741 0 2592 6424 9757 0 0 0 0 0 0 0
"197603" 9602 3385 752 0 2633 6217 9602 0 0 0 0 0 0 0
"197604" 9319 3355 746 0 2609 5964 9319 0 0 0 0 0 0 0
"197701" 8673 3230 718 0 2512 5443 8673 0 0 0 0 0 0 0
"197702" 8429 2998 666 0 2332 5431 8429 0 0 0 0 0 0 0
"197703" 7694 2770 616 0 2154 4924 7694 0 0 0 0 0 0 0
"197704" 7373 2654 590 0 2064 4719 7373 0 0 0 0 0 0 0
"197801" 7050 2720 588 0 2132 4330 7050 0 0 0 0 0 0 0
"197802" 7297 2811 608 0 2203 4486 7297 0 0 0 0 0 0 0
"197803" 7599 2923 632 0 2291 4676 7599 0 0 0 0 0 0 0
"197804" 8039 2974 643 0 2331 5065 8039 0 0 0 0 0 0 0
"197901" 8056 3061 644 0 2417 4995 8056 0 0 0 0 0 0 0
"197902" 7986 3035 639 0 2396 4951 7986 0 0 0 0 0 0 0
"197903" 7897 3001 632 0 2369 4896 7897 0 0 0 0 0 0 0
"197904" 7855 2985 628 0 2357 4870 7855 0 0 0 0 0 0 0
"198001" 7366 2989 629 0 2360 4377 7366 0 0 0 0 0 0 0
"198002" 7429 3013 634 0 2379 4416 7429 0 0 0 0 0 0 0
"198003" 7471 3029 638 0 2391 4442 7471 0 0 0 0 0 0 0
"198004" 7920 3010 634 0 2376 4910 7920 0 0 0 0 0 0 0
"198101" 8160 3182 621 0 2561 4978 8160 0 0 0 0 0 0 0
"198102" 7874 3064 598 0 2466 4810 7874 0 0 0 0 0 0 0
"198103" 7199 2952 576 0 2376 4247 7199 0 0 0 0 0 0 0
"198104" 7068 2898 565 0 2333 4170 7068 0 0 0 0 0 0 0
"198201" 6982 3187 567 0 2620 3795 6982 0 0 0 0 0 0 0
"198202" 6831 3254 578 0 2676 3577 6831 0 0 0 0 0 0 0
"198203" 7104 3332 592 0 2740 3772 7104 0 0 0 0 0 0 0
"198204" 7488 3370 599 0 2771 4118 7488 0 0 0 0 0 0 0
"198301" 7344 3082 602 0 2480 4262 7344 0 0 0 0 0 0 0
"198302" 7669 3100 603 0 2497 4569 7669 0 0 0 0 0 0 0
"198303" 7593 3142 600 0 2542 4451 7593 0 0 0 0 0 0 0
"198304" 7441 3149 592 0 2557 4292 7441 0 0 0 0 0 0 0
"198401" 7194 3126 575 0 2551 4068 7194 0 0 0 0 0 0 0
"198402" 6987 3133 545 0 2588 3854 6987 0 0 0 0 0 0 0
"198403" 6780 2815 519 0 2296 3965 6780 0 0 0 0 0 0 0
"198404" 6384 2672 512 0 2160 3712 6384 0 0 0 0 0 0 0
"198501" 6866 2943 518 200 2225 3923 6866 0 0 0 0 0 0 0
"198502" 7101 3071 531 400 2140 4030 7101 0 0 0 0 0 0 0
"198503" 7370 3557 559 650 2348 3813 7370 0 0 0 0 0 0 0
"198504" 8280 4070 612 950 2508 4210 8280 0 0 0 0 0 0 0
"198601" 10409 4542 689 1200 2653 5867 10409 0 0 0 0 0 0 0
"198602" 12164 5337 789 1450 3098 6827 12164 0 0 0 0 0 0 0
"198603" 12976 6132 906 1700 3526 6844 12976 0 0 0 0 0 0 0
"198604" 14472 6986 1038 2000 3948 7486 14472 0 0 0 0 0 0 0
"198701" 18309 7587 1285 2241 4061 10722 18309 0 0 0 0 0 0 0
"198702" 20025 7933 1061 2458 4414 12092 20025 0 0 0 0 0 0 0
"198703" 22067 8956 1034 2751 5171 13111 22067 0 0 0 0 0 0 0
"198704" 21346 10967 1604 3271 6092 10379 21346 0 0 0 0 0 0 0
"198801" 25422 14134 2277 3914 7943 11288 25422 0 0 0 0 0 0 0
"198802" 31986 19708 3547 4996 11165 12278 31986 0 0 0 0 0 0 0
"198803" 37918 24682 4418 6175 14089 13236 37918 0 0 0 0 0 0 0
"198804" 43176 28834 4800 7497 16537 14342 43176 0 0 0 0 0 0 0
"198901" 44532 31464 5500 8565 17399 13068 44532 0 0 0 0 0 0 0
"198902" 45834 31645 5989 9426 16230 14189 45834 0 0 0 0 0 0 0
"198903" 50042 34512 6282 11252 16978 15530 50042 0 0 0 0 0 0 0
"198904" 52489 35390 6629 12101 16660 17099 52489 0 0 0 0 0 0 0
"199001" 55110 37898 6651 12923 18324 17212 55110 0 0 0 0 0 0 0
"199002" 53156 36563 6561 12768 17234 16593 53156 0 0 0 0 0 0 0
"199003" 52398 36398 6556 13248 16594 16000 52398 0 0 0 0 0 0 0
"199004" 52880 36692 6830 14121 15741 16188 52880 0 0 0 0 0 0 0
"199101" 55894 38766 7408 16225 15133 17128 55894 0 0 0 0 0 0 0
"199102" 61342 42557 8307 19233 15017 18785 61342 0 0 0 0 0 0 0
"199103" 66622 46088 9252 22405 14431 20534 66622 0 0 0 0 0 0 0
"199104" 71234 49482 9967 25413 14102 21752 71234 0 0 0 0 0 0 0
"199201" 77815 55306 10490 29411 15405 22509 77815 0 0 0 0 0 0 0
"199202" 82885 60007 10855 33176 15976 22878 82885 0 0 0 0 0 0 0
"199203" 87824 64628 11195 36731 16702 23196 87824 0 0 0 0 0 0 0
"199204" 93466 69666 11642 39682 18342 23800 93466 0 0 0 0 0 0 0
"199301" 97204 74662 12160 42700 19802 22542 97204 133 0 0 0 0 133 133
"199302" 103158 79658 12678 45718 21262 23500 103158 277 0 0 0 0 277 277
"199303" 109998 84654 13196 48736 22722 25344 109998 290 0 0 0 0 290 290
"199304" 116141 89650 13714 51754 24182 26491 116141 464 0 0 0 0 464 464
"199401" 116045 88725 13476 52159 23090 27320 116045 655 0 0 0 0 655 655
"199402" 115773 87800 13238 52564 21998 27973 115773 392 0 0 0 0 392 392
"199403" 117600 86875 13000 52969 20906 30725 117600 322 0 0 0 0 322 322
"199404" 117830 85950 12762 53374 19814 31880 117830 424 0 0 0 0 424 424
"199501" 122488 88078 12335 54573 21170 34410 122488 450 0 0 0 0 450 450
"199502" 127475 90206 11908 55772 22526 37269 127475 643 0 0 0 0 643 643
"199503" 132656 92334 11481 56971 23882 40322 132656 774 0 0 0 0 774 774
"199504" 136388 94462 11054 58170 25238 41926 136388 1052 0 0 0 0 1052 1052
"199601" 138597 95197 11083 58410 25704 43400 138597 1359 0 0 0 0 1359 1359
"199602" 140352 95932 11112 58650 26170 44420 140352 1560 0 0 0 0 1560 1560
"199603" 141452 96667 11141 58890 26636 44785 141452 1739 0 0 0 0 1739 1739
"199604" 144389 97402 11170 59130 27102 46987 144389 2401 0 0 0 0 2401 2401
"199701" 141695 97119 10820 59206 27093 44576 141695 2751 0 0 0 0 2751 2751
"199702" 146214 96836 10470 59282 27084 49378 146214 3636 0 0 0 0 3636 3636
"199703" 148027 96553 10120 59358 27075 51474 148027 4941 0 0 0 0 4941 4941
"199704" 145895 96270 9770 59434 27066 49625 145895 6702 0 0 0 0 6702 6702
"199801" 150573 97503 9515 59751 28237 53070 150573 8213 0 0 0 0 8213 8213
"199802" 149718 98736 9260 60068 29408 50982 149718 9215 0 0 0 0 9215 9215
"199803" 141714 99969 9005 60385 30579 41745 141714 9799 0 0 0 0 9799 9799
"199804" 148808 101202 8750 60702 31750 47606 148808 15564 0 0 0 0 15564 15564
"199901" 153772 103157 8816 62482 31859 50615 153772 16415 0 0 0 0 16415 16415
"199902" 163183 106907 8805 65360 32742 56276 163183 20625 0 0 0 0 20625 20625
"199903" 146957 110221 8766 68881 32574 36736 146957 21063 0 0 0 0 21063 21063
"199904" 152082 110815 7566 69712 33537 41267 152082 33862 0 0 0 0 33862 33862
"200001" 154149 112182 7604 70614 33964 41967 154149 36793 0 0 0 0 36793 36793
"200002" 152282 111115 7564 70095 33456 41167 152282 46091 0 0 0 0 46091 46091
"200003" 148763 109440 7555 69596 32289 39323 148763 49702 0 0 0 0 49702 49702
"200004" 141864 105253 6653 67728 30872 36611 141864 65585 0 0 0 0 65585 65585
"200101" 136062 103517 5721 68642 29154 32545 136062 66006 0 0 0 0 66006 66006
"200102" 137394 103488 5823 70004 27661 33906 137394 75560 0 0 0 0 75560 75560
"200103" 132516 103364 5820 71999 25545 29152 132516 64345 0 0 0 0 64345 64345
"200104" 139543 108468 6716 74679 27073 31075 139543 82992 0 0 0 0 82992 82992
"200201" 143149 112122 4940 76839 30343 31027 143149 88204 0 0 0 0 88204 88204
"200202" 143069 112712 4755 78883 29074 30357 143069 88951 0 0 0 0 88951 88951
"200203" 143482 112668 4752 81086 26830 30814 143482 82073 3747 2099 0 1648 78326 82073
"200204" 150835 117110 3937 86027 27146 33725 150835 101958 3730 1977 0 1753 98228 101958
"200301" 157511 123647 4018 87052 32577 33864 157511 100604 3443 1527 0 1916 97161 100604
"200302" 178250 138069 4135 86741 47193 40181 178250 121251 3547 1267 0 2280 117704 121251
"200303" 194427 148656 4414 88836 55406 45771 194427 119487 3940 1761 0 2179 115547 119487
"200304" 205594 152575 4556 89252 58767 53019 205594 150766 4451 2068 0 2383 146315 150766
"200401" 222254 154994 5842 88792 60360 67260 222254 161348 5733 2967 0 2766 155615 161348
"200402" 231795 160448 6469 90249 63730 71347 231795 178448 6619 3710 0 2909 171829 178448
"200403" 235496 160516 6682 89737 64097 74980 235496 181114 7181 4077 0 3104 173933 181114
"200404" 245947 163620 6842 89148 67630 82327 245947 227254 8230 4881 0 3349 219024 227254
"200501" 254490 165927 7026 89417 69484 88563 254490 231146 11156 7214 0 3942 219990 231146
"200502" 262797 166847 7389 90053 69405 95950 262797 244899 12021 7738 0 4283 232878 244899
"200503" 270253 166644 7129 89636 69879 103609 270253 262690 13787 8866 0 4921 248903 262690
"200504" 271404 165816 7118 89366 69332 105588 271404 300804 14988 9701 0 5287 285816 300804
"200601" 278094 168226 6706 89136 72384 109868 278094 329470 15740 10045 0 5695 313730 329470
"200602" 280363 172351 7127 89621 75603 108012 280363 346163 18023 11813 0 6210 328140 346163
"200603" 282642 170439 7142 89000 74297 112203 282642 361726 18731 12089 0 6642 342995 361726
"200604" 294299 171822 7358 89390 75074 122477 294299 422754 20718 13072 0 7646 402036 422754
"200701" 308754 171602 7154 88844 75604 137152 308754 444275 22423 13882 0 8541 421852 444275
"200702" 322146 175085 6640 88610 79835 147061 322146 486354 26327 16059 0 10268 460027 486354
"200703" 324234 170596 6472 87203 76921 153638 324234 550988 29088 17157 360 11571 521900 550988
"200704" 317111 170937 5617 91273 74047 146174 317111 607691 34036 19650 571 13815 573655 607691
"200801" 298290 165539 5386 89253 70900 132751 298290 569491 38920 21028 1073 16819 530571 569491
"200802" 285126 159680 5180 86769 67731 125446 285126 577347 44545 22596 1511 20438 532802 577347
"200803" 250922 149045 4723 82472 61850 101877 250922 580169 51452 26577 1760 23115 528717 580169
"200804" 206886 131204 3185 78500 49519 75682 206886 530934 56987 27043 2251 27693 473947 530934
"200901" 200561 131481 3270 79691 48520 69080 200561 481860 69018 31648 3066 34304 412842 481860
"200902" 214829 135852 3673 80971 51208 78977 214829 588352 80492 35575 3962 40955 507860 588352
"200903" 227041 139260 3895 81869 53496 87781 227041 688990 91491 38625 5067 47799 597499 688990
"200904" 233928 141529 4395 81821 55313 92399 233928 772889 102948 41738 5882 55328 669941 772889
"201001" 238796 143939 5023 81977 56939 94857 238796 800470 113241 46327 6535 60379 687229 800470
"201002" 230040 141952 4891 82185 54876 88088 230040 767090 124595 51873 7256 65466 642495 767090
"201003" 242353 144255 5006 82699 56550 98098 242353 874875 133392 51681 7818 73893 741483 874875
