"DATES" "FL793130005.Q" "FL793131005.Q" "FL763131005.Q" "FL723131005.Q" "FL753131005.Q" "FL743131005.Q" "FL443131005.Q" "FL473131005.Q" "FL793135005.Q" "FL763135005.Q" "FL723135005.Q" "FL753135005.Q" "FL743135005.Q" "FL443135005.Q" "FL473135003.Q" "FL793130005.Q" "FL153030005.Q" "FL143030005.Q" "FL103030003.Q" "FL113030003.Q" "FL213030005.Q" "FL313030003.Q" "FL263030005.Q" "FL793030005.Q" "FL443030053.Q" "FL473030005.Q" "FL573030005.Q" "FL223030005.Q" "FL633030000.Q" "FL403030005.Q" "FL613030003.Q"
"195201" 78610 73989 34765 34753 12 0 38129 1095 4621 4621 4515 106 0 0 0 78610 73209 900 900 0 1637 290 1660 914 0 260 367 0 0 0 287
"195202" 80959 76228 35607 35594 13 0 39428 1193 4731 4731 4612 119 0 0 0 80959 75462 900 900 0 1631 317 1697 952 0 282 381 0 0 0 289
"195203" 82465 77811 36185 36170 15 0 40368 1258 4654 4654 4523 131 0 0 0 82465 76984 900 900 0 1624 325 1656 976 0 289 396 0 0 0 291
"195204" 85041 80183 37027 37011 16 0 41805 1351 4858 4858 4714 144 0 0 0 85041 79312 900 900 0 1628 351 1807 1043 0 339 411 0 0 0 293
"195301" 87021 82113 37538 37521 17 0 43188 1387 4908 4908 4752 156 0 0 0 87021 81226 900 900 0 1658 345 1852 1040 0 319 427 0 0 0 294
"195302" 89868 84736 38453 38434 19 0 44760 1523 5132 5132 4964 168 0 0 0 89868 83815 900 900 0 1742 340 1969 1102 0 362 444 0 0 0 296
"195303" 91503 86346 39039 39019 20 0 45712 1595 5157 5157 4978 179 0 0 0 91503 85398 900 900 0 1696 344 2050 1115 0 357 461 0 0 0 297
"195304" 94270 88467 39545 39524 21 0 47234 1688 5803 5803 5614 189 0 0 0 94270 87476 900 900 0 1957 342 2408 1187 0 410 478 0 0 0 299
"195401" 96947 90512 39967 39945 22 0 48821 1724 6435 6435 6233 202 0 0 0 96947 89459 950 950 0 2283 344 2683 1228 0 429 497 0 0 0 302
"195402" 100284 93406 41010 40986 24 0 50566 1830 6878 6878 6665 213 0 0 0 100284 92375 1000 1000 0 2335 335 2964 1275 0 454 516 0 0 0 305
"195403" 102332 95052 41464 41439 25 0 51662 1926 7280 7280 7055 225 0 0 0 102332 93957 1050 1050 0 2438 344 3223 1320 0 483 536 0 0 0 301
"195404" 104819 97834 42194 42168 26 0 53603 2037 6985 6985 6752 233 0 0 0 104819 96616 1100 1100 0 2419 370 2900 1414 0 566 556 0 0 0 292
"195501" 106910 99965 42583 42557 26 0 55316 2066 6945 6945 6712 233 0 0 0 106910 98714 1075 1075 0 2377 374 2937 1433 0 560 577 0 0 0 296
"195502" 109566 102541 43159 43134 25 0 57184 2198 7025 7025 6796 229 0 0 0 109566 101280 1050 1050 0 2452 370 2922 1492 0 588 600 0 0 0 304
"195503" 110976 104096 43513 43488 25 0 58265 2318 6880 6880 6656 224 0 0 0 110976 102747 1025 1025 0 2313 352 2985 1554 0 615 623 0 0 0 316
"195504" 113274 106606 43836 43811 25 0 60324 2446 6668 6668 6446 222 0 0 0 113274 105087 1000 1000 0 2356 357 2799 1675 0 696 647 0 0 0 332
"195601" 115386 108798 44262 44236 26 0 61992 2544 6588 6588 6356 232 0 0 0 115386 107187 1000 1000 0 2508 351 2577 1763 0 759 671 0 0 0 333
"195602" 118567 111792 45102 45074 28 0 64033 2657 6775 6775 6526 249 0 0 0 118567 110157 1000 1000 0 2509 331 2772 1798 0 768 697 0 0 0 333
"195603" 120060 113421 45613 45584 29 0 65066 2742 6639 6639 6374 265 0 0 0 120060 111757 1000 1000 0 2347 330 2811 1815 0 759 724 0 0 0 332
"195604" 122702 116243 46155 46125 30 0 67174 2914 6459 6459 6186 273 0 0 0 122702 114368 1000 1000 0 2400 330 2657 1947 0 862 752 0 0 0 333
"195701" 126232 119536 47921 47892 29 0 68606 3009 6696 6696 6434 262 0 0 0 126232 117545 1000 1000 0 2584 340 2729 2034 0 917 781 0 0 0 336
"195702" 129781 123078 49331 49304 27 0 70628 3119 6703 6703 6458 245 0 0 0 129781 121082 1000 1000 0 2723 326 2598 2052 0 903 811 0 0 0 338
"195703" 131736 124998 50330 50305 25 0 71464 3204 6738 6738 6512 226 0 0 0 131736 123000 1000 1000 0 2742 340 2599 2055 0 872 842 0 0 0 341
"195704" 135000 128323 51346 51322 24 0 73596 3381 6677 6677 6462 215 0 0 0 135000 126168 1000 1000 0 2783 301 2533 2215 0 999 874 0 0 0 342
"195801" 140684 131906 52795 52772 23 0 75631 3480 8778 8778 8573 205 0 0 0 140684 129566 1550 1550 0 3433 270 3473 2392 0 1139 908 0 0 0 345
"195802" 146137 136089 54478 54455 23 0 78019 3592 10048 10048 9845 203 0 0 0 146137 133665 2100 2100 0 4114 274 3524 2460 0 1170 943 0 0 0 347
"195803" 148605 139021 55945 55923 22 0 79397 3679 9584 9584 9382 202 0 0 0 148605 136513 2000 2000 0 3735 300 3534 2523 0 1195 979 0 0 0 349
"195804" 151862 142594 56718 56696 22 0 82007 3869 9268 9268 9069 199 0 0 0 151862 139931 1900 1900 0 3589 327 3414 2701 0 1335 1017 0 0 0 349
"195901" 154402 145217 57725 57702 23 0 83516 3976 9185 9185 8982 203 0 0 0 154402 142404 1800 1800 0 3589 320 3444 2845 0 1428 1056 0 0 0 361
"195902" 157912 149108 59049 59026 23 0 85953 4106 8804 8804 8594 210 0 0 0 157912 146276 1700 1700 0 3647 331 3084 2874 0 1405 1096 0 0 0 373
"195903" 159429 151384 59958 59934 24 0 87216 4210 8045 8045 7829 216 0 0 0 159429 148597 1600 1600 0 3177 320 2873 2862 0 1337 1138 0 0 0 387
"195904" 161648 154121 60261 60236 25 0 89429 4431 7527 7527 7305 222 0 0 0 161648 151077 1500 1500 0 3179 285 2575 3032 0 1448 1182 0 0 0 402
"196001" 163526 156063 60294 60268 26 0 91232 4537 7463 7463 7233 230 0 0 0 163526 153039 1268 1268 0 3348 280 2475 3116 0 1483 1227 0 0 0 406
"196002" 167569 159640 61353 61326 27 0 93626 4661 7929 7929 7691 238 0 0 0 167569 156772 1087 1087 0 3748 290 2603 3069 0 1384 1275 0 0 0 410
"196003" 171505 162772 62754 62726 28 0 95276 4742 8733 8733 8485 248 0 0 0 171505 159969 1346 1346 0 4036 280 2822 3052 0 1312 1324 0 0 0 416
"196004" 176937 165847 62533 62504 29 0 98345 4969 11090 11090 10832 258 0 0 0 176937 163019 3000 3000 0 4557 262 2859 3240 0 1442 1374 0 0 0 424
"196101" 182482 171051 65100 65070 30 0 100857 5094 11431 11431 11163 268 0 0 0 182482 168106 3272 3272 0 4883 300 2463 3458 0 1595 1427 0 0 0 436
"196102" 189071 176434 67337 67306 31 0 103858 5239 12637 12637 12358 279 0 0 0 189071 173523 3863 3863 0 5266 288 2628 3503 0 1573 1482 0 0 0 448
"196103" 192783 179040 68090 68058 32 0 105598 5352 13743 13743 13452 291 0 0 0 192783 176155 4606 4606 0 5242 300 2903 3577 0 1578 1539 0 0 0 460
"196104" 197676 184140 69504 69471 33 0 109010 5626 13536 13536 13239 297 0 0 0 197676 181091 4100 4100 0 5465 284 2911 3825 0 1754 1598 0 0 0 473
"196201" 206020 190451 73053 73020 33 0 111609 5789 15569 15569 15268 301 0 0 0 206020 187262 5395 5395 0 6087 290 2904 4082 0 1942 1660 0 0 0 480
"196202" 213477 197269 76469 76436 33 0 114875 5925 16208 16208 15907 301 0 0 0 213477 194248 5554 5554 0 6341 300 2991 4043 0 1832 1723 0 0 0 488
"196203" 218126 202547 79308 79275 33 0 117205 6034 15579 15579 15279 300 0 0 0 218126 199652 4903 4903 0 6115 270 3129 4057 0 1771 1790 0 0 0 496
"196204" 226318 209944 82241 82207 34 0 121387 6316 16374 16374 16073 301 0 0 0 226318 206909 5000 5000 0 6450 269 3409 4281 0 1919 1858 0 0 0 504
"196301" 234903 216743 84883 84848 35 0 125357 6503 18160 18160 17847 313 0 0 0 234903 213677 5344 5344 0 7309 260 3802 4511 0 2088 1930 0 0 0 493
"196302" 242334 223877 88080 88043 37 0 129122 6675 18457 18457 18129 328 0 0 0 242334 221090 5160 5160 0 7466 254 3939 4425 0 1940 2004 0 0 0 481
"196303" 247248 228467 90207 90169 38 0 131445 6815 18781 18781 18437 344 0 0 0 247248 225871 5117 5117 0 7458 250 4128 4424 0 1875 2081 0 0 0 468
"196304" 255852 235539 92711 92671 40 0 135680 7148 20313 20313 19956 357 0 0 0 255852 232890 5687 5687 0 8093 260 4260 4662 0 2046 2161 0 0 0 455
"196401" 263318 241251 94747 94706 41 0 139164 7340 22067 22067 21703 364 0 0 0 263318 238566 6724 6724 0 8361 260 4530 4877 0 2179 2244 0 0 0 454
"196402" 271028 248397 97688 97647 41 0 143092 7617 22631 22631 22261 370 0 0 0 271028 245884 6452 6452 0 8680 257 4870 4885 0 2104 2330 0 0 0 451
"196403" 277057 253848 99924 99882 42 0 146114 7810 23209 23209 22833 376 0 0 0 277057 251544 6309 6309 0 8887 240 5185 4892 0 2023 2419 0 0 0 450
"196404" 286271 261194 102510 102468 42 0 150478 8206 25077 25077 24696 381 0 0 0 286271 258805 6671 6671 0 9812 272 5515 5196 0 2236 2512 0 0 0 448
"196501" 295943 268846 106950 106906 44 0 153517 8379 27097 27097 26699 398 0 0 0 295943 266482 7704 7704 0 10450 260 5669 5378 0 2309 2609 0 0 0 460
"196502" 303524 275017 109897 109851 46 0 156496 8624 28507 28507 28093 414 0 0 0 303524 272947 8601 8601 0 10573 260 5853 5290 0 2111 2709 0 0 0 470
"196503" 310388 280570 113218 113170 48 0 158576 8776 29818 29818 29389 429 0 0 0 310388 278598 9212 9212 0 11049 250 5959 5320 0 2024 2813 0 0 0 483
"196504" 319441 288458 116712 116662 50 0 162547 9199 30983 30983 30535 448 0 0 0 319441 286262 8993 8993 0 12186 250 6081 5669 0 2252 2921 0 0 0 496
"196601" 326323 293981 119939 119887 52 0 164673 9369 32342 32342 31878 464 0 0 0 326323 291757 9886 9886 0 12244 250 6291 5895 10 2342 3034 0 0 0 509
"196602" 332311 299348 124268 124214 54 0 165476 9604 32963 32963 32481 482 0 0 0 332311 297368 9708 9708 0 12634 240 6497 5864 36 2157 3151 0 0 0 520
"196603" 334584 301175 125974 125920 54 0 165504 9697 33409 33409 32928 481 0 0 0 334584 299556 9774 9774 0 12761 230 6466 5797 58 1940 3271 0 0 0 528
"196604" 339785 306483 127755 127701 54 0 168680 10048 33302 33302 32820 482 0 0 0 339785 304982 8603 8603 0 13462 220 6413 6105 80 2073 3418 0 0 0 534
"196701" 353136 316691 133856 133800 56 0 172610 10225 36445 36445 35939 506 0 0 0 353136 315021 9556 9556 0 15000 250 6852 6457 109 2269 3539 0 0 0 540
"196702" 364444 327431 139442 139383 59 0 177440 10549 37013 37013 36485 528 0 0 0 364444 325950 8777 8777 0 15651 270 7233 6563 130 2189 3682 17 0 0 545
"196703" 372564 335047 143764 143702 62 0 180581 10702 37517 37517 36964 553 0 0 0 372564 333692 9099 9099 0 15389 260 7437 6687 152 2085 3829 69 0 0 552
"196704" 380398 341194 145827 145762 65 0 184290 11077 39204 39204 38622 582 0 0 0 380398 339871 9682 9682 0 15731 267 7679 7168 168 2266 4014 161 0 0 559
"196801" 389189 349095 150560 150491 69 0 187213 11322 40094 40094 39476 618 0 0 0 389189 348388 9375 9375 0 16272 330 7374 7450 183 2457 4136 108 0 0 566
"196802" 393619 355212 153539 153466 73 0 189958 11715 38407 38407 37750 657 0 0 0 393619 354188 8129 8129 0 16447 321 7061 7473 196 2329 4303 75 0 0 570
"196803" 403163 361105 157433 157357 76 0 191847 11825 42058 42058 41371 687 0 0 0 403163 362318 8539 8539 0 17286 350 7230 7440 210 2026 4485 146 0 0 573
"196804" 413743 367814 159756 159676 80 0 195775 12283 45929 45929 45208 721 0 0 0 413743 370200 9056 9056 0 18880 368 7409 7830 237 2105 4680 230 0 0 578
"196901" 416259 374682 163126 162934 86 106 198914 12642 41578 41578 40702 770 106 0 0 416259 374872 7692 7692 0 18224 350 7188 7933 275 2224 4799 52 0 0 583
"196902" 416556 377600 163847 163489 88 270 200737 13016 38957 38957 37898 789 270 0 0 416556 380272 4593 4593 0 16547 352 6933 7859 244 1843 5040 143 0 0 589
"196903" 411224 378752 164757 164239 96 422 200788 13207 32472 32472 31191 859 422 0 0 411224 379309 3525 3525 0 13361 300 7048 7681 137 1515 5220 211 0 0 598
"196904" 413205 382331 166366 165771 103 492 202257 13708 30874 30874 29453 929 492 0 0 413205 379433 3652 3652 0 13050 211 8789 8070 200 1664 5429 170 0 0 607
"197001" 417227 385193 167915 167275 121 519 203197 14081 32035 31878 30274 1085 519 157 0 417227 379806 4548 4348 200 14796 180 9007 8890 463 2025 5646 138 0 0 618
"197002" 429357 393565 172409 171742 130 537 206583 14573 35793 35447 33744 1166 537 346 0 429357 388080 5911 5311 600 16939 202 9113 9112 520 1886 5866 209 0 0 631
"197003" 449677 399943 174777 174088 137 552 210362 14804 49735 49201 47421 1228 552 534 0 449677 406176 6325 5325 1000 19729 360 8033 9054 537 1604 6099 167 0 0 647
"197004" 468066 412949 180632 179924 141 567 216867 15450 55118 54396 52562 1267 567 722 0 468066 420870 6747 5347 1400 23012 463 7125 9849 575 2080 6315 213 0 0 666
"197101" 497652 437427 192117 191411 146 560 229087 16223 60225 59314 57436 1318 560 911 0 497652 442198 9344 7544 1800 25946 480 7190 12494 2225 2784 6567 233 0 0 685
"197102" 515222 455182 199178 198473 150 555 238945 17059 60041 58942 57035 1352 555 1099 0 515222 457534 11024 8824 2200 26041 517 7259 12847 2299 2900 6765 180 0 0 703
"197103" 530321 465851 202731 201959 162 610 245575 17545 64470 63183 61119 1454 610 1287 0 530321 470851 11865 9265 2600 26752 530 7360 12963 2303 2733 7033 174 0 0 720
"197104" 549909 481319 209303 208493 167 643 253701 18315 68591 67116 64972 1501 643 1475 0 549909 485758 12509 9509 3000 30236 520 7454 13432 2293 2984 7270 148 0 0 737
"197201" 574870 505099 218691 217888 177 626 267120 19288 69771 68085 65871 1588 626 1686 0 574870 504417 15140 11740 3400 31781 500 7950 15082 3058 3719 7513 39 0 0 753
"197202" 595775 519938 222899 222105 184 610 276866 20173 75837 73916 71649 1657 610 1921 0 595775 522359 16124 12324 3800 33077 492 8248 15475 3478 3373 7821 33 0 0 770
"197203" 616463 534569 227815 226997 157 661 286106 20648 81894 79740 77669 1410 661 2154 0 616463 542302 15141 10941 4200 33335 610 9412 15663 3403 3254 8155 65 0 0 786
"197204" 638377 550998 233957 232997 247 713 295465 21576 87380 84991 82110 2168 713 2389 0 638377 557247 16490 11890 4600 36970 606 10580 16484 3371 3609 8511 191 0 0 802
"197301" 670281 570053 240956 239950 287 719 306381 22716 100228 97605 94371 2515 719 2623 0 670281 578996 20589 15583 5006 39845 770 11538 18543 4287 4243 8891 304 0 0 818
"197302" 689939 582582 245058 244059 299 700 313622 23902 107357 104501 101253 2548 700 2856 0 689939 594414 23290 17879 5411 40305 730 12522 18678 4000 4184 9232 429 0 0 833
"197303" 704776 577997 240784 239702 335 747 313276 23937 126780 123690 120075 2868 747 3090 0 704776 608724 23084 17271 5813 42077 590 12640 17661 3260 3212 9680 660 0 0 849
"197304" 716793 590352 246767 245620 363 784 319130 24455 126442 122962 119165 3013 784 3480 0 716793 618720 22836 16623 6213 43585 439 13392 17821 2908 3222 10027 800 0 0 864
"197401" 742706 610529 255930 254777 375 778 329089 25510 132178 128279 124418 3083 778 3899 0 742706 638444 25526 18791 6735 45074 590 12930 20142 3540 4326 10444 887 67 0 878
"197402" 765395 615520 257461 256302 388 771 331460 26599 149876 145754 141724 3259 771 4122 0 765395 656346 26384 19179 7205 46528 446 15006 20685 3020 4506 10873 1183 210 0 893
"197403" 776619 613276 256462 255244 435 783 330180 26634 163343 158963 154439 3741 783 4380 0 776619 663911 26591 19045 7546 46098 490 18887 20642 2896 3349 11331 1373 786 0 907
"197404" 795472 628062 264965 263701 470 794 335643 27454 167411 162214 157390 4030 794 5197 0 795472 673659 28248 20464 7784 48544 477 21123 23421 3590 3790 11957 1543 1620 0 921
"197501" 822810 656027 275501 274177 493 831 351289 29237 166783 160762 155745 4186 831 6021 0 822810 696443 27638 19761 7877 46854 650 21217 30008 7169 5272 12495 1811 2326 0 935
"197502" 844694 686292 287538 286136 533 869 367727 31027 158402 152328 146813 4646 869 6074 0 844694 715411 29922 21958 7964 46531 492 22045 30293 6180 5794 13151 1688 2532 0 948
"197503" 861883 705132 296052 294493 648 911 377376 31704 156752 150694 144288 5495 911 6058 0 861883 729971 32325 24292 8033 45876 650 22329 30732 7997 4291 13832 1342 2308 0 962
"197504" 884715 726454 305294 303497 844 953 388223 32937 158262 152063 144070 7040 953 6199 0 884715 751307 32218 24130 8088 46942 572 22579 31097 8110 4248 14454 1171 2139 0 975
"197601" 914589 766015 322696 320985 762 949 408488 34831 148574 142245 134788 6508 949 6329 0 914589 778701 33151 24945 8206 48381 620 21185 32551 8407 5292 15095 1065 1705 0 987
"197602" 936971 789159 330745 328982 819 944 421901 36513 147812 141429 133674 6811 944 6383 0 936971 803434 34764 26347 8417 45411 724 20750 31888 7515 4925 15646 1133 1669 0 1000
"197603" 957201 813587 342022 340190 855 977 434332 37233 143615 136301 128177 7147 977 7314 0 957201 825788 34321 25462 8859 46481 570 20015 30026 6625 3708 16096 1055 1530 0 1012
"197604" 992370 847958 359872 357988 874 1010 449364 38722 144413 136830 128428 7392 1010 7583 0 992370 852494 38273 28783 9490 49064 731 20680 31128 6685 4145 16639 1148 1487 0 1024
"197701" 1030758 887120 377136 375100 903 1133 468992 40992 143638 135851 127079 7639 1133 7787 0 1030758 886638 37906 27955 9951 51802 590 20681 33141 6747 5505 17300 1098 1455 0 1036
"197702" 1055163 908986 383266 381037 946 1283 482764 42956 146177 137532 128323 7926 1283 8645 0 1055163 908363 39781 29290 10491 50471 810 21965 33773 6572 5150 18034 1401 1569 0 1047
"197703" 1084311 929238 387935 385580 949 1406 496952 44351 155074 145480 136017 8057 1406 9594 0 1084311 935405 41126 29897 11229 52759 760 20423 33838 6395 4524 18821 1483 1556 0 1059
"197704" 1116191 943206 388717 386098 1106 1513 508431 46058 172986 163080 152191 9376 1513 9906 0 1116191 955191 47583 35456 12127 55766 878 21006 35767 6811 5033 19644 1416 1793 0 1070
"197801" 1154069 967727 397495 394590 1198 1707 521485 48747 186342 174417 162524 10186 1707 11901 24 1154069 984278 47745 35080 12665 59578 690 21904 39874 7227 6559 20592 1758 2658 0 1080
"197802" 1179059 982203 400859 397627 1268 1964 530648 50696 196857 182960 170369 10627 1964 13837 60 1179059 1008501 48713 35386 13327 58731 1051 21882 40181 7124 5218 21590 2043 3115 0 1091
"197803" 1208987 999872 405741 402105 1476 2160 542809 51322 209116 193557 178999 12398 2160 15467 92 1208987 1035175 48565 34266 14299 61164 946 21739 41398 7012 4245 22509 2436 4095 0 1101
"197804" 1237634 1009558 403423 399330 1797 2296 554294 51841 228076 211728 194326 15106 2296 16220 128 1237634 1054187 53704 38182 15522 62912 942 23471 42418 7200 3635 23660 2354 4458 0 1111
"197901" 1266273 1034764 410297 406099 1845 2353 570782 53685 231509 212940 195291 15296 2353 18405 164 1266273 1073823 53027 36026 17001 65474 935 25198 47816 8146 5008 24727 2747 6067 0 1121
"197902" 1275276 1047656 417088 412702 2038 2348 575044 55524 227620 205404 186235 16821 2348 22016 200 1275276 1084105 52444 33981 18463 62093 973 24245 51416 8144 5878 25677 2844 7743 0 1130
"197903" 1307634 1061951 426915 422077 2288 2550 578521 56515 245684 218986 197548 18888 2550 26462 236 1307634 1108985 57541 37659 19882 62232 997 25665 52214 5327 5440 26714 3055 10538 0 1140
"197904" 1327591 1070184 433888 428780 2276 2832 580565 55731 257408 225581 204489 18260 2832 31555 272 1327591 1124067 61683 40414 21269 60793 1007 25904 54137 5000 4649 27894 3458 11987 0 1149
"198001" 1355106 1087310 448560 443416 2221 2923 584972 53778 267797 232013 211104 17986 2923 35476 308 1355106 1147788 60285 38748 21537 62596 909 25645 57883 5838 4345 28834 3569 14140 0 1157
"198002" 1373736 1108616 460470 455220 2278 2972 592611 55535 265121 226190 205416 17802 2972 38587 344 1373736 1166258 58764 36770 21994 58925 758 26640 62391 5600 5985 29703 3556 16381 0 1166
"198003" 1408272 1130072 468810 463164 2604 3042 602958 58304 278200 236373 212499 20832 3042 41447 380 1408272 1195857 60322 37399 22923 57595 988 25876 67634 6504 6508 30525 3559 19364 0 1174
"198004" 1470882 1153968 479875 473566 3109 3200 616152 57941 316914 272338 243818 25320 3200 44105 471 1470882 1242624 69253 45022 24231 58826 797 26880 72502 7533 7070 31832 3684 21201 0 1182
"198101" 1490763 1167800 488478 481811 3205 3462 620239 59083 322964 276057 246058 26537 3462 46414 493 1490763 1244925 75704 51034 24670 60356 823 26013 82942 7234 7564 32929 4107 29918 0 1190
"198102" 1510761 1169189 493716 486639 3236 3841 615642 59831 341572 292210 261197 27172 3841 48846 516 1510761 1264344 75574 50593 24981 57854 757 27063 85169 7376 7122 33733 3761 31980 0 1197
"198103" 1539484 1173929 502368 494588 3569 4211 612092 59469 365555 312799 278657 29931 4211 52241 515 1539484 1287021 74591 49315 25276 57983 667 26562 92660 5800 5956 34965 4296 40438 0 1205
"198104" 1582576 1203985 521939 513530 3967 4442 621879 60167 378591 324259 287742 32075 4442 53780 552 1582576 1311263 80671 54971 25700 61065 655 29152 99770 6791 7109 36482 3813 44363 0 1212
"198201" 1616409 1235505 544553 536794 3220 4539 628205 62747 380905 322742 290642 27561 4539 57475 688 1616409 1332255 80616 54405 26211 65520 784 30926 106308 9286 10477 39590 3972 41765 0 1218
"198202" 1648648 1250507 556367 548303 3565 4499 629576 64564 398141 338476 303634 30343 4499 58908 757 1648648 1354598 77346 50577 26769 63508 958 35205 117033 11393 11303 43039 4610 45464 0 1224
"198203" 1684997 1274188 571366 563089 3828 4449 636933 65889 410809 348753 311541 32763 4449 61260 796 1684997 1369487 85392 58000 27392 65194 986 36301 127637 11745 12466 46153 5083 50960 0 1230
"198204" 1741172 1345347 620995 612348 4136 4511 655985 68367 395825 329883 289554 35818 4511 65228 714 1741172 1417715 91673 63573 28100 64893 1127 39526 126238 13955 14530 49423 5992 41101 0 1237
"198301" 1800268 1454966 692336 684454 3196 4686 689701 72929 345303 280309 249138 26485 4686 64348 646 1800268 1490884 92246 63337 28909 64565 950 23566 128057 15408 19854 53601 7350 30600 0 1244
"198302" 1838883 1487817 710397 701882 3548 4967 700438 76982 351067 275962 241019 29976 4967 74477 628 1838883 1525323 97666 67829 29837 60535 749 24302 130308 16539 19217 59172 7757 26372 0 1251
"198303" 1887232 1517615 726916 718120 3550 5246 711803 78896 369618 278752 243688 29818 5246 90189 677 1887232 1582229 97393 66597 30796 59605 784 23976 123245 14778 15733 59347 7305 24823 0 1259
"198304" 1944973 1560403 751074 742377 3283 5414 728318 81011 384570 283332 250842 27076 5414 100545 693 1944973 1631561 101674 69974 31700 58633 676 25791 126638 15121 16176 61000 8785 24289 0 1267
"198401" 1996537 1597879 764115 755588 3046 5481 746749 87015 398659 284043 253363 25199 5481 113874 742 1996537 1691884 99993 67460 32533 56089 816 25546 122209 12715 17144 60303 10104 20768 0 1175
"198402" 2064534 1632582 783316 774411 3453 5452 757476 91790 431952 304158 270710 27996 5452 127168 626 2064534 1754131 99091 65810 33281 55083 841 29439 125949 10999 18032 60150 11093 24499 0 1176
"198403" 2111785 1659716 795505 786829 3269 5407 771702 92509 452070 313919 281874 26638 5407 137441 710 2111785 1806074 95221 61132 34089 57024 939 30159 122368 7314 16257 65018 12727 19842 0 1210
"198404" 2182046 1710609 826021 816828 3773 5420 792297 92291 471437 321114 284743 30951 5420 149509 814 2182046 1857519 104224 69124 35100 58862 1208 30495 129738 9622 14984 68039 11960 23971 0 1162
"198501" 2233439 1758885 851225 841772 3975 5478 809189 98471 474554 321939 284419 32042 5478 151721 894 2233439 1890642 109420 73050 36370 62869 1139 31059 138310 11494 16576 73269 14085 21703 0 1183
"198502" 2264906 1798331 875503 866221 3718 5564 817877 104951 466576 311830 277015 29251 5564 153779 967 2264906 1922599 104764 66808 37956 60563 1112 30855 145013 11145 18044 79762 14614 20172 0 1276
"198503" 2303627 1825468 889010 879205 4141 5664 826583 109875 478160 323289 284344 33281 5664 153837 1034 2303627 1956235 108177 68688 39489 62559 1195 32172 143289 11099 18511 78987 14149 19054 0 1489
"198504" 2340839 1852303 907891 897211 4915 5765 832711 111701 488537 332078 295592 30721 5765 155301 1158 2340839 1989517 109901 69301 40600 65888 1248 33712 140573 11889 19956 76602 13327 17318 0 1481
"198601" 2374977 1882784 921560 911913 3763 5884 841747 119477 492193 330677 294263 30530 5884 160293 1223 2374977 2014490 116137 74757 41380 67418 1621 29258 146053 12168 22319 78250 14072 17638 0 1606
"198602" 2396614 1914741 941696 931444 4216 6036 844813 128232 481874 319739 283768 29935 6036 160886 1249 2396614 2029486 122345 80427 41918 65426 1646 29975 147736 10226 25121 79185 14183 17411 0 1610
"198603" 2435951 1946056 960318 950024 4120 6174 852054 133684 489896 327390 286929 34287 6174 161090 1416 2435951 2051351 134442 92218 42224 66614 1456 30488 151600 9343 26994 81907 11595 19783 0 1978
"198604" 2470411 1978288 982330 968934 7143 6253 858114 137844 492124 333559 289022 38284 6253 156745 1820 2470411 2079530 127838 85530 42308 68239 1433 31252 162119 15855 27007 87016 9891 20052 0 2298
"198701" 2478927 1990829 985312 969972 9073 6267 859201 146316 488099 335213 292323 36623 6267 151302 1584 2478927 2097638 123132 81118 42014 73519 1321 31263 152054 9465 29086 83970 7403 19740 0 2390
"198702" 2502766 2001113 989102 976247 6644 6211 860994 151017 501653 350019 303703 40105 6211 149645 1989 2502766 2117051 122975 81792 41183 73491 1573 30578 157098 8993 31303 84140 5753 24564 0 2345
"198703" 2527690 2013544 993858 981146 6560 6152 869333 150353 514147 356842 309530 41160 6152 155558 1747 2527690 2148346 120919 80483 40436 72961 1520 30895 153049 8223 28421 81480 5019 27302 0 2604
"198704" 2589924 2048021 1010120 996195 7772 6153 888704 149197 541903 374953 326675 42125 6153 164868 2082 2589924 2200868 126333 85943 40390 75339 1651 32124 153609 7346 27408 76228 5216 34528 0 2883
"198801" 2671567 2122006 1034629 1020982 7457 6190 932343 155034 549561 380238 331736 42312 6190 167357 1966 2671567 2274765 124630 81972 42658 78302 1572 32010 160288 7218 30457 76644 5761 37184 0 3024
"198802" 2700250 2149198 1051125 1037243 7627 6255 939195 158878 551052 379546 331954 41337 6255 168745 2761 2700250 2308884 119384 74680 44704 73820 1644 33720 162798 7156 28792 82983 5865 34690 0 3312
"198803" 2748727 2167910 1063895 1049330 8224 6341 943787 160228 580818 403835 353952 43542 6341 174791 2192 2748727 2351608 124824 78949 45875 74581 1419 33663 162632 7095 25444 82855 6488 37499 0 3251
"198804" 2782290 2187212 1083939 1069198 8302 6439 942813 160460 595079 416758 361884 48435 6439 175867 2454 2782290 2380019 129230 82273 46957 73365 1404 35524 162748 7392 23951 87138 7116 33772 0 3379
"198901" 2813779 2199396 1105317 1089666 9120 6531 930938 163141 614383 435840 377726 51583 6531 175984 2559 2813779 2403709 122107 74379 47728 75277 1332 36966 174388 7200 23677 94838 8123 36480 0 4070
"198902" 2839141 2218805 1120979 1105675 8704 6600 935309 162517 620336 439238 380265 52373 6600 178636 2462 2839141 2409595 128116 80721 47395 72775 1285 39090 188280 7840 22234 102037 8418 43427 0 4324
"198903" 2871333 2251053 1146510 1130546 9239 6725 941013 163530 620280 443952 384075 53152 6725 172328 4000 2871333 2445223 120264 73203 47061 70752 1155 39950 193989 5730 21067 109055 8850 44827 0 4460
"198904" 2898122 2285172 1184700 1165714 12000 6986 935820 164652 612951 445690 385843 52861 6986 161725 5536 2898122 2459123 128961 80610 48351 70585 1261 40222 197970 5311 21247 114635 9060 43049 0 4668
"199001" 2914949 2316623 1210329 1193499 9395 7435 933569 172725 598327 443881 383786 52660 7435 150146 4300 2914949 2486378 119428 69847 49581 71512 1409 41727 194495 6701 22146 116258 8479 36263 0 4648
"199002" 2901437 2321088 1249063 1231148 9791 8124 894741 177284 580349 438098 377810 52164 8124 139080 3171 2901437 2483006 121084 70925 50159 69140 1335 40772 186100 5991 23066 113560 7953 30623 0 4907
"199003" 2894991 2329589 1278702 1260917 9020 8765 872617 178270 565402 431783 373772 49246 8765 130319 3300 2894991 2485439 123818 72369 51449 68080 1459 39835 176360 5698 21693 111353 7802 24721 0 5093
"199004" 2895944 2349060 1307657 1287557 11031 9069 862339 179064 546885 423618 365367 49182 9069 119852 3415 2895944 2489601 125583 74564 51019 67545 1403 39538 172274 5242 21676 110397 7701 21938 0 5320
"199101" 2930386 2380444 1342277 1320772 12467 9038 853817 184350 549942 435854 351437 75379 9038 110488 3600 2930386 2510039 128049 77964 50085 62777 1300 40816 187405 6008 24589 107811 14658 28769 0 5570
"199102" 2905418 2376331 1359450 1338143 12632 8675 827563 189318 529088 425384 330166 86543 8675 99884 3820 2905418 2477667 132669 81294 51375 60660 1544 41729 191149 4874 25445 109964 12230 31956 0 6680
"199103" 2878520 2365742 1382583 1361126 13199 8258 790909 192250 512778 418740 315742 94740 8258 90038 4000 2878520 2444099 136293 84043 52250 60664 1527 38929 197008 5134 25521 114576 9902 34471 0 7404
"199104" 2839105 2350691 1386507 1367460 10980 8067 767663 196521 488414 399587 292268 99252 8067 84595 4232 2839105 2411372 130809 77581 53228 56467 1551 39302 199604 4962 26678 115924 8828 35102 0 8110
"199201" 2823208 2347950 1397329 1378829 10433 8067 744521 206100 475259 387596 273332 106197 8067 83063 4600 2823208 2400918 130553 74167 56386 57855 1901 36558 195423 3914 28697 110892 8406 35490 0 8024
"199202" 2773669 2329471 1390533 1371159 11158 8216 730945 207993 444198 361910 251694 102000 8216 77325 4963 2773669 2365197 131103 73250 57853 52180 2201 35579 187409 3488 27675 106360 8358 33874 0 7654
"199203" 2743607 2304783 1387935 1369092 10453 8390 708048 208800 438825 354711 238646 107675 8390 78714 5400 2743607 2332098 134367 74612 59755 53207 2175 35751 186009 3589 26078 103197 7910 37149 0 8086
"199204" 2708669 2293448 1389167 1369481 11224 8462 692249 212032 415222 332763 216094 108207 8462 76656 5803 2708669 2303697 136186 75991 60195 50319 874 38201 179392 3704 26951 98780 6942 34644 0 8371
"199301" 2686238 2275622 1390448 1370703 11296 8449 668124 217050 410616 332970 212270 112251 8449 71746 5900 2686238 2266414 144020 82120 61900 53274 936 37905 183689 3432 26940 99839 7591 36997 0 8890
"199302" 2655954 2254890 1385059 1364717 11974 8368 649431 220400 401065 323118 203234 111516 8368 71920 6027 2655954 2240149 147846 85412 62434 48363 835 39052 179709 2883 26181 99521 8601 33308 0 9215
"199303" 2625885 2236506 1378277 1360113 9886 8278 637629 220600 389379 311677 199654 103745 8278 71202 6500 2625885 2224133 143401 81130 62271 49002 826 38892 169631 3279 25636 95173 8554 25990 0 10999
"199304" 2614793 2223110 1377196 1358549 10406 8241 624102 221812 391684 311712 196068 107403 8241 73043 6929 2614793 2190874 155587 91982 63605 48790 811 45050 173681 3045 25645 95369 6230 31879 0 11513
"199401" 2616478 2233785 1384396 1365863 10159 8374 619639 229750 382693 303612 196230 99008 8374 72081 7000 2616478 2196833 152045 87310 64735 52162 723 46167 168548 2780 22784 97070 5869 28406 0 11639
"199402" 2594136 2214840 1378051 1358819 10644 8588 605302 231487 379296 301268 195994 96686 8588 70846 7182 2594136 2165702 155832 90287 65545 49715 689 55185 167013 1958 20512 97483 5520 29593 0 11947
"199403" 2601147 2198531 1376802 1358892 9158 8752 591779 229950 402616 323387 203012 111623 8752 71979 7250 2601147 2173447 157040 90528 66512 53920 722 47755 168263 1358 20806 96459 2636 34799 0 12205
"199404" 2596997 2185755 1376209 1357920 9273 9016 582256 227290 411242 332970 213969 109985 9016 70957 7315 2596997 2164219 163545 96369 67176 55319 688 46570 166656 1277 16708 102103 2483 31404 0 12681
"199501" 2643705 2202528 1389903 1371977 8689 9237 585825 226800 441177 354127 232668 112222 9237 74050 13000 2643705 2206473 151005 82205 68800 60245 1126 45232 179624 1064 16291 104802 2536 41485 0 13446
"199502" 2685385 2229064 1421973 1403362 9150 9461 582369 224722 456321 360834 237520 113853 9461 76169 19318 2685385 2241132 161359 91827 69532 58001 1054 41546 182293 1021 16400 105820 2594 42703 0 13755
"199503" 2745111 2267586 1455932 1437375 8860 9697 578904 232750 477525 385731 247001 129033 9697 78644 13150 2745111 2280152 163948 93237 70711 58492 1053 39703 201763 1088 17216 108260 4209 57126 0 13864
"199504" 2775255 2298386 1490098 1471327 8541 10230 569353 238935 476870 387781 256534 121017 10230 80114 8975 2775255 2299689 171147 99688 71459 61959 940 39960 201560 1123 17104 110217 4464 52343 0 16309
"199601" 2861246 2367618 1548674 1529974 8250 10450 568244 250700 493629 402440 266551 125439 10450 81689 9500 2861246 2373495 167839 95849 71990 66592 1035 41726 210559 1018 19079 112289 4969 56630 0 16574
"199602" 2882420 2371311 1557909 1539496 7653 10760 561643 251759 511109 420089 279165 130164 10760 81080 9940 2882420 2384146 176787 103832 72955 67411 4336 40134 209606 1002 17918 115389 3871 54613 0 16813
"199603" 2952247 2395064 1575215 1557065 7613 10537 570870 248979 557183 458763 296450 151776 10537 88138 10282 2952247 2420017 186931 112984 73947 70800 3313 47107 224079 1397 17601 117909 2274 67381 0 17517
"199604" 3011979 2421088 1612157 1593093 8676 10388 557730 251201 590891 493068 306083 176597 10388 86400 11423 3011979 2440657 204675 129670 75005 72558 2376 50867 240846 1376 16384 119102 2293 82738 0 18953
"199701" 3084483 2478523 1665622 1636064 19439 10119 553496 259405 605960 505026 314247 180660 10119 88538 12396 3084483 2479618 211214 132912 78302 73058 2426 53653 264514 1350 18391 121347 5021 99429 0 18976
"199702" 3138710 2491963 1683311 1656662 16773 9876 545742 262910 646747 543648 329148 204624 9876 90330 12769 3138710 2504399 227641 146321 81320 74490 3270 56738 272172 1335 17534 124416 2302 106441 0 20144
"199703" 3203868 2507785 1714959 1691685 13104 10170 531470 261356 696083 589957 360922 218865 10170 93326 12800 3203868 2562195 225587 141792 83795 76885 2757 58824 277620 1203 15454 124123 2823 114967 0 19050
"199704" 3263988 2550576 1760429 1736964 13078 10387 525719 264428 713412 600972 369292 221293 10387 98068 14372 3263988 2577283 250089 164374 85715 78361 3395 63946 290914 962 17025 130095 2420 111326 6409 22677
"199801" 3371530 2610591 1813649 1790688 12301 10660 523592 273350 760939 645276 390148 244468 10660 101213 14450 3371530 2603989 300429 205028 95401 84756 2985 82713 296658 1138 18617 137691 1653 109607 3984 23968
"199802" 3379399 2625406 1831023 1805501 14613 10909 515940 278443 753994 634413 382674 240830 10909 103162 16419 3379399 2600251 307586 202999 104587 85820 3230 76437 306075 1413 20097 146102 1621 107001 5255 24586
"199803" 3434873 2657676 1867839 1846932 9692 11215 508725 281112 777197 652536 385326 255995 11215 107661 17000 3434873 2611703 316869 201597 115272 87833 3550 93100 321818 1377 20647 153289 1717 120015 1975 22798
"199804" 3545128 2739875 1944087 1923372 9358 11357 508301 287487 805253 673055 404118 257580 11357 113722 18476 3545128 2672965 319046 192588 126458 93175 4714 115861 339367 1465 23385 159879 1983 123927 4718 24010
"199901" 3565455 2759943 1956476 1937842 7884 10750 506297 297170 805513 672274 405790 255734 10750 113709 19530 3565455 2665268 334856 195635 139221 96512 3858 111327 353634 1382 25811 150932 2169 141323 6055 25962
"199902" 3585673 2777652 1971680 1953761 6892 11027 503309 302663 808022 671354 409648 250679 11027 116089 20579 3585673 2664035 363230 210997 152233 99354 4065 108311 346678 1312 26180 142165 1651 138006 10652 26712
"199903" 3646707 2808985 2004284 1985618 7294 11372 502831 301870 837723 699124 429272 258480 11372 116969 21630 3646707 2725341 380701 214705 165996 102287 4582 112401 321395 1313 19335 130619 2120 135925 5659 26424
"199904" 3760105 2823714 2016043 1996346 7524 12173 507911 299760 936392 792618 465672 314773 12173 122199 21575 3760105 2775001 416386 236877 179509 107156 5385 118815 337362 1344 16628 120615 1692 155399 9956 31728
"200001" 3857352 2891126 2076973 2057501 7200 12272 505833 308320 966226 816107 480593 323242 12272 129039 21080 3857352 2842113 431936 234409 197527 110425 5474 113329 354075 1939 18844 117690 2400 170826 10082 32294
"200002" 3898663 2912201 2099476 2079132 7451 12893 505171 307554 986462 832735 511650 308192 12893 131216 22511 3898663 2905269 465842 249797 216045 112633 5725 100576 308618 1333 16646 109050 2869 135504 10492 32724
"200003" 4000737 2975602 2156099 2136174 6464 13461 508903 310600 1025135 863844 530207 320176 13461 139291 22000 4000737 2959230 497374 265311 232063 115671 6248 101157 321057 1133 15183 101816 4738 147885 15984 34318
"200004" 4107273 3054702 2227659 2206918 7159 13582 514304 312739 1052571 885409 553606 318221 13582 142053 25109 4107273 3032887 519923 272343 247580 117766 6339 101536 328822 1434 15541 97699 1606 154774 22184 35584
"200101" 4244891 3168022 2308431 2287428 7572 13431 524791 334800 1076869 899151 548179 337541 13431 152118 25600 4244891 3166822 504572 254457 250115 120347 8384 86132 358634 1719 20896 85699 1475 194973 17487 36385
"200102" 4296831 3209596 2341305 2313359 13412 14534 525520 342771 1087235 901532 551721 335277 14534 156381 29322 4296831 3215905 502983 250584 252399 124498 9862 93499 350084 2336 18661 79385 1944 193752 19102 34904
"200103" 4370945 3276818 2394721 2370538 9033 15150 528403 353694 1094127 894527 552233 327144 15150 167566 32034 4370945 3294587 505497 251814 253683 125659 11674 91749 341779 2260 19059 71039 1813 191598 19789 36221
"200104" 4490359 3369310 2477057 2447282 11638 18137 530917 361336 1121049 918082 528420 371525 18137 168837 34130 4490359 3306657 535838 281120 254718 129812 10530 102122 405400 2189 22970 61323 1781 244034 30326 42777
"200201" 4668436 3489658 2559500 2532338 8464 18698 543811 386347 1178779 960681 524240 417743 18698 183098 35000 4668436 3475737 535141 276810 258331 131930 15236 113720 396672 2802 24856 59942 2550 238619 26059 41844
"200202" 4713981 3525382 2596972 2567708 9735 19529 543780 384630 1188600 966660 528058 419073 19529 183770 38170 4713981 3483032 541509 279564 261945 133631 9851 143538 402420 2733 22734 58195 2619 242766 30522 42851
"200203" 4818778 3619086 2682967 2655214 8276 19477 546749 389370 1199693 956747 551833 385437 19477 202535 40411 4818778 3595682 529475 263917 265558 134830 18414 152375 388002 3550 26472 56779 2249 222488 31552 44912
"200204" 4865703 3694692 2746498 2720911 9387 16200 551767 396427 1171012 915330 552735 346395 16200 212873 42809 4865703 3617075 560473 291301 269172 138661 27595 143345 378554 2581 24598 57462 1696 220153 25263 46801
"200301" 5019991 3805892 2831924 2806989 8907 16028 560329 413639 1214099 942949 569657 357264 16028 224189 46961 5019991 3794723 584334 303994 280340 145801 18415 114748 361970 2630 26742 53363 1138 206325 23067 48705
"200302" 5115715 3893987 2912282 2887145 9086 16051 560842 420863 1221728 934362 572514 345797 16051 237291 50075 5115715 3848298 616808 325301 291507 146660 27783 121517 354649 2680 27657 57108 903 186785 27228 52288
"200303" 5157396 3936068 2934589 2908127 9790 16672 576495 424984 1221329 931298 569759 344867 16672 237879 52152 5157396 3896323 639727 337052 302675 150763 9106 111272 350205 2650 28648 54785 862 188250 18580 56430
"200304" 5228883 4002087 2978186 2950537 10180 17469 598989 424912 1226797 928108 555709 354930 17469 245091 53598 5228883 3937852 676620 362778 313842 158973 2408 115025 338005 2608 27062 60739 842 166843 16749 63162
"200401" 5423102 4096286 3078039 3049326 11184 17529 581416 436831 1326817 987585 575198 394858 17529 284576 54656 5423102 4114533 676534 369694 306840 167554 1850 120554 342077 2950 27892 58566 823 168425 21426 61995
"200402" 5550247 4172698 3147341 3118940 10430 17971 584326 441031 1377550 1031001 596228 416802 17971 290058 56491 5550247 4238019 675173 370406 304767 162187 2114 134858 337896 3238 28851 49885 767 170016 25532 59607
"200403" 5669500 4233305 3204286 3176123 9317 18846 589308 439711 1436196 1070888 629574 422468 18846 306925 58383 5669500 4321001 706906 404213 302693 166847 2247 143406 329093 3196 27285 51770 1588 164830 19817 60607
"200404" 5788763 4283685 3258739 3230211 9496 19032 584548 440398 1505078 1120615 671261 430322 19032 324472 59991 5788763 4426801 701076 400456 300620 170564 2402 149166 338754 3233 26396 55905 1392 167225 23289 61314
"200501" 5947741 4374577 3337045 3305714 10822 20509 585274 452258 1573164 1175524 707886 447129 20509 336058 61582 5947741 4569761 709000 402506 306494 169192 2393 155367 342028 2837 25796 54672 1264 176404 21611 59444
"200502" 6046266 4401130 3360161 3327951 10213 21997 590019 450950 1645137 1229530 744600 462933 21997 352474 63133 6046266 4676832 705568 393199 312369 168955 1692 155457 337762 2806 24882 58339 822 163721 26709 60483
"200503" 6263610 4517411 3459863 3426579 10008 23276 602708 454840 1746200 1320850 802357 495217 23276 364054 61296 6263610 4850023 729839 411596 318243 174665 2074 160114 346895 2903 23695 62424 1756 179603 27608 48906
"200504" 6387649 4598126 3527078 3493090 10041 23947 618546 452502 1789524 1363726 838075 501704 23947 363270 62528 6387649 4913853 774477 450360 324117 183334 1439 155863 358683 2729 21911 62237 1277 182961 35342 52226
"200601" 6579460 4691764 3586190 3549557 11724 24909 637449 468125 1887697 1448392 871077 552406 24909 375628 63677 6579460 5098166 784520 455331 329189 186375 1537 153663 355199 3405 20290 61355 1741 182508 34456 51444
"200602" 6698427 4732866 3613305 3577145 11066 25094 651686 467875 1965561 1523270 931920 566256 25094 380094 62197 6698427 5179534 779699 445438 334261 188906 1575 166756 381957 4996 19390 61824 828 204849 41359 48711
"200603" 6846838 4790969 3650405 3608194 17152 25059 665678 474886 2055870 1595399 954475 615865 25059 396528 63943 6846838 5308180 795675 456342 339333 197484 4822 161840 378837 6621 17955 62345 812 208292 35728 47084
"200604" 6995845 4945083 3814662 3770881 18595 25186 647459 482962 2050763 1627708 968004 634518 25186 358027 65028 6995845 5400379 841397 496992 344405 209559 1660 167351 375499 6627 16995 63066 816 206699 33872 47424
"200701" 7208935 5086042 3902499 3856710 20540 25249 682461 501082 2122894 1641425 889170 727006 25249 413396 68073 7208935 5609641 828555 480421 348134 214234 1561 178555 376389 5035 16446 64287 1012 202494 38587 48528
"200702" 7273040 5123572 3933010 3883912 23042 26056 684009 506553 2149468 1668221 880903 761262 26056 411546 69701 7273040 5653659 823357 471493 351864 215694 1433 193351 385546 4570 16911 65009 1011 211967 36823 49255
"200703" 7462802 5178047 3987891 3935497 25118 27276 684424 505732 2284756 1801834 922376 852182 27276 412088 70834 7462802 5780438 804639 449046 355593 228285 1351 193448 454641 7818 16446 65461 771 266467 47402 50276
"200704" 7606723 5224513 4077709 4025925 25499 26285 638087 508717 2382210 1925276 991089 907902 26285 387061 69873 7606723 5888532 800657 441335 359322 245948 2841 207614 461131 9897 16962 67676 733 270638 46642 48583
"200801" 7844904 5383688 4194022 4136405 31595 26022 657850 531816 2461217 1990111 1009886 954203 26022 396609 74497 7844904 6051866 768629 398425 370204 247085 3782 229134 544408 10244 22727 68828 737 349687 41292 50893
"200802" 7834785 5416210 4188814 4132728 29416 26670 686245 541151 2418576 1973350 963084 983596 26670 369589 75637 7834785 5952199 826460 447939 378521 242854 1776 232104 579392 11687 25800 68770 733 368500 53159 50743
"200803" 7922307 5534675 4405731 4355658 22066 28007 589627 539317 2387632 2042835 1077598 937230 28007 274937 69860 7922307 6109275 818924 430910 388014 246539 2851 226765 517953 11973 25310 69741 726 331658 28498 50047
"200804" 7940918 5749320 4619096 4566153 25575 27368 578494 551730 2191599 1827704 1015643 784693 27368 293544 70351 7940918 6050737 772044 381888 390156 265065 1577 273080 578415 8327 28328 67940 726 355239 68498 49357
"200901" 8073188 5918674 4753592 4701469 26193 25930 582926 582156 2154514 1763707 976272 761505 25930 312554 78253 8073188 6077733 780805 396156 384649 278191 1730 247416 687313 10256 34015 69604 719 458103 63378 51238
"200902" 8087983 5936974 4777864 4728471 24124 25269 568162 590948 2151009 1770040 915574 829197 25269 300202 80767 8087983 6011224 782200 406077 376123 267391 1614 240486 785068 10154 35693 69346 722 550020 66601 52532
"200903" 8156298 6131129 4862713 4810623 26976 25114 677954 590462 2025170 1784869 865825 893930 25114 155217 85084 8156298 6012877 887554 521709 365845 273008 1922 228649 752288 17594 36491 71345 722 544603 30246 51287
"200904" 8316288 6326496 5003472 4949079 29928 24465 667899 655125 1989792 1824750 841666 958619 24465 137709 27333 8316288 6146468 886062 529787 356275 275910 1914 229530 776404 15286 37812 72670 719 573213 25744 50960
"201001" 8347189 6459421 5110917 5056458 30239 24220 674785 673719 1887769 1718910 789948 904742 24220 140703 28156 8347189 6290362 844772 497503 347269 281947 2017 220021 708070 19132 41040 73663 714 504643 21248 47630
"201002" 8242708 6443417 5099093 5047884 31569 19640 665924 678400 1799292 1626740 770529 836571 19640 144197 28355 8242708 6295343 814073 475189 338884 265116 1830 225490 640856 18162 42614 74908 718 432340 23692 48422
"201003" 8376798 6541784 5197138 5126621 50751 19766 663573 681073 1835015 1656295 750061 886468 19766 149310 29410 8376798 6347019 855536 522529 333007 268089 1770 229630 674754 17656 41835 75736 689 469990 22066 46782
