"DATES" "FL144090005.Q" "FL103091003.Q" "FL143020005.Q" "FL143030005.Q" "FL123034005.Q" "FL102050003.Q" "FL124004005.Q" "FL103069100.Q" "FL143061105.Q" "FL103061703.Q" "FL143062005.Q" "FL123065005.Q" "FL123066005.Q" "FL103064203.Q" "FL143070005.Q" "FL143090005.Q" "FL144190005.Q" "FL144104005.Q" "FL103169100.Q" "FL103162005.Q" "FL103163003.Q" "FL143168005.Q" "FL143169005.Q" "FL143165005.Q" "FL143170005.Q" "FL143178005.Q" "FL143190005.Q"
"195201" 138829 84 42559 900 0 0 26812 138 17862 0 825 27 7960 0 50863 17611 169483 105309 328 0 40873 26521 7782 29806 40120 18812 5242
"195202" 138734 102 43742 900 0 0 26321 432 16635 0 488 28 8738 0 49483 18186 167771 107455 304 0 42343 26432 8004 30372 38081 16610 5626
"195203" 144368 98 44088 900 0 0 26888 411 17018 0 578 29 8852 0 53690 18704 173701 109761 346 0 43470 26920 8156 30869 40798 17238 5904
"195204" 146531 75 44205 900 0 0 28684 195 17647 0 813 30 9999 0 53426 19241 178694 112593 331 0 44497 27923 8508 31333 42770 17381 5950
"195301" 145725 102 41076 900 0 0 28377 212 18164 0 865 31 9105 0 55443 19827 177935 114169 370 0 45257 27901 8848 31793 41950 16007 5809
"195302" 146304 74 43125 900 0 0 27221 194 16454 0 933 32 9608 0 54566 20418 179577 115903 297 0 46270 27704 9232 32400 42373 15201 6100
"195303" 150423 85 43237 900 0 0 28971 214 18232 0 1021 32 9472 0 56156 21074 184635 117363 347 0 46800 28130 9286 32799 43491 17399 6382
"195304" 150165 114 43921 900 0 0 30835 204 19240 0 1005 32 10354 0 53007 21388 184854 117668 402 0 48012 26851 9054 33349 42854 17986 6346
"195401" 146574 115 41140 950 0 0 28325 312 17887 0 963 32 9131 0 54155 21889 181140 119045 525 0 48789 26615 9294 33822 41573 14340 6183
"195402" 145989 128 42914 1000 0 0 25872 338 14874 0 922 32 9706 0 53736 22339 180084 120128 484 0 49724 26209 9212 34499 41978 11324 6654
"195403" 151829 150 44460 1050 0 0 27237 300 16366 0 997 32 9542 0 56236 22696 186498 122107 584 0 50999 26302 9142 35080 44156 13163 7072
"195404" 156305 158 46132 1100 0 0 29531 291 17523 0 972 33 10712 0 56321 23063 192374 123851 531 0 51547 26422 9446 35905 46630 14767 7126
"195501" 157657 147 44704 1075 0 0 28726 281 17543 150 1065 36 9651 0 59409 23596 192272 125422 500 0 52055 26770 9419 36679 46827 12936 7087
"195502" 160475 127 45722 1050 0 0 28801 352 16788 200 1059 40 10362 0 60474 24301 197458 128925 380 0 52779 28158 9711 37897 48881 12026 7626
"195503" 167992 123 46338 1025 0 0 30774 245 18619 250 1209 44 10407 0 64914 24818 208175 131539 371 0 53253 29479 9662 38774 53396 15248 7992
"195504" 174076 129 47377 1000 0 0 34657 217 21281 300 1219 47 11593 0 65566 25347 219797 136353 362 0 54564 31399 10008 40020 57110 18430 7904
"195601" 170862 95 44282 1000 0 0 31340 171 18878 325 1494 49 10423 0 67707 26438 218257 139280 362 0 54986 32877 10368 40688 56278 15133 7566
"195602" 171036 141 45140 1000 0 0 28765 325 15667 350 1333 50 11040 0 68832 27158 221493 143110 289 0 55946 34824 10402 41648 58265 12175 7943
"195603" 176239 119 45473 1000 0 0 28703 371 15575 375 1295 51 11036 0 72873 28071 228757 145790 401 0 57013 35896 10212 42268 60470 14259 8238
"195604" 180794 138 47263 1000 0 0 30890 305 16718 400 1342 54 12071 0 72497 29006 236097 149076 378 0 58040 37026 10605 43028 62156 16754 8111
"195701" 179674 198 44792 1000 0 0 29234 355 16166 500 1419 58 10736 0 74506 29944 235457 152019 353 0 59510 37091 11275 43790 61440 14218 7780
"195702" 179931 176 45624 1000 0 0 28036 349 14227 600 1403 63 11394 0 73877 31218 237039 155984 320 0 60975 38707 11387 44594 61108 11957 7990
"195703" 183839 153 46414 1000 0 0 28628 345 14773 700 1510 68 11232 0 75702 31942 242243 158185 364 0 62488 38469 11554 45310 62306 13511 8241
"195704" 185636 131 47970 1000 0 0 30474 435 15589 800 1479 72 12099 0 73487 32574 248267 161264 422 0 64072 38703 11898 46169 64041 14621 8340
"195801" 183484 160 45295 1550 0 0 27665 746 14394 700 1217 76 10532 0 75773 33041 244158 163279 716 0 65937 37417 12567 46641 61239 11495 8145
"195802" 185322 132 47104 2100 0 0 26062 455 12340 500 1682 80 11005 0 75869 34055 245691 165520 791 0 67017 37785 12351 47575 62730 8991 8450
"195803" 193478 172 48588 2000 0 0 27168 224 13175 550 1979 84 11156 0 80946 34604 253215 167667 795 0 68463 37632 11887 48890 66257 10322 8969
"195804" 199948 149 50622 1900 0 0 31196 210 16092 600 1958 87 12249 0 80891 35190 262772 172325 658 0 69715 38938 12344 50670 69367 12026 9054
"195901" 200952 143 47640 1800 0 0 31813 502 17280 700 1958 74 11299 0 83161 36395 265475 174591 652 0 70307 38811 13174 51647 69918 11682 9284
"195902" 205952 137 48115 1700 0 0 33683 622 18104 900 2009 62 11986 0 84719 37598 273887 180088 458 0 71169 41387 13873 53201 71759 12591 9449
"195903" 209804 145 47069 1600 0 0 35951 240 20311 1000 2455 21 11924 0 86684 38355 278082 182722 527 0 71737 42274 13653 54531 72425 13275 9659
"195904" 212907 132 48131 1500 0 0 39328 742 21621 1200 1794 21 13950 0 85213 38603 285339 187116 315 0 72794 43757 14219 56031 74273 14150 9800
"196001" 212414 121 45208 1268 0 0 36154 740 19986 1200 2449 22 11757 0 89128 40535 288225 190269 427 0 73216 44414 15498 56713 75267 12817 9873
"196002" 211700 140 46020 1087 0 0 35138 757 18247 1343 2179 23 12589 0 88932 40383 292445 194839 547 0 74107 45685 16332 58168 75822 11903 9881
"196003" 214006 191 46081 1346 0 0 33041 648 16446 1190 2548 24 12185 0 92060 41287 295406 196525 782 0 74889 45379 15958 59518 77062 11795 10024
"196004" 215356 148 46486 3000 0 0 33363 788 15752 1116 2382 24 13301 0 90389 41970 301220 200962 769 0 76216 46469 16595 60913 77704 12560 9994
"196101" 214259 189 44677 3272 0 0 30698 562 15225 936 2780 26 11169 0 92335 43088 300899 202697 623 0 76577 46573 16690 62233 77031 10921 10250
"196102" 220194 213 46035 3863 0 0 31136 613 14636 1233 2782 28 11844 0 94706 44241 305893 206857 726 0 78530 46531 16876 64194 78144 10584 10308
"196103" 224342 238 46242 4606 0 0 30006 245 13288 1248 3191 30 12004 0 98410 44840 311323 209406 1017 0 79237 46492 16641 66018 79751 11557 10609
"196104" 228662 236 50046 4100 0 0 32284 1089 14096 1248 2395 33 13423 0 96481 45515 320093 215185 1094 0 80611 47999 17279 68201 80981 13274 10653
"196201" 228975 234 46599 5395 0 0 31455 562 14217 1238 3376 38 12024 31 98334 46927 321861 217789 1131 0 81437 47640 17700 69881 80318 12916 10838
"196202" 231792 296 47866 5554 0 0 31356 907 13061 1184 3069 44 13091 82 98956 47682 328555 223679 1092 0 82981 49540 18055 72012 80785 13001 11090
"196203" 236342 788 48647 4903 0 0 30306 1079 11645 1308 3056 50 13168 134 102927 48637 335657 226954 1363 0 83558 50269 17684 74080 83464 13996 11242
"196204" 240543 790 52949 5000 0 0 32114 1304 12307 1275 2697 54 14477 168 100462 49060 343031 233322 1198 0 84643 52665 18208 76609 83829 14355 11525
"196301" 241296 828 46130 5344 0 0 34987 1092 16367 930 3366 56 13176 187 102904 50916 345637 236478 1214 0 85579 52263 19092 78329 83739 13596 11824
"196302" 246074 1065 47496 5160 0 0 35494 1008 15252 1314 3766 56 14098 193 104156 52510 352893 242186 987 0 86695 53906 19569 81029 84893 13743 12071
"196303" 250751 1000 48087 5117 0 0 35456 445 14602 1399 4571 56 14383 195 107214 53682 359289 245203 1111 0 87225 54169 19336 83361 86850 14713 12523
"196304" 255860 731 51672 5687 0 0 37430 969 15128 1608 3787 60 15878 203 106061 54076 370922 252780 968 0 88414 57318 20041 86038 89832 15744 12567
"196401" 255893 867 47100 6724 0 68 37440 1341 16148 1325 3824 65 14737 214 107769 55711 371357 256076 948 0 89091 56855 21392 87790 87197 15109 12976
"196402" 260929 978 49093 6452 0 169 37411 1058 15240 1364 4338 72 15339 225 109405 57196 379733 263107 889 0 90362 59008 22311 90537 88767 14675 13184
"196403" 267383 1243 49324 6309 0 135 36719 1729 14402 1152 3791 79 15566 238 114977 58438 387941 267267 1081 0 91058 59730 22280 93117 91741 15338 13596
"196404" 271315 1097 51099 6671 0 309 37902 1694 14481 1000 3680 84 16963 253 114825 59159 401033 275048 1125 0 92408 62649 22681 96185 96243 16211 13531
"196501" 273970 1033 47791 7704 0 280 37075 995 14092 1078 4889 86 15935 270 118012 61805 408042 281360 847 0 93342 65313 23878 97980 96696 15891 14095
"196502" 279550 822 48636 8601 0 198 36322 678 12320 1059 5455 86 16724 289 120869 63813 418817 290097 727 0 94941 68939 24877 100613 99061 15316 14343
"196503" 285831 892 47724 9212 0 336 35898 893 11829 1254 5186 86 16650 309 126745 64715 429073 295476 926 0 96634 70362 24519 103035 102441 16329 14827
"196504" 299383 781 51532 8993 0 593 37956 1370 12548 1238 4600 88 18112 330 127976 71222 445447 304581 797 0 97260 75105 25671 105748 107616 18294 14956
"196601" 301945 884 46430 9886 0 512 37663 2375 12958 1216 4068 93 16953 351 131693 74526 453392 313170 820 0 100223 76734 27192 108201 106556 18132 15534
"196602" 307295 917 47225 9708 0 439 36983 2473 11330 1382 4060 100 17638 370 135688 75965 464686 325410 861 0 102790 82145 27950 111664 108203 15594 15479
"196603" 311980 932 46088 9774 0 481 35506 1952 10774 1107 4506 108 17059 393 141827 76979 474967 331092 1466 0 105223 83221 27204 113977 111599 16562 15714
"196604" 314815 885 50850 8603 0 895 36872 2852 11054 1027 3639 114 18186 425 140958 75327 488174 339099 1622 0 107474 85815 28239 115949 115648 17414 16013
"196701" 313819 951 47769 9556 0 568 35033 3495 10445 793 3345 115 16840 469 142118 77355 491280 346474 2677 0 110617 86400 29352 117429 111512 16730 16563
"196702" 315130 843 49713 8777 0 667 32847 3418 7908 686 3322 113 17400 523 143764 77996 498173 357238 3242 0 114236 90264 29394 120102 112750 11296 16889
"196703" 322455 827 50881 9099 0 605 32242 3916 7337 684 3106 111 17088 581 148506 79714 508106 362821 3264 0 118745 89481 28814 122517 115822 11866 17597
"196704" 333892 1055 53442 9682 0 670 35352 3952 8714 1005 3300 112 18269 635 149904 83152 526489 375589 3034 0 122132 93715 29565 127143 121481 13225 16194
"196801" 337984 1357 51875 9375 0 1103 36356 3819 10100 1184 4290 106 16857 692 151660 85566 535406 380812 3482 0 124734 93531 31174 127892 118270 17667 18657
"196802" 345085 1749 53716 8129 0 1067 35948 4603 8827 1333 3741 104 17340 759 156810 86907 547848 392646 3400 0 128262 98114 31810 131060 123060 13031 19111
"196803" 352482 1832 53608 8539 0 1021 34565 5071 8129 1364 3201 103 16697 816 164176 87925 562751 400221 4928 0 131563 98612 31321 133797 129520 12930 20080
"196804" 366783 1587 56330 9056 0 1121 37891 5099 9259 1434 3782 100 18217 845 167209 92744 584508 413796 4249 0 135025 105013 32082 137427 135823 14330 20559
"196901" 375254 1856 55582 7692 0 2202 38301 6207 9749 1770 3600 123 16852 845 172878 95898 597069 423556 4880 0 138462 107387 33353 139474 136029 15517 21968
"196902" 383721 1809 59401 4593 0 1946 37461 6806 8349 1601 3300 260 17145 816 179341 98354 615887 439449 4914 0 141743 114201 35838 142754 141510 12220 22707
"196903" 392351 1618 59962 3525 0 2868 35284 7206 6236 1569 3050 401 16822 777 188091 100226 633772 449220 5778 0 144467 116429 37104 145442 148246 12507 23800
"196904" 402974 1173 62014 3652 0 3311 36749 7628 6146 1676 2800 536 17963 745 190832 104498 655134 462003 5356 0 147000 121216 39013 149418 155969 12628 24534
"197001" 407710 1172 59610 4548 0 3762 35125 8156 5805 1476 2675 594 16419 719 195275 107499 661951 474182 7044 0 150069 121884 40456 154729 153732 12846 21191
"197002" 413313 1220 58343 5911 0 1259 37108 8432 6665 1486 3050 702 16773 688 197535 111249 679829 491564 6895 0 155797 126989 42467 159416 156807 10054 21405
"197003" 417496 1141 59494 6325 0 63 37205 8433 7616 1164 1925 808 17259 662 199986 112620 692885 501792 7361 0 161157 125967 42119 165188 158690 10159 22244
"197004" 426300 798 63075 6747 0 234 39161 9389 6983 1209 2175 914 18491 645 198012 117628 709241 513295 7133 0 166756 126479 42175 170752 163157 9996 22793
"197101" 435642 1082 59004 9344 0 1318 40231 9954 6485 1049 2425 1194 19124 645 201580 122438 722421 523495 8333 0 172222 124832 43775 174333 162892 11698 24336
"197102" 445723 1102 59756 11024 0 6 42520 9791 7930 929 2675 1474 19721 659 204744 125912 740834 540652 6856 20 177621 128795 45708 181652 164447 11110 24626
"197103" 459479 1239 59851 11865 0 1063 43123 10510 7071 902 2925 1795 19920 677 210501 131160 758193 552463 7434 53 181204 130556 45297 187919 167568 12805 25356
"197104" 477742 1234 61747 12509 0 1077 48458 11275 9957 911 3175 2114 21026 690 211924 140103 782071 564713 6247 86 185563 132783 44892 195142 177024 14123 26212
"197201" 491222 1421 59480 15140 0 2565 46623 12388 8157 823 3425 2412 19418 701 218854 146438 797433 578269 7538 126 188338 133619 46928 201721 176082 15798 27284
"197202" 503046 1626 59555 16124 0 3111 46563 13219 6200 808 3675 2649 20012 711 224373 150983 819751 599119 8126 293 192150 138598 48053 211900 179404 14020 27208
"197203" 517466 1820 62548 15141 0 2103 47615 13513 5878 975 3925 2996 20328 721 232379 155139 844155 612056 7761 466 195187 140319 47736 220586 188589 15950 27560
"197204" 556170 2172 64395 16490 0 2688 52281 14235 7981 1036 4175 3226 21628 732 238977 178435 883300 635683 6968 634 197750 148426 50093 231813 201344 18010 28262
"197301" 577167 2722 61645 20589 0 6514 49611 13258 7080 1097 4425 3434 20317 743 249610 185733 915592 659113 5871 955 199202 160298 53425 239362 205791 20487 30201
"197302" 597919 3005 62786 23290 0 6345 50615 13437 5920 1256 5050 3599 21353 754 261126 189998 959001 688058 6032 1490 202249 170726 56016 251545 220366 18982 31595
"197303" 617662 2729 65587 23084 0 9501 48058 13633 3099 1659 4675 3642 21350 765 274447 193491 996232 709957 6335 1979 204906 177137 57203 262397 232290 21164 32821
"197304" 647312 3329 70352 22836 0 11262 50816 14876 3665 2035 4038 3609 22593 775 280403 207539 1040896 729502 8382 2430 206909 182862 59252 269667 252809 23290 35295
"197401" 662891 3729 66731 25526 0 12472 50285 16212 2167 2330 4569 3751 21256 785 294469 208894 1071273 750882 9235 2841 210614 189865 61974 276354 254957 26744 38689
"197402" 679519 3529 67311 26384 0 10046 51377 15131 2706 2607 4558 3877 22498 794 311006 209072 1115666 782475 9967 3265 216000 203503 64283 285457 267319 26144 39728
"197403" 698133 3129 70007 26591 0 8630 54606 16933 3207 3080 4593 4035 22758 804 319106 215260 1154228 802163 12569 3596 220192 208150 67262 290394 277278 30652 44135
"197404" 696465 4946 71906 28248 0 5485 55476 16520 3851 2953 4654 4139 23359 816 258807 270781 1092997 823227 12513 4078 226579 213631 71644 294782 192748 30061 46961
"197501" 821262 2170 76334 27638 0 1453 58295 6255 7716 3999 6229 12525 21571 832 276277 378263 1369404 832356 14009 4508 236009 205894 73204 298731 180979 28748 327321
"197502" 840653 1739 78479 29922 0 794 61840 6685 9349 3555 7296 12593 22362 851 283132 383896 1392130 845720 11658 5319 244281 204499 75317 304646 181806 24716 339888
"197503" 844929 1760 77985 32325 0 813 61957 7267 10435 3484 5419 12737 22615 871 299352 369866 1422588 852455 11780 5920 247958 200863 76723 309212 192423 27300 350410
"197504" 857286 2622 83016 32218 0 1189 68848 8371 15538 3264 4846 12949 23880 890 285992 382511 1441979 864192 9616 6678 253783 201393 79895 312826 205313 28894 343581
"197601" 893447 3182 83460 33151 0 3107 72839 9324 20508 3088 4084 13190 22645 912 304617 392179 1477934 875248 10926 6985 260254 194788 84104 318191 197556 32477 372654
"197602" 926438 3298 84461 34764 0 1329 74455 9073 21690 3029 3474 13492 23697 942 319746 407443 1513002 896824 11818 7487 265211 199224 87801 325284 206795 30102 379281
"197603" 950589 2709 84472 34321 0 1961 74354 9486 19886 3018 3984 13940 24040 964 333111 418697 1554781 912247 10889 8360 270908 199543 90456 332091 213977 33486 395071
"197604" 957392 3439 89677 38273 0 1459 81168 10511 23062 2868 4228 14518 25981 964 318298 424114 1580453 935479 11049 9163 276614 203656 96041 338956 227236 35575 382163
"197701" 977612 3897 85835 37906 31 1701 80316 10494 24067 2789 4104 15480 23382 941 341363 425622 1628267 962345 12083 11928 282016 207746 102123 346449 230274 37262 398386
"197702" 1002083 4744 88575 39781 74 1848 76615 9442 19386 2682 4396 16518 24191 895 355262 434289 1666232 994522 12914 14079 285712 216712 107467 357638 239530 31819 400361
"197703" 1035130 4914 89050 41126 130 2167 77747 8984 19178 2375 5068 17731 24411 841 373504 445651 1718039 1018301 13175 15713 291816 220418 108658 368521 245758 35421 418558
"197704" 1075864 5686 96131 47583 200 2115 80849 9390 18968 2672 4370 19091 26358 790 366382 476128 1775136 1054318 12808 17377 299491 227040 116198 381405 262869 38005 419943
"197801" 1108837 7097 90149 47745 255 2376 79218 10332 17725 2897 3635 20071 24558 738 387691 493568 1838028 1084139 13719 18702 303936 237991 118901 390890 266127 41101 446661
"197802" 1138938 7450 93380 48713 268 2272 80257 9330 16971 3358 4429 21115 25054 667 412451 493480 1895498 1125168 14419 20838 310353 249882 125848 403827 278880 36205 455245
"197803" 1182026 6457 95116 48565 349 2038 80488 9061 15835 2779 4976 22319 25518 615 439696 508702 1958213 1152641 14992 23017 315522 253717 129918 415474 286330 40066 479176
"197804" 1232519 8317 105722 53704 610 2509 86759 9512 18254 2773 4611 23653 27956 618 433299 540981 2040145 1188411 15499 25041 320607 262980 137987 426297 311389 44006 496339
"197901" 1282324 12524 104043 53027 1028 3434 86214 8896 17711 3364 4885 25314 26044 680 465455 555919 2124869 1223751 17665 27366 324975 272873 144661 436211 316705 49457 534956
"197902" 1320720 11273 102999 52444 1581 2949 91064 8604 20848 3430 4620 26929 26633 800 487885 569725 2203452 1274460 20564 29681 330267 287252 155383 451312 332939 45212 550842
"197903" 1389252 9777 103703 57541 2246 2685 86872 7732 16879 2570 4003 28417 27271 939 520103 605386 2304432 1314337 23828 32325 334133 299222 158768 466061 351394 50597 588104
"197904" 1432612 10080 114689 61683 3000 3116 91106 9586 16277 1800 4458 29804 29181 1060 509809 638069 2392168 1347028 24518 35028 337915 308118 168121 473329 375393 53781 615965
"198001" 1458525 9174 113057 60285 3757 2334 93800 10176 16935 1933 7715 31718 25323 1177 542195 632746 2486069 1387656 31052 37147 343860 316577 174948 484072 378213 59894 660306
"198002" 1473874 8564 115496 58764 4432 3023 91854 9757 12423 1969 7878 33842 25985 1304 541772 648665 2532935 1409919 36334 40024 355030 305961 179864 492705 372951 54360 695705
"198003" 1559810 8670 116775 60322 5389 3443 98010 9264 16197 1679 7319 36513 27038 1421 562227 703553 2624965 1436909 32189 42743 362374 317090 179894 502619 381501 57579 748976
"198004" 1613476 9696 117123 69253 6993 3887 106122 9132 16261 2205 9362 39611 29551 1507 561845 737050 2696100 1478092 28026 45892 365570 337165 187434 514006 410333 59192 748483
"198101" 1742136 9384 111988 75704 9437 3459 102616 8799 15321 2243 5021 43399 27833 1541 605062 822945 2858852 1513070 31837 48925 371608 335585 198877 526238 429918 61994 853869
"198102" 1776013 9411 108277 75574 12915 2925 111569 8163 20172 3864 3199 47346 28825 1504 622610 831228 2918514 1572212 37819 52894 379240 350527 210119 541613 439379 56191 850732
"198103" 1806198 10495 104552 74591 16288 1514 120190 8021 23076 4475 3986 51659 28973 1498 638626 838444 3003335 1622678 44081 56029 383712 367159 216582 555114 437207 58274 885177
"198104" 1840082 12386 98485 80671 18416 1784 133126 8199 21950 5779 10606 56245 30347 1624 611151 882439 3049692 1661972 42722 59323 390331 380065 226197 563334 443387 53608 890725
"198201" 1859588 10066 95035 80616 19547 1820 126086 7908 19110 3809 8858 58351 28050 1882 619534 905002 3133482 1704633 49836 62963 398241 390391 229055 574147 432640 52994 943216
"198202" 1867858 11310 95410 77346 19930 2452 123746 8236 15750 3837 6708 60313 28902 2265 627596 907803 3189090 1753414 51741 66287 403341 409945 234609 587492 438039 47021 950615
"198203" 1924226 8268 97156 85392 19711 3305 127752 7731 18164 2506 8272 61908 29171 2689 641153 938800 3270285 1790842 49726 70589 411321 423478 237435 598293 441733 49204 988506
"198204" 1962649 10063 112599 91673 19031 2435 141697 7948 24255 3322 12178 63207 30787 3070 614124 967957 3304563 1811441 37614 74466 420997 430591 237088 610685 458624 50820 983679
"198301" 2014000 11580 108481 92246 17526 3278 146819 8071 28391 2830 14440 64198 28889 3409 628486 1002175 3356828 1859184 41187 76920 427194 430694 239482 643707 439385 57185 1001074
"198302" 2085297 11545 117165 97666 14825 3899 156917 9343 31581 3753 16085 65410 30745 3707 651607 1027966 3416805 1899396 38849 79803 438317 431204 249410 661812 443710 53628 1020071
"198303" 2125293 13176 124328 97393 12259 3847 155845 9943 29491 3141 14241 67163 31866 4044 680734 1033667 3483043 1940134 40547 81876 442938 436542 255700 682532 440990 57706 1044213
"198304" 2169311 14393 142662 101674 11153 3248 175521 12188 36167 4187 18268 69346 35365 4501 678921 1037238 3550270 1999145 36775 83897 446980 455323 269724 706445 466346 55727 1029052
"198401" 2258671 15541 156511 99993 11509 4127 190717 12632 44240 2548 23572 74649 33076 5034 716809 1058430 3689361 2071174 42518 85897 455202 474071 282924 730562 474886 60422 1082879
"198402" 2345144 16503 152314 99091 13318 5917 195530 11246 43437 3291 23026 79964 34566 5604 749377 1107490 3827067 2163251 53463 88116 463644 496303 298913 762812 495206 56920 1111690
"198403" 2440018 12418 153186 95221 15272 3928 195552 11189 39660 3715 20664 85344 34980 6295 775691 1182455 3949051 2230488 60349 90480 477439 502821 309813 789585 496076 57777 1164710
"198404" 2470132 13284 160848 104224 16062 3919 208627 9742 41948 5319 22483 90757 38378 7193 753413 1202562 4003339 2325082 58490 104439 495058 523393 328513 815189 505799 60318 1112141
"198501" 2542526 12568 150844 109420 15820 8081 197619 10202 35624 4183 18276 93828 35506 8651 785332 1254191 4141712 2378510 62972 106139 513558 530897 335991 828954 502997 61330 1198875
"198502" 2597508 11895 159604 104764 14675 4225 221967 9798 48218 3502 26658 96700 37091 10112 798095 1272171 4250711 2448878 68886 110639 535693 535006 341169 857484 508875 57964 1234995
"198503" 2653925 12514 173424 108177 14413 4794 213630 9326 41501 3533 22113 99057 38100 10393 809283 1307297 4359608 2492404 69036 116039 554766 543181 344076 865305 506758 61746 1298700
"198504" 2774559 16023 198320 109901 14520 3374 230424 10478 46856 4017 25572 100996 42505 10799 803140 1388058 4487623 2577496 72207 127039 578234 558100 359295 882621 546988 60605 1302534
"198601" 2794711 17734 192328 116137 16213 3349 218564 11646 42964 4167 20530 99139 40118 12589 793951 1423846 4497723 2639314 69514 124039 614192 560986 368623 901960 499556 62165 1296687
"198602" 2841550 18854 190651 122345 16464 2900 231124 10268 50723 4518 25314 98701 41600 13947 810815 1434450 4553995 2718268 68654 120767 653462 568392 382861 924132 490410 61722 1283596
"198603" 2921802 18104 183407 134442 16796 3742 229418 9378 49491 5750 24145 98139 42515 14709 832565 1488619 4668509 2779239 72779 119531 681794 569295 391051 944789 495495 63911 1329864
"198604" 2978807 19201 202448 127838 18122 5073 230527 10173 51096 2360 25055 94826 47017 15676 816308 1543614 4743767 2870957 62865 117138 705350 615423 404729 965452 529896 66053 1276862
"198701" 3077588 16826 202883 123132 19573 5556 224254 12384 48425 2274 23308 93440 44423 16057 847753 1621554 4829579 2932801 63593 117349 730491 600014 408610 1012744 533325 67406 1296047
"198702" 3122975 15896 208014 122975 18391 5532 217756 13815 43099 3006 19994 91271 46571 15039 864259 1655113 4893215 2993195 67916 116146 748212 609438 419797 1031686 527632 70408 1301980
"198703" 3185216 15081 208393 120919 18379 5601 218456 16886 41642 3036 19285 89532 48075 14628 886331 1697428 4956798 3045925 68108 116097 768763 612241 428291 1052424 538000 71305 1301569
"198704" 3204271 16262 212887 126333 18945 3362 222031 14966 41589 2648 19364 89436 54028 12817 881598 1710036 5071486 3122592 73768 116224 784115 627979 439956 1080550 579323 71717 1297854
"198801" 3286564 18334 211561 124630 18384 3658 222942 12295 41115 3702 19051 95866 50913 12167 919892 1754996 5189968 3196621 73507 115753 809612 635917 460904 1100928 585775 73192 1334380
"198802" 3364093 25398 219470 119384 17318 3075 230705 15348 36777 6107 16091 103552 52830 11478 958949 1778316 5286240 3280382 77847 116168 840675 655586 468766 1121341 593001 71358 1341499
"198803" 3421410 26273 218940 124824 16243 3695 237350 13725 36840 5918 16012 111068 53787 10912 975610 1807563 5366911 3336286 80303 115932 865654 657284 481143 1135971 589594 71009 1370021
"198804" 3634568 21554 231440 129230 15649 4981 251463 13648 38251 6022 16794 115991 60757 10627 984210 1985414 5607746 3409211 85676 116409 887232 670116 492920 1156858 640902 71132 1486501
"198901" 3780609 18622 226204 122107 15328 3744 257144 14686 47795 7692 22931 111387 52653 10876 1017506 2109078 5809406 3479122 96147 115626 901803 677077 514018 1174452 643363 76986 1609935
"198902" 3823284 17113 228155 128116 15062 3524 258893 17526 50845 7090 24648 104392 54392 11643 1047531 2113247 5886180 3555021 110059 115090 923201 690210 532401 1184060 647588 72612 1610960
"198903" 3852556 13992 229499 120264 15215 2449 257986 14351 56344 6564 27997 96954 55776 12045 1058457 2142649 5959696 3583299 113273 114688 939038 699650 526002 1190648 644651 72619 1659127
"198904" 3871018 14705 241711 128961 16154 2783 272564 14291 63378 9170 32351 89545 63829 11709 1033072 2149359 6035195 3641482 107112 115490 961079 707886 559956 1189960 665015 69706 1658991
"199001" 3877544 15669 235067 119428 18018 2036 245595 11574 56308 7046 24637 87518 58512 11097 1039846 2190788 6082546 3698239 126034 114943 967962 705276 580824 1203200 656840 74037 1653430
"199002" 3889237 15551 232695 121084 22443 1800 245628 12555 58039 5292 23911 86246 59585 11261 1075983 2162792 6096411 3737950 128659 115278 984418 712684 591973 1204938 661402 68993 1628066
"199003" 3931566 14509 230264 123818 24015 2792 235033 12016 49068 2886 25802 85186 60075 9296 1110440 2181399 6184252 3760668 131811 115026 991867 708360 603345 1210260 682059 72853 1668672
"199004" 3980788 14717 250069 125583 26320 2137 242918 13836 50161 3285 24671 83824 67141 9723 1064995 2244326 6218029 3768474 116852 115153 1008167 714743 608057 1205503 693278 70302 1685974
"199101" 4013665 15349 219957 128049 28022 1324 232265 13845 46999 2873 25480 83882 59186 11775 1048621 2328303 6234209 3747487 119851 114860 1027331 707453 577383 1200609 658459 66752 1761511
"199102" 4048393 12599 227112 132669 29283 1430 234863 15866 47099 4955 25455 84103 57385 12357 1078110 2319970 6250918 3755283 119437 115537 1051467 695037 570691 1203114 668306 59628 1767701
"199103" 4106008 13578 238733 136293 30366 1635 250371 14318 54475 3350 36642 84343 57243 13606 1092297 2329129 6295016 3722047 107016 115277 1071876 687039 556836 1184003 682374 63751 1826844
"199104" 4114401 16435 259138 130809 31533 1620 268284 14695 55675 5112 44818 84996 62988 14828 1058104 2333650 6287648 3676707 98477 113984 1086935 677238 535031 1165042 717878 61371 1831693
"199201" 4238160 14978 254056 130553 35641 3211 250042 13853 54367 7872 33322 84596 56032 16197 1075481 2458001 6516475 3687184 110434 114334 1106050 669460 536251 1150655 699339 67184 2062769
"199202" 4249437 14987 252690 131103 40363 3872 274041 14122 70171 7727 40878 84270 56873 17119 1119455 2395807 6521514 3689155 111996 115097 1125491 662699 532823 1141049 717201 64213 2050945
"199203" 4268786 15639 252199 134367 44819 3194 271005 14757 65332 8462 39984 84627 57843 18891 1134080 2394592 6532762 3675265 108216 116104 1140928 658929 530321 1120767 726285 68374 2062838
"199204" 4303884 15791 260302 136186 47346 5057 295953 17044 73565 8585 45813 85205 65741 21148 1092754 2429347 6558109 3670585 107106 118285 1154504 660766 532902 1097023 757549 68465 2061509
"199301" 4400603 13489 254494 144020 47964 3905 276736 15860 56231 15167 44494 81633 63351 23483 1132267 2504245 6651109 3666059 113900 119327 1175932 651157 524764 1080979 744768 74396 2165886
"199302" 4485656 13667 261245 147846 46695 3071 281727 18076 61216 11620 47081 79181 64553 25215 1164429 2541761 6704969 3680207 124025 120705 1194857 656669 516869 1067082 744847 70609 2209307
"199303" 4565813 15278 258801 143401 45118 1963 300077 16698 66531 17224 56150 76866 66608 27899 1190125 2583151 6748170 3679496 123232 122697 1212857 649571 509489 1061650 752789 73232 2242653
"199304" 4679773 14502 284151 155587 44812 2506 308463 19411 62439 19059 56192 74133 77229 29776 1143777 2696199 6821853 3691545 117829 124864 1229707 657428 503372 1058344 795567 72112 2262629
"199401" 4717697 15730 287198 152045 45315 2579 306983 16511 68661 22414 53576 74116 71705 29526 1177250 2701071 6863173 3739261 129885 126947 1238257 666036 528222 1049914 781459 76964 2265488
"199402" 4797749 16080 288768 155832 48704 2514 313150 17880 68659 24901 51518 76936 73256 29114 1228063 2715524 6931641 3778709 135680 129467 1247607 683606 530564 1051785 806617 73256 2273059
"199403" 4870603 12638 296562 157040 49104 2696 314213 17818 76920 14900 51616 78218 74741 30922 1246202 2761226 6982597 3807070 138683 130445 1251457 699459 531660 1055366 822266 74996 2278265
"199404" 5012100 15664 308333 163545 52212 2178 332945 18826 69150 19875 58320 80153 86621 31061 1232003 2874159 7100750 3841964 139238 131689 1253007 719837 544721 1053471 880392 73122 2305272
"199501" 5090671 13850 296906 151005 52406 3707 309504 18211 61608 21042 49135 79761 79747 34725 1262686 2965882 7185382 3927850 149799 131748 1270165 751366 563937 1060835 876570 82352 2298610
"199502" 5226938 14454 289564 161359 65609 9019 336475 17386 69206 24306 65273 79799 80505 38408 1289639 3022411 7284050 4020359 162887 132761 1306093 777459 571658 1069501 888848 73904 2300939
"199503" 5374170 15856 301857 163948 68502 3771 305392 18004 66348 20783 42348 79629 78280 42323 1343457 3129064 7403348 4069191 163268 133510 1329673 790215 572924 1079601 924461 75515 2334181
"199504" 5567867 17403 326480 171147 76998 2440 328015 20142 80724 23421 38999 79668 85061 45668 1325261 3274455 7556820 4142812 157351 134758 1357204 806173 597266 1090060 975331 73667 2365010
"199601" 5721756 20387 306507 167839 79862 2428 306093 17436 82413 20853 30331 78382 76678 50177 1368703 3419760 7699208 4223786 174174 134937 1390652 818636 607228 1098159 971532 83165 2420725
"199602" 5870168 19844 319274 176787 80500 4322 316813 20928 90198 22880 33856 76934 72017 54306 1425282 3473040 7818830 4310921 181726 137110 1422668 835042 616170 1118206 1003764 80014 2424131
"199603" 6001602 20922 337237 186931 81750 4674 309826 23488 79919 25926 36126 75847 68520 57743 1458308 3544211 7941049 4368053 172999 137084 1447454 863263 621207 1126046 996125 84317 2492555
"199604" 6159676 28208 355018 204675 86873 3904 321784 31534 75645 28480 33644 74736 77745 63000 1442904 3653310 8064247 4414963 156405 137851 1485179 876038 619247 1140243 1056856 85547 2506881
"199701" 6251549 28968 363318 211214 94008 3732 314017 26721 84519 19272 33125 80423 69957 61539 1488384 3686369 8178981 4508073 168747 138652 1515565 905993 628339 1150777 1044086 98935 2527887
"199702" 6383774 33462 361007 227641 98020 3249 302200 25733 70901 11823 39163 86607 67973 70039 1553500 3734656 8273357 4614205 179286 139800 1558686 932424 629070 1174939 1066374 95247 2497531
"199703" 6541186 33251 371038 225587 104931 4004 302989 28351 68422 8394 36410 92755 68657 74979 1582265 3842142 8409780 4712095 176649 141682 1613799 946188 644538 1189239 1093808 103342 2500535
"199704" 6636508 23139 370059 250089 110726 4562 317150 36145 59081 7971 30556 98988 84409 75000 1566031 3919752 8511905 4851514 168598 142002 1666280 973944 677346 1223345 1154029 99155 2407207
"199801" 6878993 27115 388883 300429 117331 3717 303770 32204 56020 7283 32291 97675 78297 86329 1607699 4043720 8743817 5001819 193105 143842 1731059 982853 696222 1254738 1172250 110288 2459460
"199802" 7099823 20577 381768 307586 133928 2491 293641 28870 54878 7036 29480 96327 77050 89396 1649614 4220822 8982220 5164386 202491 145492 1805492 1021949 701533 1287429 1174651 100645 2542538
"199803" 7217514 18385 385422 316869 145854 3252 296272 31301 57331 8288 28716 94945 75691 80035 1708388 4263037 9176744 5285552 216872 147009 1844767 1050674 708415 1317815 1208326 111865 2571001
"199804" 7863912 30518 364513 319046 159009 4208 313113 39433 61589 10609 28573 93560 79349 98000 1681574 4893931 9650509 5417052 192958 147763 1881222 1076034 747046 1372029 1241998 108119 2883341
"199901" 8187955 36235 361411 334856 165400 4775 301586 40493 60267 11324 27527 86705 75270 103226 1743019 5137447 9958217 5606553 223886 149143 1944045 1095753 783912 1409814 1251442 113269 2986953
"199902" 8568630 32343 379395 363230 165320 3434 294993 47355 57929 11363 23858 79622 74866 112798 1834198 5382919 10253079 5732078 232365 150297 2012906 1106222 774279 1456009 1302613 120531 3097857
"199903" 8823538 33490 386820 380701 174438 6089 296618 47618 58069 12445 32153 72468 73865 106850 1922816 5515716 10584206 5907749 239280 151977 2071138 1134136 777880 1533338 1381284 123848 3171325
"199904" 9315258 31460 405823 416386 195565 5793 285753 47604 56599 12416 27700 65314 76120 127000 1930149 5917329 10916677 6033254 230326 152826 2106669 1165819 790768 1586846 1455007 124021 3304395
"200001" 9661077 35750 407333 431936 196740 7995 289228 46046 59556 15205 30864 65728 71829 134391 2028974 6128730 11274023 6212813 260797 153262 2154917 1185954 833617 1624266 1513339 141658 3406214
"200002" 10051748 29742 421489 465842 196529 5943 304340 49284 61899 18089 34634 66141 74293 130598 2161146 6336119 11713651 6397773 296844 153380 2190494 1232200 857320 1667535 1609436 141956 3564486
"200003" 10449508 13998 439298 497374 212391 5763 310522 58245 62058 18933 29427 66555 75304 131531 2259595 6579036 12114841 6481153 307039 153937 2229437 1240966 849648 1700126 1707681 140869 3785138
"200004" 11226622 24029 429896 519923 240760 4204 314298 57765 58267 15423 34384 66969 81490 121870 2281381 7290261 12458352 6595036 278402 154187 2270337 1260823 887729 1743558 1809152 142632 3911532
"200101" 11248484 16928 366784 504572 281465 3349 299749 54671 57437 14284 29352 68576 75429 109720 2289139 7376778 12618785 6694131 235619 154669 2378732 1260070 890215 1774826 1773487 147623 4003544
"200102" 11400332 17093 359204 502983 312822 3196 299366 56427 58309 14828 26402 70188 73212 116082 2294315 7495271 12757712 6823454 206256 155816 2491176 1235442 919641 1815124 1745307 142646 4046305
"200103" 11376134 14369 367186 505497 327455 3496 303229 56538 59276 16203 29577 71811 69824 102499 2252695 7499708 12821840 6890415 189571 156406 2537110 1219414 913419 1874495 1715031 170203 4046191
"200104" 11507032 15517 366476 535838 360889 3980 316712 60169 59681 17539 32836 73434 73053 112507 2161835 7633278 12879256 6955300 177726 157687 2613695 1195886 890068 1920239 1700797 149734 4073424
"200201" 11557734 16672 352261 535141 370970 2673 312093 54667 63495 18325 33306 73997 68303 112878 2203953 7651093 12992381 7021039 162983 157500 2680216 1184450 887136 1948755 1709743 154505 4107093
"200202" 11563862 18500 348885 541509 370861 5667 316845 55218 67972 18964 31255 74569 68867 103410 2228851 7629334 13063046 7065583 141454 158317 2728068 1144646 906961 1986137 1715986 158259 4123218
"200203" 11508657 20000 350669 529475 362381 5282 330904 60256 71186 18126 36626 75150 69560 90975 2190574 7628397 13091929 7083917 136423 159165 2722383 1129798 919434 2016715 1723715 170974 4113323
"200204" 11638710 20587 328696 560473 397056 6171 341780 64789 74191 16883 35500 75728 74689 94377 2082469 7807101 13196853 7146848 119813 160622 2747060 1111886 929025 2078442 1745943 163114 4140948
"200301" 11666950 21933 351748 584334 388679 5717 341890 61894 77876 17944 35533 76299 72344 93231 2156532 7722886 13226757 7192556 119825 160774 2789400 1086216 929042 2107300 1703260 167247 4163694
"200302" 11743437 30297 368922 616808 380262 6221 345762 70005 80441 12192 33894 76876 72354 104705 2148244 7742216 13212659 7258398 100995 161893 2861677 1062041 933458 2138334 1671953 166318 4115990
"200303" 11776781 34513 391409 639727 370793 7241 359945 80487 79735 11785 37470 77460 73008 109185 2127494 7736474 13213652 7280720 103978 162518 2883987 1040150 926329 2163758 1660472 168750 4103710
"200304" 11893063 38145 385768 676620 361896 5986 340665 75679 78585 11230 38093 78042 59036 119255 2039518 7925210 13216346 7337124 82481 163914 2899001 1035543 940772 2215413 1665055 150872 4063295
"200401" 12173242 41699 440320 676534 364739 5183 347214 78983 81145 11642 36591 82870 55983 122352 2149588 8025613 13443835 7437351 91623 164688 2927917 1021600 946634 2284890 1709167 162486 4134831
"200402" 12457041 47625 472244 675173 366019 4829 351651 78886 81553 11336 36080 87698 56098 122538 2211993 8204969 13626057 7530248 98673 165865 2928447 1024391 961373 2351499 1719256 166001 4210552
"200403" 12707668 44697 503486 706906 370068 5719 359355 85624 80750 10627 35684 92566 54104 120839 2240773 8355825 13812124 7636566 105121 167140 2940608 1037120 965693 2420884 1751024 176321 4248213
"200404" 13082860 53705 495628 701076 375136 6422 383377 95023 84209 11338 36162 97434 59211 130121 2194978 8742417 14060244 7794711 97782 169230 2974452 1063759 998771 2490718 1786420 166000 4313113
"200501" 13370175 61301 510027 709000 374313 6190 399808 90942 100919 16410 37010 99177 55350 128768 2325041 8855727 14411683 7921753 112002 170396 2981089 1092669 1020735 2544862 1840961 179862 4469107
"200502" 13737535 57496 555392 705568 381625 8459 405424 90215 106113 17643 34511 100926 56016 130670 2428706 9064195 14767455 8103187 110680 172207 2988891 1132206 1059012 2640191 1904105 180403 4579760
"200503" 14113895 51419 607721 729839 395613 11692 415907 99352 103163 16161 36754 102680 57797 136556 2522679 9242469 15080518 8256562 116494 173688 3013262 1146681 1069916 2736521 1979929 181445 4662582
"200504" 14482838 63571 646167 774477 417144 14560 437212 110974 108291 17372 36560 104432 59583 140037 2539189 9450481 15405980 8467267 90072 176819 3031122 1188521 1117442 2863292 2035072 172902 4730738
"200601" 14775816 41996 645991 784520 417601 10103 425267 105397 106223 16670 39256 101968 55753 152711 2606176 9691451 15683841 8681074 96496 177320 3082413 1223104 1141261 2960480 2051587 187071 4764110
"200602" 15123088 53045 600337 779699 430704 12154 423815 118946 101132 14960 35824 99479 53474 156329 2682717 9984288 16042045 8919306 111673 179367 3133190 1243271 1205099 3046706 2104291 186331 4832117
"200603" 15425207 43697 597168 795675 453263 12668 417162 118689 101085 14931 32748 96966 52743 166409 2674224 10264941 16318151 9076604 110581 180112 3167183 1279274 1202061 3137393 2123544 187903 4930100
"200604" 15760508 49336 604540 841397 488462 15533 425551 122669 101792 15154 33895 94455 57586 180729 2560843 10594117 16632277 9355094 112519 182217 3246691 1313908 1268669 3231091 2161721 181110 4934352
"200701" 16109479 45306 603936 828555 490597 13914 399969 109057 96249 13056 34062 91768 55777 183715 2656992 10886495 17045431 9602508 126170 182918 3318258 1341922 1328785 3304455 2182715 169864 5090344
"200702" 16560140 55824 634406 823357 507990 8695 396981 114501 90953 11040 34974 89030 56483 192500 2756462 11183925 17503644 9947309 154348 186032 3413635 1374337 1414392 3404565 2222407 160694 5173234
"200703" 16940545 56965 651533 804639 574440 7643 369641 79935 97555 12989 35861 86242 57059 195811 2807084 11472789 17929941 10266351 131417 187335 3468680 1469159 1504205 3505556 2233229 150407 5279953
"200704" 17330211 50250 662939 800657 618686 8050 356412 69462 97658 12773 34462 83455 58602 191079 2778664 11863474 18315089 10583245 123815 190317 3557872 1547199 1575839 3588204 2272837 135299 5323708
"200801" 17212324 55037 633048 768629 696380 7100 314085 52866 88045 9080 26219 82576 55299 175884 2824680 11737481 18532948 10787484 139958 190538 3603123 1605635 1605790 3642441 2254549 155553 5335361
"200802" 17166154 36837 605866 826460 702774 8056 321235 58271 90564 9599 25953 81335 55513 172710 2851497 11640719 18726279 10997001 139829 191468 3691837 1645884 1643296 3684688 2215896 139191 5374191
"200803" 17012907 31580 617163 818924 699003 5300 319845 56981 88344 8502 29657 80153 56208 154051 2792158 11574883 18809465 11120138 146540 191425 3714943 1699986 1669132 3698113 2159613 156104 5373610
"200804" 16729839 24704 579311 772044 781727 7178 331170 57286 93648 10152 31781 78462 59841 125816 2640836 11467053 18952332 11157838 131479 192869 3762457 1721834 1643710 3705489 2087561 141249 5565684
"200901" 16635596 26218 598434 780805 785437 7483 300352 34956 100795 6170 27552 75885 54994 128096 2611742 11397029 18864294 11148027 106923 193306 3907252 1656071 1587800 3696675 2007051 141849 5567367
"200902" 16673760 27229 650808 782200 768477 7934 311162 41142 105027 11384 26845 72954 53810 152155 2639433 11334362 18802942 11084549 86182 194853 4006379 1570885 1549337 3676914 1986502 135243 5596648
"200903" 16787694 27624 702158 887554 724382 9048 300755 34548 103516 11446 28405 69819 53021 178025 2638094 11320054 18762752 10960818 73033 196914 4073890 1476205 1504982 3635795 1974559 141001 5686374
"200904" 16892221 33276 767471 886062 702913 9684 312378 42056 103551 11984 30807 66769 57211 189708 2554980 11435749 18735044 10875423 59109 198285 4144077 1405726 1488348 3579879 2001186 134466 5723968
"201001" 16973451 40915 846997 844772 633550 10865 312639 43127 108425 14104 29684 63784 53515 204404 2648476 11430833 18710004 10880265 74600 198715 4252187 1347172 1475562 3532030 2028858 148989 5651892
"201002" 17030886 51428 875375 814073 596265 11192 310651 48607 107267 14180 26884 60869 52844 198718 2703959 11469225 18778761 10862103 82182 199459 4309434 1312075 1494634 3464319 2072402 142151 5702105
"201003" 17238429 62241 905299 855536 600289 10988 313287 52584 105550 13931 30518 58250 52454 222867 2741884 11526038 18858091 10927620 98053 201984 4431128 1291318 1487344 3417793 2100789 154684 5674998
