"DATES" "FL893169175.Q" "FL893169105.Q" "FL103169100.Q" "FL263169105.Q" "FL263169110.Q" "FL263169123.Q" "FL793169100.Q" "FL763169105.Q" "FL673169105.Q" "FL613169100.Q" "FL643169103.Q" "FL503169105.Q" "FL763169605.Q" "FL893169175.Q" "FL163069103.Q" "FL103069100.Q" "FL213069103.Q" "FL263069103.Q" "FL713069603.Q" "FL763069175.Q" "FL443069105.Q" "FL473069103.Q" "FL513069103.Q" "FL543069100.Q" "FL573069105.Q" "FL223069103.Q" "FL633069175.Q" "FL653069100.Q" "FL403069105.Q" "FL663069103.Q" "FL503069105.Q"
"195201" 2109 1646 328 0 0 0 1318 0 0 1318 0 0 463 2109 978 138 0 281 0 559 0 0 0 0 0 0 0 77 0 0 76
"195202" 2227 1807 304 0 0 0 1503 0 0 1503 0 0 420 2227 893 432 0 268 0 503 0 0 0 0 0 0 0 66 0 0 65
"195203" 2436 1977 346 0 0 0 1631 0 0 1631 0 0 459 2436 1047 411 0 288 0 570 0 0 0 0 0 0 0 60 0 0 60
"195204" 2246 1749 331 0 0 0 1418 0 0 1418 0 0 497 2246 1040 195 0 309 0 569 0 0 0 0 0 0 0 67 0 0 66
"195301" 2440 1980 370 0 0 0 1610 0 0 1610 0 0 460 2440 1270 212 0 306 0 512 0 0 0 0 0 0 0 70 0 0 70
"195302" 2248 1816 297 0 0 0 1519 0 0 1519 0 0 432 2248 1213 194 0 305 0 415 0 0 0 0 0 0 0 61 0 0 60
"195303" 2576 2056 347 0 0 0 1709 0 0 1709 0 0 520 2576 1389 214 0 356 0 500 0 0 0 0 0 0 0 59 0 0 58
"195304" 2624 2045 402 0 0 0 1643 0 0 1643 0 0 579 2624 1296 204 0 401 0 567 0 0 0 0 0 0 0 78 0 0 78
"195401" 2979 2393 525 0 0 0 1868 0 0 1868 0 0 586 2979 1424 312 0 382 0 713 0 0 0 0 0 0 0 74 0 0 74
"195402" 2839 2244 484 0 0 0 1760 0 0 1760 0 0 595 2839 1300 338 0 369 0 695 0 0 0 0 0 0 0 69 0 0 68
"195403" 2915 2300 584 0 0 0 1716 0 0 1716 0 0 615 2915 1301 300 0 350 0 821 0 0 0 0 0 0 0 72 0 0 71
"195404" 2904 2022 531 0 0 0 1491 0 0 1491 0 0 882 2904 1072 291 0 584 0 802 0 0 0 0 0 0 0 78 0 0 77
"195501" 3112 2297 500 0 0 0 1797 0 0 1797 0 0 815 3112 1362 281 0 567 0 713 0 0 0 0 0 0 0 95 0 0 94
"195502" 3047 2385 380 0 0 0 2005 0 0 2005 0 0 662 3047 1457 352 0 457 16 582 0 0 0 0 0 0 0 92 0 0 91
"195503" 3020 2342 371 0 0 0 1971 0 0 1971 0 0 678 3020 1503 245 0 460 19 585 0 0 0 0 0 0 0 104 0 0 104
"195504" 2749 2101 362 0 0 0 1739 0 0 1739 0 0 648 2749 1354 217 0 439 24 532 0 0 0 0 0 0 0 92 0 0 91
"195601" 3326 2659 362 0 0 0 2297 0 0 2297 0 0 667 3326 1832 171 0 476 15 562 0 0 0 0 0 0 0 135 0 0 135
"195602" 3221 2530 289 0 0 0 2241 0 0 2241 0 0 691 3221 1682 325 0 486 18 513 0 0 0 0 0 0 0 99 0 0 98
"195603" 3401 2588 401 0 0 0 2187 0 0 2187 0 0 813 3401 1601 371 0 579 17 593 0 0 0 0 0 0 0 120 0 0 120
"195604" 3227 2250 378 0 0 0 1872 0 0 1872 0 0 977 3227 1420 305 0 671 34 581 0 0 0 0 0 0 0 108 0 0 108
"195701" 3793 2764 353 0 0 0 2411 0 0 2411 0 0 1029 3793 1836 355 0 787 23 551 0 0 0 0 0 0 0 121 0 0 120
"195702" 3515 2526 320 0 0 0 2206 0 0 2206 0 0 989 3515 1617 349 0 773 23 501 0 0 0 0 0 0 0 126 0 0 126
"195703" 3845 2636 364 0 0 0 2272 0 0 2272 0 0 1209 3845 1713 345 0 967 17 565 0 0 0 0 0 0 0 119 0 0 119
"195704" 4066 2746 422 0 0 0 2324 0 0 2324 0 0 1320 4066 1715 435 0 954 43 673 0 0 0 0 0 0 0 123 0 0 123
"195801" 5152 3608 716 0 0 0 2892 0 0 2892 0 0 1544 5152 1979 746 0 1067 29 1025 0 0 0 0 0 0 0 153 0 0 153
"195802" 4873 3507 791 0 0 0 2716 0 0 2716 0 0 1366 4873 2034 455 0 911 35 1072 0 0 0 0 0 0 0 183 0 0 183
"195803" 4573 3279 795 0 0 0 2484 0 0 2484 0 0 1294 4573 2064 224 0 868 18 1056 0 0 0 0 0 0 0 172 0 0 171
"195804" 4053 2847 658 0 0 0 2189 0 0 2189 0 0 1206 4053 1817 210 0 843 43 890 0 0 0 17 0 0 0 117 0 0 116
"195901" 4444 3379 652 0 0 0 2727 0 0 2727 0 0 1065 4444 1866 502 0 753 12 889 0 0 0 124 0 0 0 149 0 0 149
"195902" 4494 3501 458 0 0 0 3043 0 0 3043 0 0 993 4494 1883 622 0 744 6 723 0 0 0 215 0 0 0 151 0 0 150
"195903" 4412 3448 527 0 0 0 2921 0 0 2921 0 0 964 4412 2064 240 0 729 0 806 0 0 0 200 0 0 0 187 0 0 186
"195904" 4365 3202 315 0 0 0 2887 0 0 2887 0 0 1163 4365 1607 742 0 757 44 793 0 0 0 118 0 0 0 152 0 0 152
"196001" 5875 4495 427 0 0 0 4068 0 0 4068 0 0 1380 5875 2740 740 0 1083 7 808 0 0 0 137 0 0 0 180 0 0 180
"196002" 6023 4627 547 0 0 0 4080 0 0 4080 0 0 1396 6023 2779 757 0 1041 5 887 0 0 0 176 0 0 0 189 0 0 189
"196003" 6413 4728 782 0 0 0 3946 0 0 3946 0 0 1685 6413 2843 648 0 1234 8 1014 0 0 0 249 0 0 0 209 0 0 208
"196004" 6544 4497 769 0 0 0 3728 0 0 3728 0 0 2047 6544 2550 788 0 1291 54 1213 0 0 0 294 0 0 0 177 0 0 177
"196101" 7331 5078 623 0 0 0 4455 0 0 4455 0 0 2253 7331 3048 562 0 1343 35 1503 0 0 0 360 0 0 0 240 0 0 240
"196102" 7230 4936 726 0 0 0 4210 0 0 4210 0 0 2294 7230 2960 613 0 1322 26 1580 0 0 0 324 0 0 0 203 0 0 202
"196103" 7321 4875 1017 0 0 0 3858 0 0 3858 0 0 2446 7321 2911 245 0 1441 23 1857 0 0 0 332 0 0 0 256 0 0 256
"196104" 7396 4686 1094 0 0 0 3592 0 0 3592 0 0 2710 7396 2188 1089 0 1360 48 2170 0 0 0 193 0 0 0 174 0 0 174
"196201" 8238 5715 1131 0 0 0 4584 0 0 4584 0 0 2523 8238 3090 562 0 1384 21 2036 0 0 0 513 0 0 0 316 0 0 316
"196202" 8230 5865 1092 0 0 0 4773 0 0 4773 0 0 2365 8230 3105 907 0 1317 40 1832 0 0 0 521 0 0 0 254 0 0 254
"196203" 8881 6577 1363 0 0 0 5214 0 0 5214 0 0 2304 8881 3342 1079 0 1293 14 1965 0 0 0 643 0 0 0 273 0 0 272
"196204" 8676 6000 1198 0 0 0 4802 0 0 4802 0 0 2676 8676 2993 1304 0 1387 52 2015 0 0 0 347 0 0 0 289 0 0 289
"196301" 9716 7101 1214 0 0 0 5887 0 0 5887 0 0 2615 9716 3850 1092 0 1370 29 2145 0 0 0 599 0 0 0 316 0 0 315
"196302" 9977 7253 987 0 0 0 6266 0 0 6266 0 0 2724 9977 4362 1008 0 1427 23 2093 0 0 0 487 0 0 0 289 0 0 288
"196303" 9922 7186 1111 0 0 0 6075 0 0 6075 0 0 2736 9922 4754 445 0 1568 16 1948 0 0 0 619 0 0 0 286 0 0 286
"196304" 9709 6790 968 0 0 0 5822 0 0 5822 0 0 2919 9709 4196 969 0 1437 70 2044 0 0 0 380 0 0 0 307 0 0 306
"196401" 10923 7790 948 0 0 0 6842 0 0 6842 0 0 3133 10923 4649 1341 0 1582 40 2225 0 0 0 506 0 0 0 290 0 0 290
"196402" 11276 8096 889 0 0 0 7207 0 0 7207 0 0 3180 11276 5403 1058 0 1696 23 2131 0 0 0 297 0 0 0 334 0 0 334
"196403" 11735 8528 1081 0 0 0 7447 0 0 7447 0 0 3207 11735 5042 1729 0 1653 59 2354 0 0 0 373 0 0 0 263 0 0 262
"196404" 11861 8442 1125 0 0 0 7317 0 0 7317 0 0 3419 11861 5173 1694 0 1620 59 2505 0 0 0 248 0 0 0 281 0 0 281
"196501" 12535 9177 847 0 0 0 8330 0 0 8330 0 0 3358 12535 6231 995 0 1885 93 2084 0 0 0 474 0 0 0 387 0 0 386
"196502" 12891 9502 727 0 0 0 8775 0 0 8775 0 0 3389 12891 6710 678 0 1859 3 2253 0 0 0 579 0 0 0 405 0 0 404
"196503" 13210 9863 926 0 0 0 8937 0 0 8937 0 0 3347 13210 6422 893 0 1940 11 2328 0 0 0 741 0 0 0 438 0 0 437
"196504" 12726 9300 797 0 0 0 8503 0 0 8503 0 0 3426 12726 6044 1370 0 1982 75 1970 0 0 0 293 0 0 0 496 0 0 496
"196601" 14456 11034 820 0 0 0 10214 0 0 10214 0 0 3422 14456 6752 2375 0 1996 30 2031 0 0 0 286 0 0 0 493 0 0 493
"196602" 14545 11091 861 0 0 0 10230 0 0 10230 0 0 3454 14545 6728 2473 0 2121 138 1700 0 0 0 219 0 0 0 583 0 0 583
"196603" 15527 12123 1466 0 0 0 10657 0 0 10657 0 0 3404 15527 7463 1952 0 2388 48 1791 0 0 0 298 0 0 0 794 0 0 793
"196604" 17284 13645 1622 0 0 0 12023 0 0 12023 0 0 3639 17284 8294 2852 0 2212 69 1943 0 0 0 380 0 0 0 767 0 0 767
"196701" 20234 16493 2677 0 0 0 13816 0 0 13816 0 0 3741 20234 9855 3495 0 2228 0 2638 0 0 0 553 0 0 0 733 0 0 732
"196702" 20779 16607 3242 0 0 0 13365 0 0 13365 0 0 4172 20779 9807 3418 0 2234 36 2818 0 0 0 865 0 0 0 801 0 0 800
"196703" 20941 16754 3264 0 0 0 13490 0 0 13490 0 0 4187 20941 9031 3916 0 2155 60 3091 0 0 0 1138 0 0 0 775 0 0 775
"196704" 21445 17085 3034 0 0 0 14051 0 0 14051 0 0 4360 21445 10135 3952 0 2247 75 2911 0 0 0 480 0 0 0 823 0 0 822
"196801" 23506 19127 3482 0 0 0 15645 0 0 15645 0 0 4379 23506 10576 3819 0 2362 100 3221 0 0 0 676 0 0 0 1376 0 0 1376
"196802" 23840 19511 3400 0 0 0 16111 0 0 16111 0 0 4329 23840 10809 4603 0 2475 134 2923 0 0 0 670 0 0 0 1113 0 0 1113
"196803" 25346 20976 4928 0 0 0 16048 0 0 16048 0 0 4370 25346 11208 5071 0 2527 49 3348 0 0 0 801 0 0 0 1171 0 0 1171
"196804" 25645 21173 4249 0 0 0 16924 0 0 16924 0 0 4472 25645 12168 5099 0 2826 58 2924 0 0 0 526 0 0 0 1022 0 0 1022
"196901" 28933 24424 4880 0 0 0 19544 200 0 19344 0 0 4509 28933 12889 6207 0 2871 74 3278 0 0 0 854 0 0 0 1380 0 0 1380
"196902" 31731 26802 4914 0 0 0 21888 1245 0 20643 0 0 4929 31731 14322 6806 0 3426 41 3460 0 0 0 698 0 0 0 1489 0 0 1489
"196903" 35763 30479 5778 0 0 0 24701 2595 0 22106 0 0 5284 35763 16655 7206 0 3844 60 3596 0 0 0 1019 0 0 0 1692 0 0 1691
"196904" 38106 32600 5356 0 0 0 27244 4294 0 22950 0 0 5506 38106 18534 7628 0 3820 64 3524 0 0 0 1365 0 0 0 1586 0 0 1585
"197001" 43690 38284 7044 0 0 0 31240 6477 0 24763 0 0 5406 43690 22663 8156 0 3902 76 3608 0 0 0 1715 0 0 0 1785 0 0 1785
"197002" 44985 38952 6895 0 0 0 32057 7603 0 24454 0 0 6033 44985 24822 8432 0 4352 32 3859 0 0 0 1655 0 0 0 917 0 0 916
"197003" 41147 35241 7361 0 0 0 27880 4618 0 23262 0 0 5906 41147 17559 8433 0 4209 87 4569 0 0 0 2519 0 0 0 1886 0 0 1885
"197004" 40200 33071 7133 0 0 0 25938 2349 0 23589 0 0 7129 40200 16569 9389 0 4307 57 4937 0 0 0 2142 0 0 0 1400 0 0 1399
"197101" 39940 32695 8333 0 0 0 24362 1692 0 22670 0 0 7245 39940 14884 9954 0 4202 88 5358 0 0 0 3018 0 0 0 1218 0 0 1218
"197102" 38623 30902 6856 0 0 0 24046 1733 0 22313 0 0 7721 38623 13765 9791 0 4116 12 5067 0 0 0 3679 0 0 0 1097 0 0 1096
"197103" 39911 31682 7434 0 0 0 24248 1900 0 22036 312 0 8229 39911 13728 10510 0 4264 41 5236 0 0 0 4078 0 0 0 1027 0 0 1027
"197104" 40094 32126 6247 0 0 0 25879 1973 0 23126 780 0 7968 40094 13768 11275 0 4148 80 5449 0 0 0 2770 0 0 0 1302 0 0 1302
"197201" 41680 33615 7538 0 0 0 26077 2172 0 22583 1322 0 8065 41680 13000 12388 0 4183 19 4887 0 0 0 3952 308 0 0 1347 0 250 1346
"197202" 41506 34366 8126 0 0 0 26240 1971 0 22332 1937 0 7140 41506 12073 13219 0 4179 23 4709 0 0 0 3564 794 0 0 1223 0 500 1222
"197203" 40680 34012 7761 0 0 0 26251 2368 0 21283 2600 0 6668 40680 9464 13513 0 3139 10 4569 0 0 0 4799 1322 0 0 1342 431 750 1341
"197204" 41688 34721 6968 0 0 0 27753 2637 0 21876 3240 0 6967 41688 9333 14235 0 4086 70 5468 0 0 0 2981 1755 0 0 1173 414 1000 1173
"197301" 40980 34052 5871 0 0 0 28181 3456 0 21625 3100 0 6928 40980 7064 13258 0 4096 144 4375 0 0 0 5237 2104 0 0 1647 159 1250 1646
"197302" 43095 35786 6032 0 0 0 29754 4283 0 22350 3121 0 7309 43095 8919 13437 0 4286 66 4234 0 0 0 4479 2382 0 0 1801 190 1500 1801
"197303" 45893 37641 6335 0 0 0 31306 5231 0 22155 3920 0 8252 45893 9660 13633 0 5264 57 4699 0 0 0 4100 2677 0 0 1980 94 1750 1979
"197304" 50054 41073 8382 0 0 0 32691 4881 0 23835 3975 0 8981 50054 14111 14876 0 4387 68 4966 0 0 0 3004 3079 0 0 1671 221 2000 1671
"197401" 54958 44690 9235 15 15 0 35440 6045 0 26015 3380 0 10268 54958 14668 16212 0 4500 30 5288 0 0 0 4414 3554 0 185 1757 343 2250 1757
"197402" 58152 44846 9967 1 1 0 34878 6952 0 26362 1564 0 13306 58152 17685 15131 0 4600 104 5825 0 0 0 3882 4069 0 353 1871 261 2500 1871
"197403" 65361 49166 12569 90 90 0 36507 8639 0 26973 895 0 16195 65361 22024 16933 0 4700 190 5990 0 0 0 3874 4670 0 578 1693 267 2750 1692
"197404" 67813 49144 12513 181 181 0 36450 8332 0 27408 710 0 18669 67813 22495 16520 0 4800 579 6391 0 0 0 4070 5403 0 645 1407 1097 3000 1406
"197501" 69744 50827 14009 255 255 0 36563 8954 0 26866 743 0 18917 69744 30347 6255 0 4950 628 7359 10 0 0 4682 6329 0 1050 1543 1799 3250 1542
"197502" 66683 48766 11658 388 388 0 36720 8791 0 27089 840 0 17917 66683 26437 6685 0 5100 282 7148 60 0 0 4768 7508 0 788 1345 1717 3500 1345
"197503" 65215 48257 11780 407 407 0 36070 8798 0 26488 784 0 16958 65215 21915 7267 0 5200 474 7871 140 0 0 6394 8447 0 738 1076 867 3750 1076
"197504" 66604 47690 9616 559 559 0 37515 8654 0 28032 829 0 18914 66604 19746 8371 0 5300 741 9771 400 0 0 4813 9066 0 528 1341 1186 4000 1341
"197601" 68428 49338 10926 707 707 0 37705 8427 0 28632 646 0 19090 68428 20641 9324 0 5375 540 8800 700 0 0 5247 9892 0 714 723 1595 3999 878
"197602" 70028 50047 11818 920 920 0 37309 8008 0 28694 607 0 19981 70028 21250 9073 0 5450 361 8698 942 0 0 6053 10440 0 837 742 1860 3492 830
"197603" 69647 49852 10889 1140 1140 0 37823 7894 0 29266 663 0 19795 69647 18956 9486 0 5525 88 9803 1142 0 0 6264 10756 0 772 570 1330 4287 668
"197604" 74789 52041 11049 1282 1282 0 39710 7859 0 31292 559 0 22748 74789 16851 10511 0 5600 196 13000 1190 0 0 5224 10952 0 944 823 1153 7217 1128
"197701" 77592 54671 12083 1608 1608 0 40980 7965 0 32501 514 0 22921 77592 24022 10494 0 5700 29 10379 1235 0 0 6724 11138 0 824 790 1392 3610 1255
"197702" 83046 59372 12914 1816 1816 0 44642 8530 0 35527 585 0 23674 83046 28271 9442 0 5800 43 10280 1280 0 0 6985 11272 0 927 1167 2333 3810 1436
"197703" 83502 59952 13175 1962 1962 0 44815 8915 0 35377 523 0 23550 83502 28547 8984 0 5900 4 10574 1325 0 0 7927 11309 0 916 1360 1739 3336 1581
"197704" 89789 63878 12808 1847 1847 0 49223 9135 0 39570 518 0 25911 89789 31539 9390 0 6000 0 13196 1420 0 0 4896 11314 0 1064 1335 1386 6670 1579
"197801" 91638 67215 13719 1934 1934 0 51562 10146 0 40875 541 0 24423 91638 31566 10332 0 6100 0 10395 1520 0 0 7784 11350 0 1505 1788 1149 6081 2068
"197802" 97416 72884 14419 2188 2188 0 56277 12027 0 43600 650 0 24532 97416 38562 9330 0 6200 0 10628 1615 0 0 7462 11335 0 2304 1815 788 5383 1994
"197803" 97117 74945 14992 2580 2580 0 57373 13005 0 43702 666 0 22172 97117 38267 9061 0 6300 0 11373 1715 0 0 9027 11173 0 2683 1429 236 4166 1687
"197804" 107456 82236 15499 2880 2880 0 63857 15835 0 47396 626 0 25220 107456 46230 9512 0 6465 0 11981 1840 0 0 6349 11162 0 3652 1883 188 5804 2390
"197901" 115734 90229 17665 3106 3106 0 69458 16435 0 52365 658 0 25505 115734 50799 8896 0 7000 0 11293 1970 0 0 8080 11593 0 7012 1842 170 4960 2119
"197902" 128400 100201 20564 3241 3206 35 76396 18956 0 56691 749 0 28199 128400 53900 8604 0 7500 0 12011 2100 0 0 9041 12498 0 10684 1844 47 8025 2146
"197903" 137501 104935 23828 3976 3824 152 77131 20415 0 56058 658 0 32566 137501 57345 7732 0 8000 0 12566 2217 0 0 10126 13894 0 13471 1925 52 7861 2312
"197904" 144985 110892 24518 4553 4297 256 81821 20382 0 60678 761 0 34093 144985 56004 9586 0 8412 0 14059 2580 0 0 7957 15396 0 19298 1808 336 7169 2380
"198001" 155653 118162 31052 5217 4846 371 81893 22502 0 58743 648 0 37491 155653 60332 10176 0 8650 0 12634 2930 0 0 7302 16622 0 26145 1936 488 6144 2294
"198002" 164302 123247 36334 5531 5027 504 81382 22624 0 45487 572 12699 41055 164302 52550 9757 0 8900 0 14767 3270 0 0 8196 17673 0 36314 1710 1159 7913 2093
"198003" 161823 119781 32189 5828 5240 588 81764 23062 0 44768 516 13418 42042 161823 49723 9264 0 9150 0 15657 3618 0 0 10978 18655 0 32261 2157 658 6655 3047
"198004" 163820 121597 28026 6955 5904 1051 86616 25943 0 47617 533 12523 42223 163820 52267 9132 0 9334 0 15753 3800 0 0 10142 19539 0 31561 2306 374 6750 2862
"198101" 176604 130118 31837 8483 6643 1840 89798 25767 0 49395 548 14088 46486 176604 55275 8799 0 9000 0 15483 3980 0 0 12795 20303 0 46244 1764 267 6799 -4105
"198102" 194563 145994 37819 9564 6526 3038 98611 28857 0 54839 548 14367 48569 194563 47140 8163 0 8700 0 17063 4160 0 5 14088 21805 0 55351 2031 300 10730 5027
"198103" 212570 161717 44081 10088 6216 3872 107548 32609 0 57120 550 17269 50853 212570 40112 8021 0 8400 0 16050 4339 0 25 17278 23241 0 71137 2149 402 8031 13385
"198104" 215070 161114 42722 10829 6484 4345 107563 32959 0 57238 553 16813 53956 215070 42000 8199 0 8041 0 16497 5100 0 50 17564 24522 0 70399 2233 686 11572 8207
"198201" 222460 166527 49836 11381 6880 4501 105310 34634 0 52226 522 17928 55933 222460 46011 7908 0 7600 0 18794 5850 0 102 19084 21978 0 73065 2289 432 9425 9922
"198202" 239219 180015 51741 13100 7191 5909 115174 38016 0 56609 491 20058 59204 239219 52849 8236 0 7200 0 16256 6600 0 246 20631 20610 0 78219 2546 486 13009 12331
"198203" 230488 171627 49726 12936 6685 6251 108965 33685 0 52465 460 22355 58861 230488 45611 7731 0 6800 0 17052 7349 0 540 22359 17806 0 74799 2125 246 14399 13671
"198204" 226843 161828 37614 15054 5506 9548 109160 34550 0 51425 429 22756 65015 226843 48718 7948 0 6329 0 16810 6850 0 2038 21735 15215 0 69112 2074 404 16447 13163
"198301" 226311 166995 41187 16787 4770 12017 109021 34981 0 51931 412 21697 59316 226311 47958 8071 0 7445 0 14096 6375 0 2822 24737 14240 164 61832 2685 658 8315 26913
"198302" 233658 172180 38849 18557 5208 13349 114774 35612 220 56059 395 22488 61478 233658 42190 9343 0 7132 0 14463 5900 0 3720 25122 15295 406 66325 2989 304 8954 31515
"198303" 242383 176991 40547 19386 5602 13784 117058 37158 440 56936 378 22146 65392 242383 36474 9943 0 6959 0 14617 5848 0 5108 26722 16989 695 68790 2947 520 10208 36563
"198304" 253778 183498 36775 21540 5647 15893 125183 38007 660 60479 361 25676 70280 253778 43780 12188 0 7116 0 14340 5185 0 6859 25162 17237 1000 66161 2855 783 11598 39514
"198401" 268645 200365 42518 24158 6650 17508 133689 41384 880 65453 416 25556 68280 268645 43994 12632 0 8284 0 13415 4585 119 7552 28696 19766 1321 74832 7351 754 10641 34703
"198402" 296549 220594 53463 30516 6718 23798 136615 45904 1100 69424 472 19715 75955 296549 52361 11246 0 8544 0 13117 3984 181 8563 30312 22288 1657 79297 8288 619 11596 44496
"198403" 300622 226700 60349 26707 6845 19862 139644 43025 1320 68049 529 26721 73922 300622 55652 11189 0 9720 0 14044 3385 153 8807 31871 22370 2040 85117 9918 452 13092 32812
"198404" 305701 231724 58490 27721 6494 21227 145513 44140 1540 73122 588 26123 73977 305701 65640 9742 0 8327 0 12553 3750 62 8957 29306 19714 2500 97271 8471 683 17301 21424
"198501" 317853 247603 62972 28638 7819 20819 155993 45638 1760 79489 623 28483 70250 317853 58800 10202 0 8763 0 9143 6852 153 9434 31975 19533 3039 95809 7773 526 10499 45352
"198502" 326920 259662 68886 29838 7870 21968 160938 45596 1980 84671 657 28034 67258 326920 56106 9798 0 7655 0 10154 5343 126 9830 31560 19594 3656 107577 8312 430 12618 44161
"198503" 343467 277700 69036 31417 7677 23740 177247 45557 2200 96218 690 32582 65767 343467 58388 9326 0 8040 0 9304 4924 192 10603 32737 20196 4320 100222 9413 351 13928 61523
"198504" 358526 293909 72207 33923 7963 25960 187779 46380 2420 102684 723 35572 64617 358526 56471 10478 0 8166 0 9696 3508 176 11809 29063 22072 5000 98381 7945 98 14549 81114
"198601" 359798 298885 69514 31895 10629 21266 197476 38361 2640 108615 814 47046 60913 359798 46010 11646 0 9019 0 9437 4830 151 11836 28699 23867 5714 101220 12683 36 16125 78525
"198602" 374342 314598 68654 36231 11006 25225 209713 41715 2860 113773 773 50592 59744 374342 46360 10268 0 9518 0 8922 4003 148 11764 29451 24560 6480 108671 12194 40 18140 83823
"198603" 388864 326967 72779 39908 10893 29015 214280 39435 3080 118742 925 52098 61897 388864 59181 9378 0 8051 0 7573 3914 100 11731 33428 25385 7355 117012 13236 82 15109 77329
"198604" 384904 326144 62865 37407 10148 27259 225872 43125 3300 124274 1051 54122 58760 384904 56132 10173 0 8038 0 8575 5286 744 11872 34484 26409 8270 104434 15844 87 12599 81957
"198701" 396222 337133 63593 37278 10838 26440 236262 48749 3677 125805 1265 56766 59089 396222 51388 12384 0 7225 0 7839 6157 157 11933 35168 28982 9211 108360 19608 104 10042 87664
"198702" 414601 351253 67916 35587 11151 24436 247750 50292 4096 127554 1242 64566 63348 414601 50753 13815 0 9609 0 8015 3917 198 11992 33215 31795 10170 105583 19808 69 11354 104308
"198703" 421195 360173 68108 40610 11217 29393 251455 49390 4564 131831 1249 64421 61022 421195 45110 16886 86 10624 0 7024 3057 204 12100 36511 33869 10929 110526 23587 34 12846 97802
"198704" 437922 373586 73768 41245 12544 28701 258573 44601 5084 134986 1406 72496 64336 437922 55346 14966 219 9021 0 11219 4251 459 12310 34039 33605 11272 110119 19483 40 14150 107423
"198801" 447503 388492 73507 42544 12230 30314 272441 45052 5467 132488 1431 88003 59011 447503 54134 12295 367 10363 0 7980 4006 470 12654 36653 30930 11247 117289 29254 262 14564 105035
"198802" 474751 415125 77847 44037 12325 31712 293241 46742 5879 139322 1423 99875 59626 474751 63158 15348 500 8116 0 7968 3588 599 13164 38054 30949 10900 119257 23522 200 17381 122047
"198803" 484669 425236 80303 46432 12303 34129 298501 44788 6321 137416 1397 108579 59433 484669 79925 13725 609 11037 0 9463 3295 724 13659 40964 28608 10468 116589 28807 200 14158 112438
"198804" 513359 451762 85676 49943 11959 37984 316143 44403 6797 152056 1290 111597 61597 513359 93557 13648 687 11838 0 10069 5093 868 13958 39170 27547 10183 127499 28619 395 14773 115455
"198901" 543026 486783 96147 54395 13542 40853 336241 48091 8382 157160 1283 121325 56243 543026 100226 14686 796 13715 0 9467 3205 1270 14055 42648 27771 10320 147525 28168 400 15336 113438
"198902" 562198 504371 110059 52733 13937 38796 341579 48350 10335 159133 1174 122587 57827 562198 88499 17526 1000 14404 0 9009 3940 1476 13944 39833 27189 10353 158967 30208 800 15736 129314
"198903" 569591 511881 113273 57498 12810 44688 341110 49533 12745 157855 1138 119839 57710 569591 85995 14351 1266 14444 0 8643 3530 1046 13831 39911 27731 10526 171745 30030 1397 14202 130943
"198904" 579222 521856 107112 63022 16291 46731 351722 48760 15715 160709 1122 125416 57366 579222 87881 14291 1563 12683 0 9875 4711 1125 13921 42770 26859 9703 184504 28022 3251 17811 120252
"199001" 594386 540732 126034 59292 16150 43142 355406 49485 18684 164271 830 122136 53654 594386 73155 11574 1954 11371 0 9479 725 1198 14253 41409 26970 9969 201494 27904 3027 17097 142807
"199002" 593977 542543 128659 65062 16235 48827 348822 43211 22214 162365 779 120253 51434 593977 69568 12555 2500 11894 0 10200 699 1426 14865 46200 26705 11410 187244 27787 2315 14484 154125
"199003" 612854 561773 131811 71453 19828 51625 358509 36141 26411 161165 804 133988 51081 612854 77207 12016 3180 11164 0 9726 932 1580 15399 48721 26719 11820 206282 28716 2246 14150 142996
"199004" 609879 557811 116852 75346 20561 54785 365613 30087 31400 163822 920 139384 52068 609879 93658 13836 3969 10708 0 12665 747 2300 15497 45718 26414 12233 203988 28485 3765 18393 117503
"199101" 607807 564040 119851 87378 26369 61009 356811 27743 33089 153375 880 141724 43767 607807 75825 13845 4899 10355 0 13346 850 2498 15197 51468 25895 13785 213353 28061 1314 17322 119794
"199102" 583624 542267 119437 74289 25314 48975 348541 26119 34868 153204 916 133434 41357 583624 57457 15866 6000 9995 0 11427 948 2980 14407 53504 26502 16515 208484 27207 1206 14620 116506
"199103" 572015 532108 107016 78336 24800 53536 346756 24728 36744 153222 920 131142 39907 572015 61527 14318 7336 9669 0 9976 1061 2906 13656 56337 27917 20870 195499 26238 7627 14795 102283
"199104" 565918 528125 98477 82101 26092 56009 347547 24305 38720 155173 900 128449 37793 565918 58500 14695 8969 11314 0 10620 1295 2596 13469 45760 29668 18868 190583 12193 10859 13958 122571
"199201" 574110 538493 110434 71338 25888 45450 356721 24036 40665 149339 861 141820 35617 574110 40842 13853 10617 10400 0 10522 750 2590 13843 48233 29429 19299 200914 20105 8153 13573 130987
"199202" 579920 545940 111996 78277 27695 50582 355667 22499 40514 141936 865 149853 33980 579920 44466 14122 12000 10897 0 10067 486 3183 14772 48707 29464 20685 193396 23515 8953 16668 128539
"199203" 583561 550643 108216 81505 29086 52419 360922 22106 42059 146679 873 149205 32918 583561 44152 14757 13156 12125 0 9100 518 3263 15751 46964 29565 23573 184985 26781 12175 16195 130501
"199204" 579048 545137 107106 78407 30567 47840 359624 20448 46863 149213 886 142214 33911 579048 52676 17044 14125 12902 0 9182 592 2962 16276 43213 29465 24680 173556 21899 13526 15200 131750
"199301" 565470 534811 113900 72539 28656 43883 348372 22719 47290 141893 679 135791 30659 565470 55508 15860 15031 12864 0 8613 606 3152 16395 46387 30309 25219 175292 29014 9488 15752 105980
"199302" 572048 543152 124025 72457 28856 43601 346670 23561 48276 135790 541 138502 28896 572048 58666 18076 16000 19831 0 7126 275 2808 16155 49617 30759 26344 172025 30383 10042 15267 98674
"199303" 568184 541072 123232 72013 31271 40742 345827 22885 45864 140527 564 135987 27112 568184 60315 16698 16966 20072 0 6464 208 2391 15870 47794 30010 19887 159941 31473 13355 14642 112098
"199304" 580012 553759 117829 68802 27475 41327 367128 25641 51558 149067 564 140298 26253 580012 65040 19411 17864 18817 0 7270 315 2224 15850 46859 30183 20449 164414 38698 11866 14868 105884
"199401" 582087 557058 129885 44255 16067 28188 382918 26746 52645 155049 425 148053 25029 582087 65532 16511 18830 22860 0 5680 363 1723 15500 49366 29028 20399 166432 45438 10237 11372 102816
"199402" 587978 563412 135680 43105 14854 28251 384627 28959 50735 159669 290 144974 24566 587978 66953 17880 20000 22990 0 5389 402 2154 15250 49404 27685 22909 176415 46744 13591 18676 81536
"199403" 599158 573706 138683 41279 14160 27119 393744 31883 56759 158716 150 146236 25452 599158 69017 17818 21458 19969 0 5141 168 2095 15000 52626 25734 25093 178396 52893 19984 12164 81602
"199404" 623463 600066 139238 42669 15198 27471 418159 31577 63945 171566 13 151058 23397 623463 69716 18826 22288 24850 0 5765 130 2139 14710 52806 23986 27825 187158 43138 26302 11207 92617
"199501" 654723 630226 149799 51870 18568 33302 428557 31000 69368 167550 10 160629 24497 654723 70219 18211 24019 28833 0 4523 131 1658 15724 55528 24394 29519 204882 44059 25307 16822 90894
"199502" 673805 649274 162887 49097 16910 32187 437290 30772 74923 166858 4 164733 24531 673805 70724 17386 26180 33084 0 5676 269 1289 16739 54746 24781 31257 224675 42584 22080 17480 84855
"199503" 692724 668587 163268 56833 19958 36875 448486 34066 80293 162830 5 171292 24137 692724 71227 18004 34914 37617 0 5438 203 696 17753 56222 24810 29383 219180 43098 28058 22130 83991
"199504" 700379 677740 157351 56160 20555 35605 464229 30144 101241 168617 6 164221 22639 700379 71731 20142 39366 43441 0 5675 168 557 18767 45487 24823 31477 235520 50234 25470 22065 65456
"199601" 717560 694683 174174 52464 16486 35978 468045 30553 110227 168174 7 159084 22877 717560 72476 17436 41773 30965 0 6090 186 338 19782 54218 26526 26428 247967 49409 24506 16766 82694
"199602" 753577 731349 181726 54502 15142 39360 495121 34437 114695 169568 8 176413 22228 753577 73776 20928 50436 42316 0 4926 190 255 16903 56586 28180 28179 262775 49810 23583 19921 74813
"199603" 777382 754035 172999 65816 18313 47503 515220 33165 126761 173311 10 181973 23347 777382 74799 23488 54114 47544 0 4361 155 177 18401 54641 29016 27573 265195 56144 24588 18072 79114
"199604" 802977 779365 156405 67476 18675 48801 555484 32038 146690 177984 9 198763 23612 802977 75821 31534 59682 57864 0 6472 306 291 17721 48434 30786 28222 273917 47152 35095 23686 65994
"199701" 861087 836842 168747 69321 15873 53448 598774 31848 158050 185857 8 223011 24245 861087 76144 26721 65371 52073 0 3219 17 190 19051 55343 30949 27395 302688 53296 40565 25226 82839
"199702" 893081 867667 179286 71337 15724 55613 617044 34357 163285 194460 5 224937 25414 893081 76467 25733 67053 66414 0 3110 0 404 18277 58095 32031 32233 308901 58687 42182 25935 77559
"199703" 925714 901695 176649 64349 19788 44561 660697 34530 210358 190475 29 225305 24019 925714 76792 28351 71236 75321 0 3132 0 157 18754 64613 31624 32149 323599 59404 29341 24340 86901
"199704" 979423 958524 168598 65084 20044 45040 724842 37594 256146 202613 33 228456 20899 979423 77115 36145 74000 77763 0 2698 0 191 17615 65905 32314 28616 336012 57801 27635 24258 121355
"199801" 1074753 1057674 193105 76706 19813 56893 787863 41811 284823 212935 70 248224 17079 1074753 77877 32204 79269 79680 0 1079 0 144 18099 68282 32758 36927 371166 51916 60082 25079 140191
"199802" 1112723 1098379 202491 71372 20462 50910 824516 47990 308341 227355 29 240801 14344 1112723 78639 28870 77849 91025 0 1119 3 462 18559 68558 33190 35839 395469 66922 47582 28296 140341
"199803" 1165059 1150802 216872 73981 22617 51364 859949 49953 340461 228577 206 240752 14257 1165059 79401 31301 80743 111741 0 945 0 1108 21073 74012 34084 38309 403138 80276 52493 33417 123018
"199804" 1172560 1161023 192958 72878 18452 54426 895187 45409 381797 233340 207 234434 11537 1172560 80163 39433 86795 111404 0 1100 0 397 21335 73426 35465 37532 415145 70912 56210 28031 115212
"199901" 1227578 1217184 223886 77249 18591 58658 916049 46419 401575 224929 212 242914 10394 1227578 81337 40493 90942 105532 0 932 0 348 21473 70731 36646 41037 472456 73026 29116 28801 134708
"199902" 1243339 1233847 232365 70105 17188 52917 931377 48857 426914 233158 210 222238 9492 1243339 82511 47355 94720 99655 0 795 0 848 16343 68578 38301 40909 468879 75607 21783 28785 158270
"199903" 1284463 1276170 239280 81753 24090 57663 955137 45562 465986 207705 186 235698 8293 1284463 83685 47618 98575 104419 0 1072 0 848 17293 71730 39107 39259 491082 74871 28271 29344 157289
"199904" 1402444 1393845 230326 89171 26677 62494 1074348 54490 520790 230422 0 268646 8599 1402444 84859 47604 104326 105047 0 1350 0 1866 14132 75755 41419 40375 525300 80837 23851 25987 229736
"200001" 1478128 1469148 260797 101623 33840 67783 1106728 50765 546648 232963 0 276352 8980 1478128 90471 46046 108539 101584 0 1444 0 848 17395 71980 38795 45400 573945 82619 27978 30206 240878
"200002" 1534260 1524986 296844 101245 35370 65875 1126897 52443 571280 224256 0 278918 9274 1534260 91082 49284 111927 100012 0 1364 0 348 17635 73729 37898 47652 562785 95505 24296 38226 282517
"200003" 1570845 1562121 307039 109756 38665 71091 1145326 54133 598215 219399 0 273579 8724 1570845 91693 58245 116187 97319 0 1340 0 1248 17884 75183 36969 46805 595846 102292 26220 45430 258184
"200004" 1613994 1606064 278402 120919 37605 83314 1206743 55715 645825 240092 0 265111 7930 1613994 97305 57765 119484 114302 0 1502 0 1246 19132 71227 35264 47257 620394 99620 31100 39210 259186
"200101" 1610471 1602670 235619 172028 26227 145801 1195023 63350 542350 182768 0 406555 7801 1610471 96160 54671 123292 106559 0 588 0 1149 11806 60378 31271 45909 637009 83282 21292 44637 292468
"200102" 1479518 1472743 206256 186978 20865 166113 1079509 62653 543724 184100 0 289032 6775 1479518 88365 56427 128896 113311 0 0 0 1611 10948 58882 30887 51061 635206 77736 24370 44830 156988
"200103" 1442404 1437288 189571 189339 17980 171359 1058378 62403 567874 174125 0 253976 5116 1442404 86237 56538 131395 113168 0 0 0 1335 14368 65532 30379 51214 643760 76206 22829 50792 98651
"200104" 1473993 1469228 177726 198475 19539 178936 1093027 50602 607818 162368 0 272239 4765 1473993 88154 60169 136944 108449 0 0 0 2400 12731 51748 27017 51266 623747 70744 33829 48160 158635
"200201" 1411428 1406951 162983 215169 18633 196536 1028799 56457 577178 141382 0 253782 4477 1411428 84417 54667 140253 116024 0 0 0 2314 10425 50765 27555 52218 616473 79251 19619 47646 109801
"200202" 1348556 1343625 141454 225519 20941 204578 976652 43443 560674 135880 0 236655 4931 1348556 80618 55218 143491 125691 0 0 0 3365 10165 51709 27685 50970 594488 59866 20183 50808 74299
"200203" 1340821 1335945 136423 226571 19099 207472 972951 46588 556554 148753 0 221056 4876 1340821 80157 60256 146037 125451 0 0 0 2698 13611 53234 27817 50310 541853 56177 10113 44347 128760
"200204" 1374897 1370293 119813 257228 19310 237918 993252 48306 566075 147805 0 231066 4604 1374897 82218 64789 151289 126555 0 0 0 1511 15682 55746 30715 48036 585168 63076 10353 43495 96264
"200301" 1358915 1354095 119825 262588 18494 244094 971682 44550 539121 134247 0 253764 4820 1358915 81246 61894 151192 178657 0 0 0 1209 13035 48673 31152 45820 538418 62976 11088 46693 86862
"200302" 1328251 1323675 100995 300306 20393 279913 922374 39577 521201 152843 0 208753 4576 1328251 79421 70005 155861 179971 0 0 0 1413 14288 45405 26829 44629 519774 64199 9132 41865 75459
"200303" 1295613 1291345 103978 278843 16859 261984 908524 40894 533303 141138 0 193189 4268 1295613 77481 80487 157326 185978 0 0 0 861 13972 45710 26740 42640 475574 65715 8385 46074 68670
"200304" 1292938 1288571 82481 276105 15547 260558 929985 42281 530036 145140 0 212528 4367 1292938 77314 75679 161629 192752 0 0 0 683 13701 37907 27495 41628 459924 76213 6687 49356 71970
"200401" 1328861 1324964 91623 296518 15237 281281 936823 57087 508861 148076 0 222799 3897 1328861 79498 78983 164164 195312 0 0 0 950 12065 36966 27353 40675 434584 71933 7983 49519 128876
"200402" 1304433 1299990 98673 292628 15276 277352 908689 51711 503435 151519 0 202024 4443 1304433 77999 78886 165188 226159 0 0 0 762 10150 33536 26798 37921 407381 72473 7759 49956 109465
"200403" 1309997 1305972 105121 291908 13397 278511 908943 52078 498168 165076 0 193621 4025 1309997 78358 85624 167957 223572 0 0 0 684 10504 33028 26320 32661 393643 86697 6602 49876 114471
"200404" 1399128 1395035 97782 345342 13303 332039 951911 53107 526113 175322 0 197369 4093 1399128 83702 95023 171719 229769 0 0 0 788 12313 27371 28513 35171 405822 94221 5814 48015 160887
"200501" 1439635 1435548 112002 346188 14049 332139 977358 59805 531088 161177 0 225288 4087 1439635 86133 90942 175123 231323 0 0 0 849 13205 22214 30716 37269 408288 105561 7895 50399 179718
"200502" 1499013 1494868 110680 348149 11870 336279 1036039 57912 559042 148832 0 270253 4145 1499013 89692 90215 178310 232273 0 0 0 499 13051 21447 31387 40627 430598 101361 10221 62476 196856
"200503" 1561277 1556888 116494 369103 14767 354336 1071291 63305 595435 146034 0 266517 4389 1561277 93413 99352 182136 239599 0 0 0 449 14904 23546 32986 32252 441325 96878 10923 63811 229703
"200504" 1644201 1640099 90072 383952 28979 354973 1166075 57139 674422 159997 0 274517 4102 1644201 98406 110974 184810 239626 0 0 0 784 15817 24384 31516 35238 492167 97136 13813 60246 239284
"200601" 1698367 1697611 96496 405250 25457 379793 1195865 58709 690269 150971 0 295916 756 1698367 101857 105397 188845 244925 0 0 0 1077 15229 26166 30456 39075 489791 108748 17856 66698 262247
"200602" 1764946 1764229 111673 385022 23816 361206 1267534 70671 742948 152685 0 301230 717 1764946 105854 118946 193468 269705 0 0 0 645 13989 26701 30747 40948 507892 115299 22954 67615 250183
"200603" 1865345 1864645 110581 476338 23945 452393 1277726 71991 758859 164014 0 282862 700 1865345 111879 118689 197869 289392 0 0 0 1180 13643 28197 31298 42575 556197 120550 25666 73995 254215
"200604" 1958007 1957516 112519 482321 27037 455284 1362676 78812 837356 165267 0 281241 491 1958007 117451 122669 202433 286339 0 0 0 958 16396 28676 31725 42839 608258 114524 32352 64305 289082
"200701" 2003709 2003373 126170 476568 25757 450811 1400635 82641 830830 132480 0 354684 336 2003709 120202 109057 205252 299163 0 0 0 1582 16038 31891 35738 53128 629263 107669 17779 77128 299819
"200702" 2109803 2109392 154348 473982 26251 447731 1481062 87076 905095 127034 0 361857 411 2109803 126564 114501 200494 296217 0 0 0 1732 13172 34568 36516 53028 637434 110580 30088 79874 375035
"200703" 1857582 1857292 131417 426200 27284 398916 1299675 98475 730195 119756 0 351249 290 1857582 111438 79935 201996 281793 0 0 0 1043 12179 36450 30168 40474 639200 110637 14155 86029 212085
"200704" 1788603 1788092 123815 413007 28992 384015 1251270 116670 643121 123528 0 367951 511 1788603 107286 69462 193765 278064 0 0 0 426 13280 41731 26943 38449 674562 114093 27655 87115 115772
"200801" 1784561 1784192 139958 460326 20651 439675 1183908 115720 588378 113543 0 366267 369 1784561 94552 52866 178966 280808 0 0 0 2739 18624 44650 28559 38654 662321 117678 39788 107489 116867
"200802" 1748378 1748046 139829 470574 28470 442104 1137643 130294 558898 112391 0 336060 332 1748378 62383 58271 168972 276815 0 0 0 745 17647 44259 28980 38456 642161 131165 9346 102908 166270
"200803" 1554830 1554830 146540 401087 31268 369819 1007203 115822 510520 103261 0 277600 0 1554830 20790 56981 152696 253290 0 100037 0 0 16748 38503 20853 34095 494843 89034 6837 153941 116182
"200804" 1599300 1599300 131479 341972 49654 292318 1125849 77667 559264 100885 0 388033 0 1599300 5958 57286 127600 232919 0 15685 0 0 19103 38291 37185 25934 618502 51588 6791 65701 296757
"200901" 1423918 1423918 106923 344792 42775 302017 972203 56110 484665 72834 0 358594 0 1423918 5558 34956 108025 219977 0 4452 0 0 17462 41577 37593 25715 578743 31772 11237 49879 256972
"200902" 1278799 1278799 86182 345680 44319 301361 846937 51856 422362 66766 0 305953 0 1278799 15058 41142 86521 200947 0 9841 0 0 12143 46620 38081 23874 527149 49283 12044 61262 154834
"200903" 1169289 1169289 73033 396630 35958 360672 699626 55592 329588 58972 0 255474 0 1169289 24858 34548 81376 196934 0 52 0 0 9228 47304 31465 23896 513551 63921 9675 49532 82949
"200904" 1138003 1138003 59109 399785 34488 365297 679109 60753 292539 62074 0 263743 0 1138003 34608 42056 74295 191536 0 0 0 0 9825 49800 26664 22780 510655 80192 9741 41538 44313
"201001" 1082736 1082736 74600 384657 34760 349897 623479 206480 124481 63987 0 228531 0 1082736 44552 43127 68902 194082 0 0 0 0 7771 43923 21731 22647 448486 77418 8611 38495 62991
"201002" 1028000 1028000 82182 378273 33384 344889 567545 199479 112012 63082 0 192972 0 1028000 54180 48607 56960 185915 0 0 0 0 7446 42307 18189 22783 385905 55854 10441 33091 106322
"201003" 1050531 1050531 98053 377977 29447 348530 574501 193563 119219 58374 0 203345 0 1050531 63974 52584 52762 192546 0 0 0 0 8248 36255 17114 21871 386396 66924 8573 37591 105693
