"DATES" "FL893169005.Q" "FL313069205.Q" "FL153169203.Q" "FL103169205.Q" "FL113169203.Q" "FL133169203.Q" "FL213169203.Q" "FL263169205.Q" "FL403169283.Q" "FL313069223.Q" "FL503169205.Q" "FL263069500.Q" "FL263069500.Q" "FL763069705.Q" "FL103169705.Q" "FL263169705.Q" "FL443069505.Q" "FL103169525.Q" "FL113169525.Q" "FL473069503.Q" "FL103169545.Q" "FL113169545.Q" "FL153169405.Q" "FL313069403.Q" "FL543069403.Q" "FL403069305.Q" "FL153169305.Q" "FL113169303.Q" "FL133169300.Q" "FL723169305.Q" "FL443169305.Q" "FL473169333.Q" "FL543169333.Q" "FL673069505.Q" "FL673069505.Q" "FL613069500.Q" "FL103169535.Q" "FL113169535.Q" "FL103169803.Q" "FL153069803.Q" "FL543069803.Q" "FL653069803.Q" "FL673069803.Q" "FL663069803.Q" "FL503069805.Q"
"195201" 22550 14871 0 618 2763 307 771 10412 0 0 0 0 0 458 269 189 0 0 0 0 0 0 2807 180 2627 1799 0 334 876 0 589 0 0 0 0 2615 2354 262 0 0 0 0 0 0 0
"195202" 23058 15134 0 600 2756 385 844 10549 0 0 0 0 0 416 254 162 0 0 0 0 0 0 2846 185 2661 1898 0 342 903 0 653 0 0 0 0 2764 2488 276 0 0 0 0 0 0 0
"195203" 23593 15491 0 616 2821 353 980 10721 0 0 0 0 0 454 315 139 0 0 0 0 0 0 2882 185 2697 1935 0 336 884 0 715 0 0 0 0 2831 2548 283 0 0 0 0 0 0 0
"195204" 24271 15689 0 655 2981 213 1138 10702 0 0 0 0 0 492 335 157 0 0 0 0 0 0 2902 189 2713 2061 0 330 867 0 864 0 0 0 0 3127 2814 313 0 0 0 0 0 0 0
"195301" 24346 15845 0 671 2911 471 913 10879 0 0 0 0 0 455 313 142 0 0 0 0 0 0 2953 195 2758 1721 0 361 749 0 611 0 0 0 0 3372 3035 337 0 0 0 0 0 0 0
"195302" 25225 16496 4 986 2944 444 839 11279 0 0 0 0 0 428 281 147 0 0 0 0 0 0 3006 200 2806 1867 0 319 830 0 718 0 0 0 0 3428 3085 343 0 0 0 0 0 0 0
"195303" 25965 17074 6 1004 2983 437 842 11802 0 0 0 0 0 515 342 173 0 0 0 0 0 0 3055 205 2850 1925 0 331 793 0 801 0 0 0 0 3396 3056 340 0 0 0 0 0 0 0
"195304" 26137 17251 8 953 3041 445 774 12030 0 0 0 0 0 573 376 197 0 0 0 0 0 0 3122 208 2914 1939 0 372 615 0 952 0 0 0 0 3252 2927 325 0 0 0 0 0 0 0
"195401" 25986 17229 11 908 3094 530 670 12016 0 0 0 0 0 580 402 178 0 0 0 0 0 0 3187 215 2972 1654 0 349 675 0 630 0 0 0 0 3336 3002 334 0 0 0 0 0 0 0
"195402" 25772 16857 14 807 3103 500 477 11956 0 0 0 0 0 589 403 186 0 0 0 0 0 0 3252 220 3032 1770 0 304 791 0 675 0 0 0 0 3304 2974 330 0 0 0 0 0 0 0
"195403" 25642 16778 16 818 3120 525 453 11846 0 0 0 0 0 609 422 187 0 0 0 0 0 0 3309 225 3084 1808 0 338 781 0 689 0 0 0 0 3138 2824 314 0 0 0 0 0 0 0
"195404" 26221 16839 18 806 3245 508 439 11823 0 0 0 0 0 873 602 271 0 0 0 0 0 0 3357 230 3127 1894 0 362 665 0 867 0 0 0 0 3258 2932 326 0 0 0 0 0 0 0
"195501" 26111 17041 43 811 3309 634 447 11797 0 0 0 0 0 807 532 275 0 0 0 0 0 0 3428 240 3188 1799 0 355 742 0 702 0 0 0 0 3036 2732 304 0 0 0 0 0 0 0
"195502" 26822 17192 49 830 3351 661 438 11863 0 0 0 0 0 655 381 274 0 0 0 0 0 0 3470 245 3225 2189 0 317 855 0 1017 0 0 0 0 3316 2984 332 0 0 0 0 0 0 0
"195503" 27074 17262 51 805 3469 644 441 11836 16 0 0 0 0 671 395 276 0 0 0 0 0 0 3517 250 3267 2466 0 354 837 0 1275 0 0 0 0 3158 2842 316 0 0 0 0 0 0 0
"195504" 27642 17207 55 684 3592 574 451 11785 66 0 0 0 0 642 332 310 0 0 0 0 0 0 3550 260 3290 2481 0 371 693 0 1417 0 0 0 0 3762 3386 376 0 0 0 0 0 0 0
"195601" 27800 17160 60 647 3562 598 458 11809 26 0 0 0 0 660 330 330 0 0 0 0 0 0 3611 265 3346 2256 0 351 767 0 1138 0 0 0 0 4113 3702 411 0 0 0 0 0 0 0
"195602" 28150 17392 69 688 3563 627 460 11891 94 0 0 0 0 684 308 376 0 0 0 0 0 0 3685 271 3414 2420 0 349 898 0 1173 0 0 0 0 3969 3572 397 0 0 0 0 0 0 0
"195603" 27983 17418 78 687 3626 587 495 11847 98 0 0 0 0 805 424 381 0 0 0 0 0 0 3730 280 3450 2422 0 395 885 0 1142 0 0 0 0 3608 3247 361 0 0 0 0 0 0 0
"195604" 28881 17832 88 682 3759 624 519 11799 361 0 0 0 0 967 490 477 0 0 0 0 0 0 3804 285 3519 2432 0 457 747 0 1228 0 0 0 0 3846 3461 385 0 0 0 0 0 0 0
"195701" 29411 17804 106 691 3740 679 576 11801 211 0 0 0 0 1019 423 596 0 0 0 0 0 0 3885 290 3595 2229 0 423 845 0 961 0 0 0 0 4474 4027 447 0 0 0 0 0 0 0
"195702" 29546 17556 127 767 3727 642 578 11712 3 0 0 0 0 979 299 680 0 0 0 0 0 0 3980 302 3678 2462 0 384 999 0 1079 0 0 0 0 4569 4112 457 0 0 0 0 0 0 0
"195703" 30040 17709 145 718 3741 623 644 11720 118 0 0 0 0 1197 533 664 0 0 0 0 0 0 4076 310 3766 2545 0 430 996 0 1119 0 0 0 0 4513 4062 451 0 0 0 0 0 0 0
"195704" 31110 18153 166 741 3792 550 670 12153 81 0 0 0 0 1307 619 688 0 0 0 0 0 0 4189 320 3869 2651 0 454 932 0 1265 0 0 0 0 4810 4329 481 0 0 0 0 0 0 0
"195801" 31419 18365 196 712 3814 639 721 12276 7 0 0 0 0 1529 873 656 0 0 0 0 0 0 4300 330 3970 2163 0 428 1039 0 696 0 0 0 0 5062 4556 506 0 0 0 0 0 0 0
"195802" 31596 18465 227 727 3815 628 758 12310 0 0 0 0 0 1352 729 623 0 0 0 0 0 0 4398 340 4058 2564 0 408 1227 0 929 0 0 0 0 4817 4335 482 0 0 0 0 0 0 0
"195803" 31581 18819 251 731 3854 615 817 12532 19 0 0 0 0 1281 691 590 0 0 0 0 0 0 4475 350 4125 2716 0 473 1233 0 1010 0 0 0 0 4290 3861 429 0 0 0 0 0 0 0
"195804" 32757 19192 273 752 3920 565 850 12772 60 0 0 0 0 1194 582 612 0 0 0 0 0 0 4548 360 4188 2964 0 510 1156 0 1298 0 0 0 0 4859 4373 486 0 0 0 0 0 0 0
"195901" 33545 19431 295 767 3926 679 875 12804 85 0 0 0 0 1054 472 582 0 0 0 0 0 0 4643 370 4273 2918 0 518 1313 0 1087 0 0 0 0 5499 4949 550 0 0 0 0 0 0 0
"195902" 35039 19718 337 809 3959 651 938 12982 42 0 0 0 0 983 400 583 6 3 3 0 0 0 4747 380 4367 3610 0 526 1547 0 1537 0 0 0 0 5975 5378 598 0 0 0 0 0 0 0
"195903" 35292 19797 373 780 3946 638 981 13044 35 0 0 0 0 954 407 547 19 10 10 0 0 0 4864 390 4474 3931 0 576 1560 0 1795 0 0 0 0 5727 5154 573 0 0 0 0 0 0 0
"195904" 36328 19707 415 779 3952 577 1035 12810 139 0 0 0 0 1151 593 558 25 13 13 0 0 0 5018 400 4618 4146 0 622 1390 0 2134 0 0 0 0 6281 5653 628 0 0 0 0 0 0 0
"196001" 37509 19975 434 781 3913 643 1073 12899 232 0 0 0 0 1366 709 657 27 14 14 0 0 0 5196 410 4786 3625 0 609 1496 0 1520 0 0 0 0 7320 6588 732 0 0 0 0 0 0 0
"196002" 39046 20207 503 950 3910 616 1171 13057 0 0 0 0 0 1382 560 822 21 11 11 0 0 0 5391 425 4966 4019 0 551 1698 0 1770 0 0 0 0 8026 7223 803 0 0 0 0 0 0 0
"196003" 39229 20340 552 831 3929 617 1250 13105 56 0 0 0 0 1668 638 1030 45 23 23 0 0 0 5542 430 5112 4017 0 589 1692 0 1736 0 0 0 0 7617 6855 762 0 0 0 0 0 0 0
"196004" 40526 20468 581 856 3962 564 1240 13228 37 0 0 0 0 2027 834 1193 40 20 20 0 0 0 5671 440 5231 4131 0 649 1501 0 1981 0 0 0 0 8189 7370 819 0 0 0 0 0 0 0
"196101" 40887 20994 627 846 3973 722 1290 13523 13 0 0 0 0 2231 787 1444 39 20 20 0 0 0 5823 450 5373 3768 0 665 1626 0 1477 0 0 0 0 8032 7229 803 0 0 0 0 0 0 0
"196102" 41408 20726 659 1020 3985 655 1403 13004 0 0 0 0 0 2271 672 1599 26 13 13 0 0 0 5998 475 5523 4295 0 595 1831 0 1869 0 0 0 0 8092 7283 809 0 0 0 0 0 0 0
"196103" 42232 21320 718 972 4012 710 1441 13458 9 0 0 0 0 2422 701 1721 37 19 19 0 0 0 6120 486 5634 4612 0 645 1843 0 2124 0 0 0 0 7721 6949 772 0 0 0 0 0 0 0
"196104" 43983 21624 747 922 3992 686 1466 13707 104 0 0 0 0 2683 895 1788 45 23 23 0 0 0 6230 497 5733 5009 0 697 1650 0 2662 0 0 0 0 8392 7553 839 0 0 0 0 0 0 0
"196201" 44399 22259 790 976 3997 850 1551 14051 44 0 0 0 0 2498 742 1756 66 33 33 0 0 0 6356 508 5848 4644 0 728 1765 0 2151 0 0 0 0 8576 7718 858 0 0 0 0 0 0 0
"196202" 45846 22835 846 1090 4000 844 1712 14343 0 0 0 0 0 2342 734 1608 81 41 41 0 0 0 6515 520 5995 5457 0 692 1998 0 2767 0 0 0 0 8616 7754 862 0 0 0 0 0 0 0
"196203" 45892 22968 924 1106 4118 780 1764 14242 34 0 0 0 0 2281 737 1544 108 54 54 0 0 0 6654 530 6124 5743 0 690 2007 0 3046 0 0 0 0 8138 7324 814 0 0 0 0 0 0 0
"196204" 47666 23492 970 1135 4168 736 1970 14424 89 0 0 0 0 2650 898 1752 134 67 67 0 0 0 6774 540 6234 6054 0 735 1840 0 3479 0 0 0 0 8562 7706 856 0 0 0 0 0 0 0
"196301" 48238 24214 1032 1093 4227 931 2031 14837 63 0 0 0 0 2589 818 1771 111 56 56 0 0 0 6898 550 6348 5280 0 760 2006 0 2514 0 0 0 0 9146 8231 915 0 0 0 0 0 0 0
"196302" 50260 24656 1075 1133 4187 913 2052 15296 0 0 0 0 0 2697 732 1965 84 42 42 0 0 0 7033 561 6472 6264 0 701 2293 0 3270 0 0 0 0 9526 8573 953 0 0 0 0 0 0 0
"196303" 51116 24881 1131 1143 4237 883 2154 15333 0 0 0 0 0 2709 708 2001 181 91 91 0 0 0 7137 570 6567 7077 0 735 2318 0 4024 0 0 0 0 9131 8218 913 0 0 0 0 0 0 0
"196304" 53237 25377 1173 1183 4444 797 2203 15577 0 0 0 0 0 2890 665 2225 36 18 18 0 0 0 7234 579 6655 7723 0 840 2099 0 4784 0 0 0 0 9977 8979 998 0 0 0 0 0 0 0
"196401" 54675 26061 1246 1211 4569 926 2199 15910 0 0 0 0 0 3102 708 2394 92 46 46 0 0 0 7366 589 6777 7221 0 815 2238 0 4168 0 0 0 0 10833 9750 1083 0 0 0 0 0 0 0
"196402" 56988 26750 1281 1229 4547 1014 2274 16401 4 0 0 0 0 3149 711 2438 73 37 37 0 0 0 7510 599 6911 8030 0 757 2504 0 4769 0 0 0 0 11476 10328 1148 0 0 0 0 0 0 0
"196403" 57836 27535 1348 1281 4630 956 2372 16814 134 0 0 0 0 3175 761 2414 94 47 47 0 0 0 7637 608 7029 8162 0 809 2516 0 4837 0 0 0 0 11233 10110 1123 0 0 0 0 0 0 0
"196404" 59566 28234 1397 1382 4810 861 2464 17189 131 0 0 0 0 3385 764 2621 92 46 46 0 0 0 7758 618 7140 8530 0 958 2247 0 5325 0 0 0 0 11567 10410 1157 0 0 0 0 0 0 0
"196501" 60749 28950 1461 1470 4832 1011 2523 17626 27 0 0 0 0 3325 735 2590 116 58 58 0 0 0 7897 628 7269 8134 0 1007 2380 0 4747 0 0 0 0 12327 11094 1233 0 0 0 0 0 0 0
"196502" 63441 29729 1507 1526 4837 1050 2655 18154 0 0 0 0 0 3355 750 2605 127 64 64 0 0 0 8057 638 7419 9203 0 931 2686 0 5586 0 0 0 0 12970 11673 1297 0 0 0 0 0 0 0
"196503" 63683 30171 1585 1577 4908 988 2719 18265 129 0 0 0 0 3314 860 2454 99 50 50 0 0 0 8210 649 7561 9467 0 940 2725 0 5802 0 0 0 0 12422 11180 1242 0 0 0 0 0 0 0
"196504" 65969 31057 1632 1676 4978 941 2777 18717 336 0 0 0 0 3392 891 2501 82 41 41 0 0 0 8338 660 7678 9568 0 1055 2516 0 5997 0 0 0 0 13532 12179 1353 0 0 0 0 0 0 0
"196601" 67876 32019 1739 1830 5052 1218 2823 19119 238 0 0 0 0 3388 843 2545 53 27 27 0 0 0 8533 672 7861 9532 0 1137 2708 0 5687 0 0 0 0 14351 12916 1435 0 0 0 0 0 0 0
"196602" 70455 32442 1856 1885 5075 1092 2910 19624 0 0 0 0 0 3420 945 2475 60 30 30 0 0 0 8857 684 8173 10953 0 1105 3065 0 6783 0 0 0 0 14723 13251 1472 0 0 0 0 0 0 0
"196603" 71464 33612 2062 1937 5097 1113 3207 19795 401 0 0 0 0 3370 1104 2266 188 94 94 0 0 0 9354 697 8657 11450 0 1199 3076 0 7175 0 0 0 0 13490 12141 1349 0 0 0 0 0 0 0
"196604" 73158 33778 2114 2042 5190 929 3404 19996 103 0 0 0 0 3603 1063 2540 196 98 98 0 0 0 9827 710 9117 11148 0 1290 2923 0 6935 0 0 0 0 14606 13145 1461 0 0 0 0 0 0 0
"196701" 74092 35272 2198 2121 5204 1129 3414 21150 56 0 0 0 0 3704 1076 2628 246 123 123 0 0 0 10119 723 9396 9706 0 1363 3168 0 5175 0 0 0 0 15045 13541 1505 0 0 0 0 0 0 0
"196702" 74478 35985 2258 2189 5222 1226 3464 21626 0 0 0 0 0 4131 1103 3028 291 146 146 0 0 0 10406 736 9670 9145 0 1296 3547 0 4302 0 0 0 0 14520 13068 1452 0 0 0 0 0 0 0
"196703" 75004 37109 2360 2154 5284 1141 3570 22103 497 0 0 0 0 4146 1217 2929 222 111 111 0 0 0 10609 749 9860 9029 0 1384 3523 0 4122 0 0 0 0 13889 12500 1389 0 0 0 0 0 0 0
"196704" 76387 37480 2443 2233 5556 1087 3579 22546 36 0 0 0 0 4317 1304 3013 211 106 106 0 0 0 10819 760 10059 9303 0 1506 3411 0 4386 0 0 0 0 14257 12831 1426 0 0 0 0 0 0 0
"196801" 79165 38613 2557 2319 5599 1071 3636 23369 62 0 0 0 0 4336 1345 2991 329 165 165 0 0 0 11107 771 10336 9481 0 1598 3614 0 4269 0 0 0 0 15299 13769 1530 0 0 0 0 0 0 0
"196802" 81755 39133 2938 1626 5647 1078 3835 23953 56 0 0 0 0 4286 1490 2796 352 176 176 0 0 0 11478 781 10697 10283 0 1454 3940 0 4889 0 0 0 0 16223 14601 1622 0 0 0 0 0 0 0
"196803" 82619 40138 3059 1632 5755 1060 3878 24460 294 0 0 0 0 4327 1582 2745 352 176 176 0 0 0 11836 794 11042 10346 0 1479 3841 0 5026 0 0 0 0 15620 14058 1562 0 0 0 0 0 0 0
"196804" 84532 40802 3206 1657 5883 1034 3993 24746 283 0 0 0 0 4428 1574 2854 213 107 107 0 0 0 12109 803 11306 10490 0 1577 3654 0 5259 0 0 0 0 16490 14841 1649 0 0 0 0 0 0 0
"196901" 86888 41677 3329 1692 5957 1143 4130 25426 0 0 0 0 0 4464 1687 2777 230 115 115 0 0 0 12542 817 11725 10915 0 1663 3921 0 5331 0 0 0 0 17060 15354 1706 0 0 0 0 0 0 0
"196902" 92075 42412 3360 1721 5970 1163 4205 25993 0 0 0 0 0 4880 1813 3067 252 126 126 0 0 0 13199 838 12361 12362 0 1594 4355 0 6413 0 0 0 0 18970 17073 1897 0 0 0 0 0 0 0
"196903" 96357 43280 3488 1732 6057 1201 4271 26531 0 0 0 0 0 5232 2259 2973 232 116 116 0 0 0 14050 868 13182 13854 0 1585 4329 0 7940 0 0 0 0 19709 17738 1971 0 0 0 0 0 0 0
"196904" 101361 44183 3586 1774 6213 1019 4739 26852 0 0 0 0 0 5451 2282 3169 259 130 130 0 0 0 14713 888 13825 15296 0 1732 4275 0 9289 0 0 0 0 21459 19313 2146 0 0 0 0 0 0 0
"197001" 104392 44966 3704 1827 6307 1140 4698 27290 0 0 0 0 0 5352 2309 3043 312 156 156 0 0 0 15456 912 14544 16229 0 1840 4644 0 9745 0 0 0 0 22077 19869 2208 0 0 0 0 0 0 0
"197002" 108108 45519 3778 1914 6443 1168 4572 27644 0 0 0 0 0 5973 2686 3287 382 191 191 0 0 0 16124 933 15191 17082 0 1749 5097 0 10236 0 0 0 0 23028 20725 2303 0 0 0 0 0 0 0
"197003" 108950 46239 3840 1967 6594 1081 4766 27991 0 0 0 0 0 5848 2792 3056 419 210 210 0 0 0 16653 950 15703 17380 0 1857 4998 0 10525 0 0 0 0 22411 20170 2241 0 0 0 0 0 0 0
"197004" 110664 46694 3879 2059 6783 967 4816 28190 0 0 0 0 0 7058 3090 3968 459 230 230 0 0 0 17021 957 16064 17619 0 2030 4974 0 10615 0 0 0 0 21813 19632 2181 0 0 0 0 0 0 0
"197101" 112659 47228 4076 1449 6857 1038 4909 28899 0 0 0 0 0 7173 3120 4053 549 275 275 0 0 0 17257 961 16296 17223 0 2153 5380 0 9690 0 0 0 0 23229 20906 2323 0 0 0 0 0 0 0
"197102" 113003 48140 4141 1527 6980 1066 4841 29585 0 0 0 0 0 7645 3652 3993 650 325 325 0 0 0 17494 963 16531 15191 0 2041 5909 0 7241 0 0 0 0 23883 21495 2388 0 0 0 0 0 0 0
"197103" 113830 48712 4173 1537 7068 1042 5090 29802 0 0 0 0 0 8148 4096 4052 654 327 327 0 0 0 17779 967 16812 15357 0 1879 5841 0 7637 0 0 0 0 23180 20862 2318 0 0 0 0 0 0 0
"197104" 114555 49182 4239 1604 7141 1014 5181 30003 0 0 0 0 0 7889 3619 4270 675 338 338 0 0 0 18034 969 17065 15618 0 2013 5669 0 7936 0 0 0 0 23157 20841 2316 0 0 0 0 0 0 0
"197201" 115803 49926 4413 1607 7049 1033 5448 30376 0 0 0 0 0 7985 3575 4410 784 392 392 0 0 0 18236 969 17267 14152 0 2192 5968 0 5992 0 0 0 0 24720 22248 2472 0 0 0 0 0 0 0
"197202" 116364 50090 4456 1637 7130 1063 5145 30659 0 0 0 0 0 7069 3586 3483 708 354 354 0 0 0 18493 971 17522 14516 0 2061 6380 0 6075 0 0 0 0 25488 22939 2549 0 0 0 0 0 0 0
"197203" 117209 51061 4666 1689 7249 1104 5271 31082 0 0 0 0 0 6602 3635 2967 689 345 345 0 0 0 18751 980 17771 15107 0 2170 6201 0 6736 0 0 0 0 24999 22499 2500 0 0 0 0 0 0 0
"197204" 121898 51713 4624 1845 7202 1050 5526 31466 0 0 0 0 0 6898 3672 3226 568 284 284 0 0 0 18984 981 18003 16373 0 2298 6096 0 7979 0 0 0 0 27362 24626 2736 0 0 0 0 0 0 0
"197301" 126274 52871 4844 1938 8046 1207 4797 32039 0 0 0 189 189 6859 3377 3482 233 117 117 0 0 0 19267 983 18284 17715 0 2895 6400 0 8420 0 0 0 0 29140 26226 2914 0 0 0 0 0 0 0
"197302" 132672 53299 4858 1965 8148 1357 4555 32416 0 0 0 166 166 7237 3253 3984 573 287 287 0 0 0 19698 985 18713 20828 0 2725 6958 0 11145 0 0 0 0 30871 27784 3087 0 0 0 0 0 0 0
"197303" 138620 54415 4858 2011 8276 1321 4971 32978 0 0 0 24 24 8170 4452 3718 629 315 315 0 0 0 20594 997 19597 24205 0 2738 7169 0 14298 0 0 0 0 30583 27525 3058 0 0 0 0 0 0 0
"197304" 142804 54978 4969 2138 8555 1241 4916 33159 0 0 0 32 32 8892 4736 4156 451 226 226 0 0 0 21205 1006 20199 24922 0 2577 7198 0 15147 0 0 0 0 32324 29092 3232 0 0 0 0 0 0 0
"197401" 145459 53469 5063 2047 8495 1238 4974 31652 0 0 0 51 51 10166 5016 5150 496 248 248 0 0 0 21651 1008 20643 25658 0 3118 7545 0 14995 0 0 0 0 33968 30571 3397 0 0 0 0 0 0 0
"197402" 153674 54025 5259 2093 8705 1399 4781 31788 0 0 0 118 118 13174 5575 7599 446 223 223 0 0 0 22322 1017 21305 28929 0 2806 8481 0 17642 0 0 0 0 34660 31194 3466 0 0 0 0 0 0 0
"197403" 163654 55404 5491 2310 8861 1394 5173 32065 110 0 0 144 144 16035 6463 9572 475 238 238 0 0 0 23209 1034 22175 32795 0 3092 8931 0 20772 0 0 0 0 35592 32033 3559 0 0 0 0 0 0 0
"197404" 173043 58486 5480 3667 9052 1313 5592 32687 695 0 0 253 253 18484 7247 11237 526 263 263 0 0 0 23904 1042 22862 34227 0 3575 8848 0 21804 0 0 0 0 37163 33447 3716 0 0 0 0 0 0 0
"197501" 173331 60787 5671 3716 9412 1405 5688 33942 953 0 0 290 290 18730 7389 11341 642 321 321 0 0 0 24368 1042 23326 30716 0 3433 9119 0 18164 0 0 0 0 37798 34018 3780 0 0 0 0 0 0 0
"197502" 175431 63223 5841 3672 9652 1984 5678 35149 1247 0 0 238 238 17740 7099 10641 574 287 287 0 0 0 24755 1047 23708 30195 0 3371 10021 0 16803 0 0 0 0 38706 34835 3871 0 0 0 0 0 0 0
"197503" 178716 65385 5976 3749 10203 2144 5793 36112 1408 0 0 249 249 16790 6719 10071 736 368 368 0 0 0 25151 1052 24099 30982 0 3500 10000 0 17482 0 0 0 0 39423 35481 3942 0 0 0 0 0 0 0
"197504" 184794 66911 6022 3873 10564 2089 5781 37023 1559 0 0 325 325 18727 7580 11147 610 305 305 0 0 0 25522 1055 24467 31819 0 3979 9995 0 17845 0 0 0 0 40880 36792 4088 0 0 0 0 0 0 0
"197601" 189323 69685 6145 4226 10908 2056 7040 37776 1534 0 0 290 290 18901 7745 11156 745 373 373 0 0 0 25811 1048 24763 30357 0 4200 10400 0 15757 0 0 0 0 43534 39181 4353 0 0 0 0 0 0 0
"197602" 192805 69210 6260 3916 11328 1966 5733 38473 1534 0 0 377 377 19783 8242 11541 763 382 382 0 0 0 26189 1053 25136 30878 0 4412 11192 0 15274 0 0 0 0 45605 41045 4561 0 0 0 0 0 0 0
"197603" 198688 72789 6509 3988 12037 2357 6970 39438 1490 0 0 493 493 19599 8386 11213 815 408 408 0 0 0 26550 1056 25494 32112 0 4450 11600 0 16062 0 0 0 0 46330 41697 4633 0 0 0 0 0 0 0
"197604" 205553 73077 6496 4056 12393 2226 7817 38917 1172 0 0 495 495 22523 10165 12358 1003 502 502 0 0 0 26890 1056 25834 32105 0 4931 11312 0 15862 0 0 0 0 49460 44514 4946 0 0 0 0 0 0 0
"197701" 211447 74273 6274 4184 13047 2274 8159 39925 410 0 0 642 642 22694 9904 12790 932 466 466 0 0 0 27304 1056 26248 32537 0 5575 12500 0 14462 0 0 0 0 53065 47759 5307 0 0 0 0 0 0 0
"197702" 217444 73876 6319 4172 13535 2835 6118 40467 430 0 0 594 594 23440 10274 13166 1045 523 523 0 0 0 27760 1051 26709 33964 0 5220 13027 0 15717 0 0 0 0 56765 51089 5677 0 0 0 0 0 0 0
"197703" 223287 77212 6501 4270 14071 3139 7334 41387 510 0 0 548 548 23317 9672 13645 785 393 393 0 0 0 28198 1057 27141 35538 0 4990 13494 0 17054 0 0 0 0 57689 51920 5769 0 0 0 0 0 0 0
"197704" 236114 78775 6585 4026 14332 3502 8022 41793 515 0 0 645 645 25654 11442 14212 975 488 488 0 0 0 28616 1060 27556 38492 0 5560 12759 0 20173 0 0 0 0 62957 56661 6296 0 0 0 0 0 0 0
"197801" 243276 82470 6728 4688 15604 4025 8307 42528 590 0 0 793 793 24181 8301 15880 885 443 443 0 0 0 29064 1057 28007 39578 0 5900 12400 0 21278 0 0 0 0 66305 59675 6631 0 0 0 0 0 0 0
"197802" 254043 84542 6851 5013 15980 5956 6464 43588 690 0 0 1043 1043 24289 8637 15652 857 429 429 0 0 0 29676 1060 28616 44656 0 6109 13273 0 25274 0 0 0 0 68980 62082 6898 0 0 0 0 0 0 0
"197803" 261717 89020 7181 5608 17396 6769 6461 44860 745 0 0 1412 1412 21952 8869 13083 1108 554 554 0 0 0 30311 1061 29250 49317 0 6059 14100 0 29158 0 0 0 0 68597 61737 6860 0 0 0 0 0 0 0
"197804" 277348 91577 7397 5714 18405 7009 6466 45671 915 0 0 901 901 24938 9908 15030 1172 586 586 0 0 0 31212 1066 30146 53137 0 6250 14217 0 32670 0 0 0 0 74411 66970 7441 0 0 0 0 0 0 0
"197901" 285384 93434 7467 5986 18828 7286 6481 46356 1030 0 0 1341 1341 25214 9948 15266 942 471 471 0 0 0 32242 1077 31165 53695 0 6850 14964 0 31881 0 0 0 0 78516 70664 7852 0 0 0 0 0 0 0
"197902" 303445 98372 7893 6340 19683 9565 6648 47103 1140 0 0 1878 1878 27158 10175 16983 1610 805 805 0 0 0 33224 1085 32139 58501 0 7355 16075 0 35071 0 0 0 0 82702 74432 8270 0 0 0 0 0 0 0
"197903" 315218 101444 8209 6666 20555 10392 6551 47796 1275 0 0 2459 2459 30907 11040 19867 2168 1084 1084 0 0 0 34156 1095 33061 62596 0 7500 16500 0 38596 0 0 0 0 81488 73339 8149 0 0 0 0 0 0 0
"197904" 331542 105709 8469 6908 21394 10391 6662 50380 1505 0 0 2888 2888 32465 13842 18623 2246 1123 1123 0 0 0 35944 1119 34825 67761 0 8379 17544 0 41838 0 0 0 0 84529 76076 8453 0 0 0 0 0 0 0
"198001" 346413 110132 8671 7158 22319 11498 6714 51987 1785 0 0 3452 3452 35888 15744 20144 1403 702 702 0 0 0 38042 1147 36895 71836 0 9200 18514 0 44122 0 0 0 0 85660 77094 8566 0 0 0 0 0 0 0
"198002" 355910 114637 8720 7598 23475 12822 6779 53063 2180 0 0 5568 5568 38967 16591 22376 1441 721 721 0 0 0 40564 1187 39377 70223 0 7915 19944 0 42364 0 0 0 0 84510 76059 8451 0 0 0 0 0 0 0
"198003" 361903 118538 9422 7995 24400 13126 7138 54112 2345 0 0 5263 5263 39509 16076 23433 1843 922 922 0 0 0 41398 1192 40206 72961 0 8600 20200 0 44161 0 0 0 0 82391 74152 8239 0 0 0 0 0 0 0
"198004" 376993 122225 9483 8376 25553 13026 7586 55481 2720 0 0 4502 4502 39790 17076 22714 2727 1364 1364 0 0 0 42612 1201 41411 78191 0 9830 19398 0 48963 0 0 0 0 86946 78251 8695 0 0 0 0 0 0 0
"198101" 395111 128604 9896 8499 27122 14895 7813 56984 3395 0 0 7712 7712 44178 19565 24613 3241 1621 1621 0 0 0 44358 1147 43211 79475 0 10100 20200 0 49175 0 0 0 0 87543 78789 8754 0 0 0 0 0 0 0
"198102" 420005 134410 10292 8876 28430 16869 8570 57973 3400 0 0 8077 8077 45655 18198 27457 4074 2037 2037 0 0 0 46099 1160 44939 87380 0 9228 22057 0 56095 0 0 0 0 94310 84879 9431 0 0 0 0 0 0 0
"198103" 439107 138371 10530 9358 29728 17051 8469 58935 4300 0 0 10776 10776 47564 19924 27640 4635 2318 2318 0 0 0 48304 1262 47042 96397 0 9300 22750 0 64347 0 0 0 0 93060 83754 9306 0 0 0 0 0 0 0
"198104" 455435 141599 10998 9571 31166 16420 8824 60020 4600 0 0 15400 15400 51084 21448 29636 3908 1954 1954 0 0 0 49966 1260 48706 95898 0 9482 21222 0 65194 0 0 0 0 97580 87822 9758 0 0 0 0 0 0 0
"198201" 463151 144181 11193 9761 32175 16378 9068 60606 5000 0 0 16653 16653 51835 21033 30802 4616 2308 2308 0 0 0 51265 1252 50013 96493 0 9931 20400 0 66162 0 0 0 0 98108 88297 9811 0 0 0 0 0 0 0
"198202" 477757 148248 11717 9964 33156 17300 9606 61505 5000 0 0 17267 17267 55159 21852 33307 4604 2302 2302 0 0 0 52615 1245 51370 100419 0 9011 22010 0 69398 0 0 0 0 99445 89501 9945 0 0 0 0 0 0 0
"198203" 485245 153728 12374 10783 34299 17667 9653 63952 5000 0 0 20098 20098 55095 19567 35528 5324 2662 2662 0 0 0 53661 1238 52423 98242 0 8200 22400 0 67642 0 0 0 0 99097 89187 9910 0 0 0 0 0 0 0
"198204" 487389 155219 12638 10851 35751 16657 9791 64531 5000 0 0 20144 20144 58819 20666 38153 5634 2817 2817 0 0 0 54187 1226 52961 95062 0 8671 20390 0 66001 0 0 0 0 98324 88492 9832 0 0 0 0 0 0 0
"198301" 483328 157253 12778 10807 36606 16402 10033 65627 5000 0 0 21499 21499 53965 18689 35276 6850 3425 3425 0 0 0 54641 1214 53427 89491 24 9600 19400 325 60142 0 0 0 0 99629 89666 9963 0 0 0 0 0 0 0
"198302" 494105 160156 12900 11150 37300 16980 10350 66476 5000 0 0 23439 23439 57604 22590 35014 7099 3550 3550 0 0 0 54911 1200 53711 89202 64 8888 20270 855 59125 0 0 0 0 101694 91525 10169 0 0 0 0 0 0 0
"198303" 502967 162340 13216 10877 38019 16869 10703 67656 5000 0 0 23985 23985 61469 25740 35729 8453 4227 4227 0 0 0 55050 1190 53860 89063 106 8900 20250 1401 58406 0 0 0 0 102607 92346 10261 0 0 0 0 0 0 0
"198304" 522438 163491 13400 10400 38500 16700 10900 68591 5000 0 0 25890 25890 65672 27641 38031 11678 5839 5839 0 0 0 55243 1180 54063 90113 133 9523 19041 1774 59642 0 0 0 0 110351 99316 11035 0 0 0 0 0 0 0
"198401" 536415 165960 13323 10370 39572 16270 10713 70712 5000 0 0 31823 31823 64738 26875 37863 12111 6056 6056 0 0 0 55349 1165 54184 89731 149 10500 18700 1998 58384 0 0 0 0 116703 105033 11670 0 0 0 0 0 0 0
"198402" 568752 168419 13500 10470 39950 16800 11000 71699 5000 0 0 39326 39326 71741 27509 44232 15787 7894 7894 0 0 0 55480 1155 54325 97760 156 9534 19298 2098 66674 0 0 0 0 120239 108215 12024 0 0 0 0 0 0 0
"198403" 585210 172476 13956 11471 40077 17533 11941 72498 5000 0 0 43130 43130 70101 29856 40245 17613 8807 8807 0 0 0 55587 1148 54439 105110 160 9140 19800 2164 73846 0 0 0 0 121193 109074 12119 0 0 0 0 0 0 0
"198404" 611258 180042 14000 11600 40500 17800 18641 72501 5000 0 0 48668 48668 69432 30432 39000 20664 10332 10332 0 0 0 55640 1135 54505 104892 170 9111 17818 2284 75509 0 0 0 0 131920 118728 13192 0 0 0 0 0 0 0
"198501" 621347 185989 14885 13297 40650 18100 21106 72951 5000 0 0 48317 48317 66000 28453 37547 24274 12137 12137 0 0 0 55603 1123 54480 104114 182 9250 16600 2442 75640 0 0 0 0 137050 123345 13705 0 0 0 0 0 0 0
"198502" 630107 188813 13200 12700 41000 18843 24367 73703 5000 0 0 49099 49099 62721 29062 33659 25643 12822 12822 0 0 0 55548 1120 54428 108465 197 8411 16593 2618 80646 0 0 0 0 139818 125836 13982 0 0 0 0 0 0 0
"198503" 644605 197812 18144 14228 41609 19174 25535 73822 5300 0 0 51608 51608 62360 29931 32429 26674 13337 13337 0 0 0 55461 1110 54351 114398 211 8378 16182 2796 86831 0 0 0 0 136292 122663 13629 0 0 0 0 0 0 0
"198504" 662969 196780 16500 14230 41000 18189 26820 73956 6085 0 0 56021 56021 59972 28323 31649 29339 14670 14670 0 0 0 55499 1130 54369 115188 221 8131 13892 2959 89985 0 0 0 0 150170 135153 15017 0 0 0 0 0 0 0
"198601" 671693 198901 17200 14750 41589 18069 26942 74151 6200 0 0 57016 57016 57646 26358 31288 32379 16190 16190 0 0 0 55518 1150 54368 112550 232 8008 12771 3102 88437 0 0 0 0 157683 141915 15768 0 0 0 0 0 0 0
"198602" 692532 200577 17800 14858 41400 19022 27050 73958 6489 0 0 65121 65121 55718 26458 29260 35478 17739 17739 0 0 0 55559 1190 54369 120240 240 7922 12763 3222 96093 0 0 0 0 159839 143855 15984 0 0 0 0 0 0 0
"198603" 705746 202804 18400 14950 41669 18958 26999 75772 6056 0 0 76486 76486 56902 28959 27943 37754 18877 18877 0 0 0 55584 1239 54345 123367 250 7326 12100 3352 100339 0 0 0 0 152849 137564 15285 0 0 0 0 0 0 0
"198604" 728049 202334 19367 14750 41674 18023 27257 75543 5720 0 0 77617 77617 54402 28129 26273 39792 19896 19896 0 0 0 55357 1302 54055 132766 263 7400 11563 3525 110015 0 0 0 0 165781 149203 16578 0 0 0 0 0 0 0
"198701" 727245 196503 17138 12650 41363 17964 27066 75322 5000 0 0 75597 75597 55152 28190 26962 40706 20353 20353 0 0 0 55089 1378 53711 130106 229 7626 10422 3658 108171 0 0 0 0 174092 156683 17409 0 0 0 0 0 0 0
"198702" 746835 193180 17239 11219 41446 17840 25175 75291 4970 0 0 79717 79717 59324 30565 28759 39853 19927 19927 0 0 0 55001 1466 53535 138880 419 7629 10648 4267 115917 0 0 0 0 180880 162792 18088 0 0 0 0 0 0 0
"198703" 757950 192470 16627 11722 41811 17401 25348 74591 4970 0 0 82427 82427 58217 31922 26295 43773 21887 21887 0 0 0 55245 1568 53677 145095 448 7994 10518 4352 121783 0 0 0 0 180723 162651 18072 0 0 0 0 0 0 0
"198704" 784035 192083 18681 11455 41120 17650 24898 73309 4970 0 0 78072 78072 59828 32575 27253 40882 20441 20441 0 0 0 55308 1682 53626 157811 334 8224 9927 4513 134813 0 0 0 0 200051 180046 20005 0 0 0 0 0 0 0
"198801" 797453 191199 19450 10954 40519 16303 24190 74813 4970 0 0 92107 92107 54782 31612 23170 39320 19660 19660 0 0 0 54129 987 53142 154341 104 9630 8884 4477 131246 0 0 0 0 211575 190418 21158 0 0 0 0 0 0 0
"198802" 811152 190808 19493 10328 41077 16282 23300 75358 4970 0 0 94175 94175 55768 32248 23520 39511 19756 19756 0 0 0 54659 1007 53652 160429 68 9800 9543 4452 136566 0 0 0 0 215802 194222 21580 0 0 0 0 0 0 0
"198803" 819435 182578 19600 10000 43950 15953 15000 73105 4970 0 0 101961 101961 55468 32823 22645 41012 20506 20506 0 0 0 54985 1020 53965 167533 400 9734 9812 4338 143249 0 0 0 0 215898 194308 21590 0 0 0 0 0 0 0
"198804" 835483 168321 20100 9907 41745 13341 9000 69258 4970 0 0 99979 99979 57499 32620 24879 49151 24576 24576 0 0 0 55261 1025 54236 176589 325 9861 7633 4314 154456 0 0 0 0 228683 205815 22868 0 0 0 0 0 0 0
"198901" 858427 163831 15102 9648 41700 14926 9376 68109 4970 0 0 113775 113775 52393 31699 20694 47908 23954 23954 0 0 0 56037 1023 55014 187820 282 10287 7412 4348 165491 0 0 1616 1616 235047 211542 23505 0 0 0 0 0 0 0
"198902" 875016 164186 15416 9641 41660 14904 9403 68192 4970 0 0 121201 121201 53984 34144 19840 48287 24144 24144 0 0 0 56976 1017 55959 186371 153 11453 7100 4101 163564 0 0 1618 1618 242393 218154 24239 0 0 0 0 0 0 0
"198903" 857065 161394 15548 9497 41748 13577 8801 67253 4970 0 0 118606 118606 54668 35181 19487 48285 24143 24143 0 0 0 57618 1009 56609 176086 268 10900 7800 4308 152810 0 0 1727 1727 238681 214813 23868 0 0 0 0 0 0 0
"198904" 882870 161068 15600 9550 41600 13600 8770 66978 4970 0 0 122347 122347 55361 35801 19560 46993 23497 23497 17882 8941 8941 58439 1000 57439 167980 278 9863 9520 4705 143614 0 0 2021 2021 250779 225701 25078 0 0 0 0 0 0 0
"199001" 897512 163707 16294 9600 41927 14600 9020 67296 4970 0 0 144858 144858 49763 32857 16906 44061 22031 22031 17653 8827 8827 62101 993 61108 159401 578 9800 9500 5089 134434 0 0 2199 2199 253769 228392 25377 0 0 0 0 0 0 0
"199002" 905835 163129 17100 9650 41200 13200 9170 67839 4970 0 0 151960 151960 47272 30850 16422 42141 21071 21071 17423 8712 8712 64131 987 63144 153830 764 10000 9600 5626 127840 0 0 940 940 265009 238508 26501 0 0 0 0 0 0 0
"199003" 906938 164661 17922 9750 40367 14400 9570 67682 4970 0 0 168534 168534 45383 29717 15666 38038 19019 19019 17189 8595 8595 61624 983 60641 145959 784 10100 9700 6283 119092 0 0 1773 1773 263777 237399 26378 0 0 0 0 0 0 0
"199004" 908289 159261 18580 8750 40300 13800 9648 63333 4850 0 0 172408 172408 45527 29179 16348 34303 17152 17152 16956 8478 8478 62538 976 61562 144835 545 10100 9800 6657 117733 0 0 4313 4313 268148 241333 26815 0 0 0 0 0 0 0
"199101" 867003 156875 18721 8600 41756 11000 9580 62368 4850 0 0 158332 158332 38354 24342 14012 27235 13618 13618 16692 8346 8346 65783 971 64812 134006 408 9800 9900 6766 107132 0 0 4267 4267 265459 238913 26546 0 0 0 0 0 0 0
"199102" 846172 155592 18669 8300 41604 10517 9403 62249 4850 0 0 151017 151017 36880 25185 11695 24646 12323 12323 16424 8212 8212 66360 969 65391 123584 457 10550 10779 7231 94567 0 0 4724 4724 266945 240251 26695 0 0 0 0 0 0 0
"199103" 820877 152183 19839 8100 41133 10270 9801 58190 4850 0 0 142506 142506 37108 24997 12111 20568 10284 10284 16154 8077 8077 67641 970 66671 113616 621 10618 11389 7644 83344 0 0 5496 5496 265605 239045 26561 0 0 0 0 0 0 0
"199104" 795949 151724 20829 7944 40393 9838 10011 57889 4820 0 0 125065 125065 35320 23322 11998 19303 9652 9652 15884 7942 7942 67327 963 66364 110734 921 11467 11223 9325 77798 0 0 6792 6792 263800 237420 26380 0 0 0 0 0 0 0
"199201" 794356 151756 21100 7900 40250 9800 10050 57836 4820 0 0 131864 131864 31709 20140 11569 20646 10323 10323 15408 7704 7704 67866 959 66907 108185 598 12671 10650 10037 74228 0 1 6333 6333 260589 234530 26059 0 0 0 0 0 0 0
"199202" 792974 151596 21400 7850 40100 9663 10000 57763 4820 0 0 127304 127304 31415 19690 11725 19125 9563 9563 14931 7466 7466 68934 947 67987 108976 599 12069 11398 11630 73276 0 4 7670 7670 263023 236721 26302 0 0 0 0 0 0 0
"199203" 793761 151716 21600 7850 40000 9563 9950 57933 4820 0 0 132148 132148 30704 20259 10445 18091 9046 9046 14450 7225 7225 70378 937 69441 111866 720 12047 11505 12502 75032 11 49 7684 7684 256724 231052 25672 0 0 0 0 0 0 0
"199204" 798699 151740 21566 7881 40112 9483 9870 58038 4790 0 0 129939 129939 31675 20409 11266 12422 6211 6211 13968 6984 6984 72980 922 72058 111327 733 12634 11406 12546 73955 46 7 9739 9739 264909 238418 26491 0 0 0 0 0 0 0
"199301" 793477 150418 21498 7900 40100 9383 9750 56997 4790 0 0 129945 129945 28862 19336 9526 11262 5631 5631 14021 7011 7011 73787 912 72875 116172 745 13392 10415 14333 77203 45 39 13981 13981 255029 229526 25503 0 0 0 0 0 0 0
"199302" 792317 149671 21222 7963 40281 9203 9613 56599 4790 0 0 125172 125172 27510 18273 9237 11045 5523 5523 14075 7038 7038 74758 901 73857 123348 756 13032 11087 16840 81325 124 184 15844 15844 250894 225805 25089 0 0 0 0 0 0 0
"199303" 790972 148557 20860 8023 40424 9038 9438 55984 4790 0 0 121491 121491 26307 18134 8173 11068 5534 5534 14130 7065 7065 76600 893 75707 130098 728 13035 11425 19744 84809 208 149 14715 14715 248006 223205 24801 0 0 0 0 0 0 0
"199304" 787968 141282 17169 6362 38335 8490 9158 56978 4790 0 0 114167 114167 25257 17073 8184 10806 5403 5403 14184 7092 7092 78609 884 77725 135157 796 13855 11594 21182 87250 234 246 19459 19459 249047 224142 24905 0 0 0 0 0 0 0
"199401" 804202 134778 15198 7967 37911 8155 9154 56393 0 0 0 130429 130429 24255 16324 7931 10356 5178 5178 14405 7203 7203 80150 881 79269 133438 807 14914 11370 21598 84236 258 255 22826 22826 253565 228209 25357 0 0 0 0 0 0 0
"199402" 814952 133645 14631 8126 38141 8118 9240 55389 0 0 0 128049 128049 23892 16016 7876 10249 5125 5125 14629 7315 7315 82625 879 81746 140592 820 13701 12264 24908 88339 299 261 22097 22097 259174 233257 25917 0 0 0 0 0 0 0
"199403" 826674 134262 15122 8159 38383 7933 9683 54982 0 0 0 128323 128323 24715 16929 7786 10236 5118 5118 14855 7428 7428 84528 880 83648 148948 896 13738 12297 28741 92591 416 269 22247 22247 258560 232704 25856 0 0 0 0 0 0 0
"199404" 857419 143309 20387 10172 39332 7868 9554 55996 0 0 0 122101 122101 22882 14988 7894 10265 5133 5133 15081 7541 7541 86379 880 85499 158767 938 13887 12392 30503 99998 457 592 23719 23719 274916 247424 27492 0 0 0 0 0 0 0
"199501" 872167 143194 20138 10300 39350 7509 9663 56234 0 0 0 126693 126693 23969 16036 7933 11892 5946 5946 15178 7589 7589 87931 893 87038 153450 917 15098 12021 29860 94590 379 585 24738 24738 285122 256610 28512 0 0 0 0 0 0 0
"199502" 882046 142547 20583 10430 39346 6392 9626 56170 0 0 0 125681 125681 24330 16629 7701 12071 6036 6036 15277 7639 7639 89625 906 88719 154378 940 14611 13084 33293 91482 346 622 26704 26704 291433 262290 29143 0 0 0 0 0 0 0
"199503" 886823 142342 20475 10431 39621 6327 10215 55273 0 0 0 127298 127298 23679 15557 8122 12528 6264 6264 15376 7688 7688 91958 919 91039 156714 891 15175 13683 34350 91637 369 609 27961 27961 288967 260070 28897 0 0 0 0 0 0 0
"199504" 913915 129978 10719 8510 39542 6119 9692 55396 0 0 0 122111 122111 22326 14154 8172 12751 6376 6376 15475 7738 7738 96871 932 95939 165955 824 16356 13800 36677 97412 374 512 29636 29636 301604 271444 30160 17208 133 3064 10170 361 2553 927
"199601" 933276 138070 19224 8530 39531 5939 9825 55021 0 0 0 126553 126553 22594 13732 8862 13888 6944 6944 15622 7811 7811 98725 937 97788 165904 779 17824 13689 32440 99677 352 1143 30218 30218 303542 273188 30354 18160 119 3072 10369 412 2895 1293
"199602" 956942 138397 18447 8683 39501 5909 10384 55473 0 0 0 126630 126630 22068 13079 8989 14354 7177 7177 15770 7885 7885 99928 941 98987 179367 773 16927 14889 34790 110479 296 1213 35595 35595 305721 275149 30572 19112 104 3080 10568 464 3237 1659
"199603" 974388 137288 19121 8933 37774 5805 10637 55018 0 0 0 139897 139897 23068 13537 9531 15961 7981 7981 15918 7959 7959 102883 946 101937 187320 886 16137 15192 36069 117554 370 1112 32968 32968 299021 269119 29902 20064 89 3088 10767 515 3578 2027
"199604" 974019 132708 20042 7864 39559 5635 4849 54759 0 0 0 126000 126000 23355 13413 9942 15715 7858 7858 16067 8034 8034 101411 951 100460 195345 853 16467 15109 39005 121869 442 1600 37710 37710 304692 274223 30469 21016 75 3096 10966 567 3920 2392
"199701" 982983 136949 18132 8456 40306 5432 10240 54383 0 0 0 130675 130675 23805 13518 10287 16722 8361 8361 16475 8238 8238 102888 951 101937 190414 821 16600 15100 38992 116714 399 1788 33232 33232 308023 277221 30802 23800 103 3375 11824 1058 4790 2650
"199702" 1001164 135567 18057 8439 39384 5412 10016 54259 0 0 0 132343 132343 24897 14135 10762 17154 8577 8577 16887 8444 8444 104612 951 103661 206834 737 16467 15979 46385 124996 448 1822 34182 34182 302104 271894 30210 26584 132 3654 12682 1549 5660 2907
"199703" 1025618 140129 17653 8820 44239 5442 10537 53438 0 0 0 135779 135779 23760 13486 10274 18459 9230 9230 16924 8462 8462 105359 952 104407 216474 785 16181 16474 51288 129389 490 1867 31863 31863 307503 276753 30750 29368 161 3933 13541 2040 6530 3163
"199704" 1071806 138757 17647 8257 44284 5279 9989 53301 0 0 0 143261 143261 20576 10832 9744 18838 9419 9419 16688 8344 8344 104623 952 103671 230732 689 16467 15109 58082 138028 574 1783 62085 62085 304094 273685 30409 32152 189 4212 14399 2531 7400 3421
"199801" 1097639 139153 18304 8172 44612 5117 9974 52974 0 0 0 148824 148824 16839 8808 8031 19797 9899 9899 17882 8941 8941 104820 949 103871 240028 674 16398 16316 66087 138072 696 1785 67656 67656 309089 278180 30909 33551 182 4607 14965 2923 7255 3619
"199802" 1120903 139877 17365 8150 46191 5102 10082 52987 0 0 0 146196 146196 14212 7320 6892 20216 10108 10108 16852 8426 8426 105769 945 104824 258775 639 16500 16000 78628 144619 757 1632 67539 67539 315670 284103 31567 35797 171 5241 15874 3553 7023 3935
"199803" 1148207 138406 17479 8677 44296 5084 10346 52524 0 0 0 146484 146484 14144 7800 6344 22079 11040 11040 17713 8857 8857 106270 942 105328 280829 623 16500 17500 87075 156075 1019 2037 71542 71542 313499 282149 31350 37241 163 5648 16459 3958 6874 4139
"199804" 1225600 136475 17255 7968 43825 4869 10117 52441 0 0 0 142266 142266 11312 6575 4737 24158 12079 12079 16903 8452 8452 104725 938 103787 324200 590 17083 17838 104938 180149 1127 2475 85905 85905 340919 306827 34092 38737 155 6071 17064 4378 6719 4350
"199901" 1268095 135841 17255 7968 43825 4869 10117 51807 0 0 0 163247 163247 10232 5555 4677 25354 12677 12677 17534 8767 8767 100558 934 99624 334396 686 17481 17146 104188 190098 1509 3288 86651 86651 354283 318855 35428 39999 214 6110 17453 4806 6732 4684
"199902" 1286227 135972 16930 7893 44369 4950 10199 51631 0 0 0 140621 140621 8947 4830 4117 27037 13519 13519 17284 8642 8642 99856 930 98926 364159 648 16858 18086 119224 203462 1848 4033 85844 85844 363143 326829 36314 43364 371 6215 18489 5950 6766 5573
"199903" 1326520 136743 17320 8505 43833 5051 10163 51871 0 0 0 134925 134925 7912 4819 3093 28226 14113 14113 16799 8400 8400 100181 926 99255 401451 651 16823 18616 140793 217719 2542 4307 83650 83650 370585 333527 37059 46048 495 6299 19315 6862 6792 6285
"199904" 1364495 129636 17104 7619 43742 4886 8488 47797 0 0 0 119542 119542 8235 4384 3851 30635 15318 15318 18410 9205 9205 99960 922 99038 432342 712 17943 17872 145576 243673 3366 3200 82590 82590 395088 355579 39509 48057 589 6362 19934 7545 6812 6815
"200001" 1416021 129680 17595 7381 43491 4813 8525 47875 0 0 0 120797 120797 8705 4921 3784 33368 16684 16684 18926 9463 9463 99642 918 98724 441175 584 19113 17079 154957 243794 2632 3016 87640 87640 422737 380463 42274 53351 967 6671 21182 9527 7419 7585
"200002" 1472794 128785 16864 7482 43081 4798 8584 47976 0 0 0 124757 124757 8997 4868 4129 35392 17696 17696 19890 9945 9945 100545 914 99631 474221 481 18604 18241 174550 256740 2859 2746 79701 79701 441876 397688 44188 58630 1345 6979 22426 11503 8024 8353
"200003" 1458340 127921 16018 7801 42634 5224 8818 47426 0 0 0 112411 112411 8429 4637 3792 37878 18939 18939 20400 10200 10200 101999 911 101088 468047 442 18491 18917 172597 251805 3136 2659 76609 76609 441898 397708 44190 62748 1639 7219 23397 13045 8496 8952
"200004" 1504346 126887 15894 7615 42180 5117 8867 47214 0 0 0 117339 117339 7487 4344 3143 39316 19658 19658 20506 10253 10253 102797 907 101890 477599 426 19490 19407 172414 259988 3393 2481 89836 89836 456178 410560 45618 66401 1900 7432 24258 14412 8915 9484
"200101" 1511717 124663 15546 7562 40894 5004 8941 46716 0 0 0 114750 114750 7448 6626 822 41349 20675 20675 19155 9578 9578 103783 897 102886 484653 419 19606 19353 176073 264077 3241 1884 92852 92852 455743 410169 45574 67321 2113 7630 22064 16748 9317 9449
"200102" 1542114 123196 14982 6374 40837 5057 8971 46975 0 0 0 118873 118873 6558 5765 793 43779 21890 21890 21109 10555 10555 103926 888 103038 486965 388 19247 20892 178997 262080 3453 1908 91900 91900 477377 429639 47738 68431 2369 7868 19416 19567 9803 9408
"200103" 1545624 122951 14771 9221 38521 5037 8892 46509 0 0 0 137226 137226 4849 4272 577 43610 21805 21805 18251 9126 9126 105269 879 104390 496561 380 18977 21397 184439 264763 3832 2773 102353 102353 445526 400973 44553 69028 2507 7996 17992 21082 10064 9387
"200104" 1529392 119098 14667 6333 38199 4865 8967 46067 0 0 0 115707 115707 4595 4055 540 42904 21452 21452 21008 10504 10504 104985 869 104116 505857 366 19492 22267 196597 259084 4932 3119 105556 105556 440219 396197 44022 69463 2607 8090 16953 22188 10254 9371
"200201" 1518272 118815 14348 6239 38778 4733 9237 45480 0 0 0 109469 109469 4497 3935 562 44469 22235 22235 21225 10613 10613 105239 856 104383 498279 349 19916 22093 199004 247671 5530 3716 109930 109930 435101 391591 43510 71248 2639 8321 17058 24118 9979 9133
"200202" 1541342 119469 14389 7189 38695 4763 9322 45111 0 0 0 119922 119922 4831 4369 462 44344 22172 22172 22039 11020 11020 105172 842 104330 503129 260 19797 23407 212173 237437 6030 4025 108606 108606 440427 396384 44043 73403 2678 8600 17185 26448 9646 8846
"200203" 1565390 119319 14216 7395 38788 4755 9495 44670 0 0 0 133701 133701 4758 4276 482 45359 22680 22680 23994 11997 11997 105631 828 104803 514597 254 19807 23328 221724 238151 6815 4518 107725 107725 435430 391887 43543 74876 2705 8790 17272 28041 9419 8649
"200204" 1573571 118630 13762 7283 39237 4619 9598 44131 0 0 0 125834 125834 4554 4390 164 46249 23125 23125 23052 11526 11526 105961 815 105146 514713 448 20115 23668 226750 231684 6906 5142 112384 112384 444043 399639 44404 78151 2764 9214 17465 31582 8913 8213
"200301" 1578351 118656 13586 7406 39804 4474 9650 43736 0 0 0 114959 114959 4801 4678 123 47376 23688 23688 23089 11545 11545 105464 800 104664 519880 415 20428 22702 225614 236872 7599 6250 123240 123240 441554 397399 44155 79332 2840 9342 17215 32985 8943 8007
"200302" 1591901 118076 13606 7781 39637 4482 9623 42947 0 0 0 126080 126080 4548 4408 140 48151 24076 24076 24076 12038 12038 105723 786 104937 529195 378 19199 23592 236282 235128 7997 6619 113222 113222 442347 398112 44235 80483 2914 9466 16972 34352 8973 7806
"200303" 1587552 116952 13482 7756 39371 4547 9709 42087 0 0 0 125151 125151 4267 4154 113 57399 28700 28700 23667 11834 11834 105185 771 104414 533097 372 18460 23990 232320 241722 8828 7405 109239 109239 430996 387896 43100 81599 2986 9587 16737 35678 9001 7610
"200304" 1612988 116697 13124 8088 39443 4371 9676 41995 0 0 0 124987 124987 4365 4193 172 56311 28156 28156 23000 11500 11500 105221 757 104464 545850 346 19830 23992 235307 249272 9073 8030 111404 111404 441742 397568 44174 83411 3103 9783 16355 37831 9048 7291
"200401" 1632447 117897 12949 8372 41751 4240 9745 40840 0 0 0 113556 113556 3864 3715 149 49610 24805 24805 23350 11675 11675 105154 744 104410 561248 348 21327 22945 228552 271732 8405 7939 109691 109691 458788 412909 45879 89289 3540 10075 17840 40744 9849 7241
"200402" 1688468 116123 12712 7996 40903 4257 9804 40451 0 0 0 119412 119412 4408 4156 252 55455 27728 27728 23879 11940 11940 105602 731 104871 601493 208 19389 23830 251318 288509 9624 8615 108192 108192 453349 408014 45335 100555 4379 10633 20688 46328 11385 7142
"200403" 1688145 114879 12502 8255 40989 4196 9859 39078 0 0 0 121717 121717 3985 3703 282 57451 28726 28726 25272 12636 12636 106398 718 105680 597383 68 17978 25072 254239 281532 9855 8639 113437 113437 437235 393512 43724 110388 5111 11120 23173 51201 12726 7057
"200404" 1742161 113744 12208 8427 40762 4023 9994 38330 0 0 0 131240 131240 4010 3759 251 57636 28818 28818 24903 12452 12452 106791 705 106086 619390 0 18114 25460 244092 309287 11374 11063 111424 111424 451548 406393 45155 121475 5937 11669 25975 56696 14237 6961
"200501" 1765488 108051 12058 8760 35848 3909 10073 37403 0 0 0 148178 148178 4022 3771 251 56387 28194 28194 24885 12443 12443 106401 695 105706 623207 0 19777 24863 255292 300855 11758 10662 110805 110805 447872 403085 44787 135680 6518 12569 28223 64751 15882 7737
"200502" 1836516 107475 11933 9044 36209 3932 10187 36170 0 0 0 162022 162022 4098 3872 226 60780 30390 30390 26157 13079 13079 107110 685 106425 657757 0 19295 26584 265411 322692 12544 11231 102735 102735 455614 410053 45561 152768 7217 13651 30928 74440 17860 8672
"200503" 1848137 106768 11785 9111 37080 3927 10428 34437 0 0 0 164119 164119 4322 4035 287 59480 29740 29740 27127 13564 13564 106808 675 106133 662212 0 18750 28986 268336 322186 12619 11335 99771 99771 450999 405899 45100 166531 7781 14523 33106 82244 19453 9424
"200504" 1901227 106746 11484 9249 37858 3817 10620 33718 0 0 0 162541 162541 4020 3779 241 61498 30749 30749 25939 12970 12970 107555 665 106890 671799 0 20023 31609 268505 325530 14656 11476 93857 93857 479170 431253 47917 188102 8664 15890 36520 94475 21950 10603
"200601" 1920321 106038 11640 9505 39075 3749 10694 31375 0 0 0 159146 159146 738 504 234 62417 31209 31209 27055 13528 13528 108250 658 107592 670147 0 20565 32715 271645 318439 14597 12186 96731 96731 482802 434522 48280 206997 8742 17097 38352 105915 25643 11248
"200602" 2008891 106361 11924 9688 40559 3826 10922 29442 0 0 0 174004 174004 701 478 223 65888 32944 32944 26567 13284 13284 109790 650 109140 697582 0 21535 34556 289638 323036 16308 12509 98314 98314 497351 447616 49735 232333 8847 18716 40808 121253 30596 12113
"200603" 2008138 106112 12504 9723 41456 3834 11067 27528 0 0 0 158862 158862 664 496 168 67795 33898 33898 26988 13494 13494 111130 642 110488 701777 0 22309 35788 287831 325946 16796 13107 92885 92885 490420 441378 49042 251505 8927 19941 42666 132860 34344 12767
"200604" 2071614 107344 12912 10430 42671 3747 11215 26369 0 0 0 168780 168780 446 265 181 67485 33743 33743 26833 13417 13417 110882 634 110248 704925 0 24244 39295 348514 259810 18885 14177 97672 97672 498043 448239 49804 289204 9084 22351 46321 155683 41713 14052
"200701" 2114864 107722 12924 10473 43608 3688 11427 25602 0 0 0 173578 173578 320 136 184 68881 34441 34441 26552 13276 13276 111518 626 110892 690156 0 24969 40763 341241 251522 16249 15412 92110 92110 505429 454886 50543 338598 11628 25228 57148 183470 45053 16071
"200702" 2218897 107967 12872 10464 44142 3750 11603 25136 0 0 0 193891 193891 392 148 244 74192 37096 37096 27097 13549 13549 112698 618 112080 708568 0 25257 41359 349848 254641 18897 18566 93703 93703 509268 458341 50927 391121 14334 28288 68660 213017 48604 18218
"200703" 2489278 106967 12687 10253 44034 3789 11756 24448 0 0 0 248292 248292 277 99 178 70577 35289 35289 27867 13934 13934 114250 609 113641 891965 0 26515 43696 430526 337573 28373 25282 97626 97626 507904 457114 50790 423553 16005 30177 75769 231261 50797 19544
"200704" 2605262 105192 12506 10165 43842 3700 11881 23098 0 0 0 271476 271476 493 183 310 73702 36851 36851 26879 13440 13440 114486 600 113886 942625 0 28507 46976 455234 350908 32300 28700 93698 93698 522957 470661 52296 453754 17561 31936 82389 248251 52839 20778
"200801" 2664530 104845 12325 10305 43913 3627 11991 22684 0 0 0 249671 249671 348 120 228 78011 39006 39006 26168 13084 13084 115677 591 115086 977112 0 45695 35582 472911 363324 28500 31100 88620 88620 541997 487797 54200 482081 20681 35610 85568 261944 53629 24649
"200802" 2714101 105798 12964 10415 44309 3689 12195 22226 0 0 0 239468 239468 311 142 169 76112 38056 38056 28596 14298 14298 116773 583 116190 993605 0 49521 37606 482390 355288 35400 33400 84288 84288 563927 507534 56393 505223 23230 38611 88165 273131 54274 27812
"200803" 2837629 106240 12853 10095 45173 3772 12470 21877 0 0 0 228781 228781 0 0 0 74013 37007 37007 29900 14950 14950 117870 574 117296 1083212 0 51692 28093 612104 304923 43500 42900 80216 80216 557003 501303 55700 560394 29307 45767 94356 299800 55813 35351
"200804" 2711660 111278 12808 14523 45951 3703 12716 21577 0 0 0 207335 207335 0 0 0 80054 40027 40027 29606 14803 14803 120385 566 119819 980716 0 53351 26901 526268 278696 40600 54900 78122 78122 539882 485894 53988 564282 29735 46271 94792 301679 55921 35884
"200901" 2549606 126039 12765 27250 47030 3661 12866 21195 0 1172 100 196226 196226 0 0 0 80705 40353 40353 31369 15685 15685 120772 557 120215 872968 0 52254 27778 457775 252361 30300 52500 70523 70523 516685 465017 51669 534319 27381 40321 95377 289463 50246 31531
"200902" 2439797 150036 12691 49782 47827 3793 13060 21413 0 1370 100 193154 193154 0 0 0 74510 37255 37255 32225 16113 16113 121279 549 120730 800840 0 54194 26099 452525 189022 28500 50500 63481 63481 493012 443711 49301 511260 25570 35742 95826 280062 45879 28181
"200903" 2331401 173770 12571 74096 48213 4132 13241 21417 0 0 100 181924 181924 0 0 0 65872 32936 32936 31849 15925 15925 120421 540 119881 736787 0 55614 22504 404164 178705 28300 47500 53338 53338 474268 426841 47427 493172 24149 32150 96179 272688 42453 25553
"200904" 2275357 177353 12619 73942 49225 4164 13536 21879 0 0 1988 182644 182644 0 0 0 65579 32790 32790 32307 16154 16154 121087 532 120555 695928 0 56402 23626 402031 139069 26500 48300 54398 54398 448885 403997 44889 497176 24464 32946 96101 274320 43212 26133
"201001" 2207356 181107 12563 73594 49961 4254 13676 22242 0 0 4817 186044 186044 0 0 0 65291 32646 32646 31288 15644 15644 121710 523 121187 634503 0 54273 23444 356976 128810 25400 45600 37711 37711 447526 402773 44753 502176 24857 33938 96003 276359 44159 26860
"201002" 2195273 189631 12273 79269 50298 4470 13771 21962 0 0 7588 199291 199291 0 0 0 64358 32179 32179 32536 16268 16268 122420 515 121905 599142 0 55364 21153 327634 124391 25000 45600 37243 37243 439226 395303 43923 511426 25588 35779 95818 280133 45907 28201
"201003" 2146814 190439 12271 80055 49672 4613 13898 21866 0 0 8064 165115 165115 0 0 0 71149 35575 35575 30857 15429 15429 123651 506 123145 561605 0 56857 25028 289078 120142 25200 45300 40612 40612 441960 397764 44196 521426 26378 37759 95618 284213 47797 29661
