"DATES" "FL893111005.Q" "FL313111303.Q" "FL263111005.Q" "FL313011303.Q" "FL263111403.Q" "FL263111503.Q" "FL893011005.Q" "FL313011005.Q" "FL313011205.Q" "FL313011303.Q" "FL313011405.Q" "FL313011505.Q" "FL313111303.Q" "FL713011005.Q" "FL713011203.Q" "FL713011405.Q" "FL713011505.Q" "FL903011005.Q"
"195201" 1466 0 1466 0 1466 0 24894 1634 137 0 1497 0 0 23260 23291 -31 0 -23428
"195202" 1446 0 1446 0 1446 0 24979 1663 187 0 1476 0 0 23316 23346 -30 0 -23533
"195203" 1456 0 1456 0 1456 0 24982 1671 184 0 1487 0 0 23311 23342 -31 0 -23526
"195204" 1462 0 1462 0 1462 0 24714 1557 65 0 1492 0 0 23157 23187 -30 0 -23252
"195301" 1460 0 1460 0 1460 0 24109 1578 86 0 1492 0 0 22531 22563 -32 0 -22649
"195302" 1418 0 1418 0 1418 0 23939 1506 58 0 1448 0 0 22433 22463 -30 0 -22521
"195303" 1439 0 1439 0 1439 0 23659 1561 92 0 1469 0 0 22098 22128 -30 0 -22220
"195304" 1367 0 1367 0 1367 0 23458 1471 61 0 1410 0 0 21987 22030 -43 0 -22091
"195401" 1323 0 1323 0 1323 0 23358 1429 70 0 1359 0 0 21929 21965 -36 0 -22035
"195402" 1303 0 1303 0 1303 0 23330 1439 100 0 1339 0 0 21891 21927 -36 0 -22027
"195403" 1175 0 1175 0 1175 0 23038 1264 53 0 1211 0 0 21774 21810 -36 0 -21863
"195404" 1185 0 1185 0 1185 0 22978 1302 80 0 1222 0 0 21676 21713 -37 0 -21793
"195501" 1141 0 1141 0 1141 0 22904 1221 44 0 1177 0 0 21683 21719 -36 0 -21763
"195502" 1121 0 1121 0 1121 0 22851 1235 52 0 1183 0 0 21616 21678 -62 0 -21730
"195503" 1108 0 1108 0 1108 0 22853 1198 61 0 1137 0 0 21655 21684 -29 0 -21745
"195504" 1044 0 1044 0 1044 0 22797 1168 63 0 1105 0 0 21629 21690 -61 0 -21753
"195601" 1048 0 1048 0 1048 0 22813 1127 49 0 1078 0 0 21686 21716 -30 0 -21765
"195602" 979 0 979 0 979 0 22847 1076 69 0 1007 0 0 21771 21799 -28 0 -21868
"195603" 1052 0 1052 0 1052 0 23084 1231 148 0 1083 0 0 21853 21884 -31 0 -22032
"195604" 1608 0 1608 0 1608 0 23666 1776 109 0 1667 0 0 21890 21949 -59 0 -22058
"195701" 1588 0 1588 0 1588 0 23994 1718 100 0 1618 0 0 22276 22306 -30 0 -22406
"195702" 1649 0 1649 0 1649 0 24381 1791 109 0 1682 0 0 22590 22623 -33 0 -22732
"195703" 1898 0 1898 0 1898 0 24657 2045 124 0 1921 0 0 22612 22635 -23 0 -22759
"195704" 1975 0 1975 0 1975 0 24832 2080 76 0 2004 0 0 22752 22781 -29 0 -22857
"195801" 2042 0 2042 0 2042 0 24529 2174 93 0 2081 0 0 22355 22394 -39 0 -22487
"195802" 2084 0 2084 0 2084 0 23496 2187 56 0 2131 0 0 21309 21356 -47 0 -21412
"195803" 2031 0 2031 0 2031 0 22960 2178 55 0 2123 0 0 20782 20874 -92 0 -20929
"195804" 1958 0 1958 0 1958 0 22540 2041 48 0 1993 0 0 20499 20534 -35 0 -20582
"195901" 1793 0 1793 0 1793 0 22279 1871 44 0 1827 0 0 20408 20442 -34 0 -20486
"195902" 2111 0 2111 0 2111 0 21857 2186 41 0 2145 0 0 19671 19705 -34 0 -19746
"195903" 2085 0 2085 0 2085 0 21664 2346 88 0 2258 0 0 19318 19491 -173 0 -19579
"195904" 1997 0 1997 0 1997 0 21504 2110 51 0 2059 0 0 19394 19456 -62 0 -19507
"196001" 1888 0 1888 0 1888 0 21345 1993 49 0 1944 0 0 19352 19408 -56 0 -19457
"196002" 1807 0 1807 0 1807 0 21170 1928 41 0 1887 0 0 19242 19322 -80 0 -19363
"196003" 1705 0 1705 0 1705 0 20430 1851 40 0 1811 0 0 18579 18685 -106 0 -18725
"196004" 1555 0 1555 0 1555 0 19359 1693 37 0 1656 0 0 17666 17767 -101 0 -17804
"196101" 1555 0 1555 0 1530 25 18988 1659 45 0 1589 25 0 17329 17388 -59 0 -17433
"196102" 1705 0 1705 0 1519 186 19308 1868 53 0 1629 186 0 17440 17550 -110 0 -17603
"196103" 2064 0 2064 0 2002 62 19521 2214 81 0 2071 62 0 17307 17376 -69 0 -17457
"196104" 1806 0 1806 0 1690 116 18753 1911 58 0 1737 116 0 16842 16889 -47 0 -16947
"196201" 1686 0 1686 0 1456 230 18329 1686 35 0 1505 146 0 16643 16608 -49 84 -16643
"196202" 1963 0 1963 0 1409 554 18490 1665 92 0 1458 115 0 16825 16435 -49 439 -16527
"196203" 1528 0 1528 0 1078 450 17610 1238 15 0 1123 100 0 16372 16067 -45 350 -16082
"196204" 1163 0 1163 0 1064 99 17220 1209 79 0 1112 18 0 16011 15978 -48 81 -16057
"196301" 1242 0 1242 0 1110 132 17188 1265 68 0 1159 38 0 15923 15878 -49 94 -15946
"196302" 1235 0 1235 0 1109 126 17065 1312 97 0 1202 13 0 15753 15733 -93 113 -15830
"196303" 1204 0 1204 0 1050 154 16838 1237 52 0 1097 88 0 15601 15582 -47 66 -15634
"196304" 1247 0 1247 0 1035 212 16843 1229 83 0 1087 59 0 15614 15513 -52 153 -15596
"196401" 1344 0 1344 0 904 440 16894 1173 89 0 952 132 0 15721 15461 -48 308 -15550
"196402" 968 0 968 0 786 182 16591 1053 162 0 833 58 0 15538 15461 -47 124 -15623
"196403" 878 0 878 0 651 227 16521 940 180 0 697 63 0 15581 15463 -46 164 -15643
"196404" 1201 0 1201 0 769 432 16672 1034 83 0 814 137 0 15638 15388 -45 295 -15471
"196501" 1191 0 1191 0 701 490 15829 939 75 0 749 115 0 14890 14563 -48 375 -14638
"196502" 1713 0 1713 0 1167 546 16021 1677 374 0 1214 89 0 14344 13934 -47 457 -14308
"196503" 1796 0 1796 0 837 959 15980 1306 326 0 887 93 0 14674 13858 -50 866 -14184
"196504" 1644 0 1644 0 863 781 15709 1396 332 0 912 152 0 14313 13733 -49 629 -14065
"196601" 1288 0 1288 0 729 559 15026 1233 104 0 788 341 0 13793 13634 -59 218 -13738
"196602" 1429 0 1429 0 707 722 14958 1103 96 0 767 240 0 13855 13433 -60 482 -13529
"196603" 1520 0 1520 0 372 1148 14876 1070 98 0 424 548 0 13806 13258 -52 600 -13356
"196604" 1647 0 1647 0 326 1321 14882 905 76 0 383 446 0 13977 13159 -57 875 -13235
"196701" 671 0 671 0 357 314 13855 620 77 0 417 126 0 13235 13107 -60 188 -13184
"196702" 1105 0 1105 0 367 738 14274 645 59 0 426 160 0 13629 13110 -59 578 -13169
"196703" 1572 0 1572 0 372 1200 14649 926 71 0 430 425 0 13723 13006 -58 775 -13077
"196704" 2765 0 2765 0 420 2345 14830 1304 83 0 480 741 0 13526 11982 -60 1604 -12065
"196801" 3223 0 3223 0 477 2746 13926 1959 219 0 534 1206 0 11967 10484 -57 1540 -10703
"196802" 3382 0 3382 0 903 2479 14063 2748 314 0 964 1470 0 11315 10367 -61 1009 -10681
"196803" 3879 0 3879 0 926 2953 14634 3058 388 0 988 1682 0 11576 10367 -62 1271 -10755
"196804" 4818 0 4818 0 1290 3528 15710 3340 525 0 1348 1467 0 12370 10367 -58 2061 -10892
"196901" 4922 0 4922 0 1321 3601 15758 3371 469 0 1379 1523 0 12387 10367 -58 2078 -10836
"196902" 4904 0 4904 0 1549 3355 16057 3915 786 0 1608 1521 0 12142 10367 -59 1834 -11153
"196903" 5579 0 5579 0 1782 3797 16743 4076 797 0 1838 1441 0 12667 10367 -56 2356 -11164
"196904" 5105 0 5105 0 2324 2781 16964 4691 1492 0 2385 814 0 12273 10367 -61 1967 -11859
"197001" 6314 867 5447 920 2577 1950 18217 4872 536 920 2637 779 867 12478 11367 -60 1171 -11903
"197002" 5306 867 4439 957 2350 1132 17195 4340 522 957 2419 442 867 11988 11367 -69 690 -11889
"197003" 4900 867 4033 991 1944 1098 16394 3785 377 991 1999 418 867 11742 11117 -55 680 -11494
"197004" 4282 867 3415 851 1935 629 15354 3573 340 851 2010 372 867 10914 10732 -75 257 -11072
"197101" 4963 1584 3379 1443 1680 256 15926 3672 231 1443 1775 223 1584 10670 10732 -95 33 -10963
"197102" 4581 1584 2997 1247 1428 322 15088 3149 175 1247 1501 226 1584 10355 10332 -73 96 -10507
"197103" 3508 1584 1924 1097 577 250 13715 2053 75 1097 654 227 1584 10078 10132 -77 23 -10207
"197104" 3779 1720 2059 1194 585 280 13985 2192 74 1194 661 263 1720 10073 10132 -76 17 -10206
"197201" 5254 2491 2763 1965 586 212 14916 2897 74 1965 663 195 2491 9528 9588 -77 17 -9662
"197202" 5340 2491 2849 1958 434 457 15830 2989 80 1958 512 439 2491 10350 10410 -78 18 -10490
"197203" 5221 2491 2730 1958 449 323 15708 2785 77 1958 532 218 2491 10432 10410 -83 105 -10487
"197204" 5155 2491 2664 1958 465 241 15642 2627 77 1958 543 49 2491 10524 10410 -78 192 -10487
"197301" 5428 2767 2661 2175 478 8 15915 2814 77 2175 558 4 2767 10334 10410 -80 4 -10487
"197302" 5411 2767 2644 2166 470 8 15898 2810 77 2166 563 4 2767 10321 10410 -93 4 -10487
"197303" 5424 2767 2657 2166 483 8 15911 2810 77 2166 563 4 2767 10334 10410 -80 4 -10487
"197304" 5493 2767 2726 2166 552 8 17145 2887 85 2166 632 4 2767 11491 11567 -80 4 -11652
"197401" 5703 2767 2936 2166 761 9 17355 3101 85 2166 847 3 2767 11487 11567 -86 6 -11652
"197402" 6061 2767 3294 2195 1005 94 17713 3371 85 2195 1087 4 2767 11575 11567 -82 90 -11652
"197403" 6964 2723 4241 2282 1713 246 18616 4159 85 2282 1788 4 2723 11734 11567 -75 242 -11652
"197404" 7040 2809 4231 2374 1852 5 18692 4312 0 2374 1935 3 2809 11571 11652 -83 2 -11652
"197501" 7498 2862 4636 2423 2194 19 19118 4655 0 2423 2227 5 2862 11601 11620 -33 14 -11620
"197502" 7458 2836 4622 2418 2179 25 19078 4625 0 2418 2207 0 2836 11617 11620 -28 25 -11620
"197503" 7363 2671 4692 2301 2144 247 18962 4662 0 2301 2165 196 2671 11629 11599 -21 51 -11599
"197504" 7312 2685 4627 2335 2212 80 18911 4571 0 2335 2236 0 2685 11655 11599 -24 80 -11599
"197601" 7995 2653 5342 2351 2420 571 19594 4801 0 2351 2450 0 2653 12140 11599 -30 571 -11599
"197602" 9508 2629 6879 2316 3198 1365 21106 5759 0 2316 3243 200 2629 12718 11598 -45 1165 -11598
"197603" 10002 2654 7348 2357 3952 1039 21600 6752 0 2357 3994 401 2654 12194 11598 -42 638 -11598
"197604" 9814 2665 7149 2395 4434 320 21412 7004 0 2395 4459 150 2665 11743 11598 -25 170 -11598
"197701" 10121 2659 7462 2389 4812 261 21779 7452 22 2389 4838 203 2659 11668 11636 -26 58 -11658
"197702" 10172 2674 7498 2486 4920 92 21830 7500 38 2486 4941 35 2674 11656 11620 -21 57 -11658
"197703" 9999 2669 7330 2489 4776 65 21657 7350 63 2489 4797 1 2669 11638 11595 -21 64 -11658
"197704" 10385 2787 7598 2629 4951 18 22104 7603 1 2629 4973 0 2787 11714 11718 -22 18 -11719
"197801" 10311 2837 7474 2693 4701 80 22029 7429 0 2693 4722 14 2837 11763 11718 -21 66 -11718
"197802" 10001 2843 7158 2804 4270 84 21707 7128 0 2804 4298 26 2843 11736 11706 -28 58 -11706
"197803" 10121 2939 7182 2942 4214 26 21789 7188 0 2942 4240 6 2939 11662 11668 -26 20 -11668
"197804" 9968 2989 6979 1558 1047 4374 21639 5402 0 1558 1076 2768 2989 13248 11671 -29 1606 -11671
"197901" 14256 4077 10179 2667 1121 6391 25735 6446 0 2667 1142 2637 4077 15212 11479 -21 3754 -11479
"197902" 14035 4090 9945 2670 1204 6071 25358 7036 0 2670 1237 3129 4090 14232 11323 -33 2942 -11323
"197903" 11504 4175 7329 2725 1280 3324 22732 5826 0 2725 1313 1788 4175 12731 11228 -33 1536 -11228
"197904" 11957 4173 7784 2724 1253 3807 23129 5328 0 2724 1280 1324 4173 13628 11172 -27 2483 -11172
"198001" 15377 5058 10319 3681 1222 5416 26549 8013 0 3681 1250 3082 5058 13478 11172 -28 2334 -11172
"198002" 16124 5353 10771 3782 1385 5604 27296 8463 0 3782 1416 3265 5353 13480 11172 -31 2339 -11172
"198003" 17131 5305 11826 4007 1665 6154 28299 9620 0 4007 1704 3909 5305 13374 11168 -39 2245 -11168
"198004" 20751 5155 15596 2610 2852 10134 31911 10550 0 2610 2910 5030 5155 16206 11160 -58 5104 -11160
"198101" 25275 6019 19256 3913 3448 11895 36429 12240 0 3913 3492 4835 6019 18170 11154 -44 7060 -11154
"198102" 24066 5637 18429 3690 3988 10751 35220 12042 0 3690 4031 4321 5637 17541 11154 -43 6430 -11154
"198103" 24172 5608 18564 3896 4618 10050 35324 13037 0 3896 4658 4483 5608 16679 11152 -40 5567 -11152
"198104" 24627 5703 18924 4095 5055 9774 35778 13834 0 4095 5094 4645 5703 16241 11151 -39 5129 -11151
"198201" 24248 5454 18794 4306 5367 9121 35398 13881 0 4306 5407 4168 5454 16063 11150 -40 4953 -11150
"198202" 24873 5351 19522 4461 6062 8999 36022 14782 0 4461 6101 4220 5351 15889 11149 -39 4779 -11149
"198203" 25099 5254 19845 4809 6406 8630 36247 14760 0 4809 6437 3514 5254 16233 11148 -31 5116 -11148
"198204" 28215 5405 22810 5250 7348 10212 39363 17076 0 5250 7378 4448 5405 16882 11148 -30 5764 -11148
"198301" 28408 5285 23123 5229 9293 8601 39546 18173 0 5229 9305 3639 5285 16088 11138 -12 4962 -11138
"198302" 27979 5234 22745 5478 9413 7854 39110 18459 0 5478 9449 3532 5234 15417 11131 -36 4322 -11131
"198303" 27116 5178 21938 5628 9399 6911 38244 18255 0 5628 9437 3190 5178 14811 11128 -38 3721 -11128
"198304" 27756 5130 22626 5025 11312 6289 38877 18986 0 5025 11360 2601 5130 14761 11121 -48 3688 -11121
"198401" 29078 5214 23864 5341 11706 6817 40189 19888 0 5341 11741 2806 5214 15087 11111 -35 4011 -11111
"198402" 28499 5052 23447 5459 11659 6329 39599 19764 0 5459 11709 2596 5052 14783 11100 -50 3733 -11100
"198403" 28104 4895 23209 5554 11619 6036 39201 19734 0 5554 11666 2514 4895 14572 11097 -47 3522 -11097
"198404" 28641 4803 23838 5641 11541 6656 39737 20307 0 5641 11607 3059 4803 14627 11096 -66 3597 -11096
"198501" 29257 4857 24400 5973 11386 7041 40350 20469 0 5973 11426 3070 4857 15024 11093 -40 3971 -11093
"198502" 29888 4891 24997 6196 11394 7407 40978 20897 -1 6196 11444 3258 4891 15190 11091 -50 4149 -11090
"198503" 32395 5191 27204 6847 11686 8671 43485 22289 0 6847 11734 3708 5191 16005 11090 -48 4963 -11090
"198504" 37483 5382 32101 7293 11952 12856 48573 25129 0 7293 11996 5840 5382 18062 11090 -44 7016 -11090
"198601" 39406 5577 33829 7839 12025 13965 50496 26196 0 7839 12065 6292 5577 18723 11090 -40 7673 -11090
"198602" 41321 5770 35551 8213 12109 15229 52405 27405 0 8213 12163 7029 5770 19230 11084 -54 8200 -11084
"198603" 42948 5945 37003 8295 11922 16786 54032 27928 0 8295 11973 7660 5945 20159 11084 -51 9126 -11084
"198604" 43446 5993 37453 8395 11730 17328 54510 28038 0 8395 11790 7853 5993 20479 11064 -60 9475 -11064
"198701" 44042 6299 37743 8740 11711 17292 55123 28338 0 8740 11773 7825 6299 20486 11081 -62 9467 -11081
"198702" 40333 6262 34071 8856 11313 13902 51402 24962 0 8856 11381 4725 6262 20178 11069 -68 9177 -11069
"198703" 40265 6270 33995 9078 10918 13999 51340 26958 0 9078 10982 6898 6270 18112 11075 -64 7101 -11075
"198704" 41673 6951 34722 10283 11349 13090 52751 29112 0 10283 11415 7414 6951 16688 11078 -66 5676 -11078
"198801" 38920 6797 32123 9899 10645 11579 49983 25533 0 9899 10707 4927 6797 17653 11063 -62 6652 -11063
"198802" 36386 6421 29965 9180 9992 10793 47449 23799 0 9180 10052 4567 6421 17229 11063 -60 6226 -11063
"198803" 43048 6322 36726 9074 9637 18015 54110 27264 0 9074 9703 8487 6322 20524 11062 -66 9528 -11062
"198804" 43338 6593 36745 9637 9745 17363 54395 27671 -3 9637 9803 8234 6593 20131 11060 -58 9129 -11057
"198901" 45473 6334 39139 9789 9052 20298 56534 28725 0 9789 9123 9813 6334 21475 11061 -71 10485 -11061
"198902" 55892 6107 49785 9380 8888 31517 66955 30632 0 9380 8948 12304 6107 30216 11063 -60 19213 -11063
"198903" 63969 6270 57699 9833 8786 39080 75034 31356 0 9833 8854 12669 6270 37408 11065 -68 26411 -11065
"198904" 69989 6439 63550 9951 9048 44551 81048 32275 0 9951 9106 13218 6439 42334 11059 -58 31333 -11059
"199001" 71616 6373 65243 10092 8727 46424 82676 31852 0 10092 8788 12972 6373 44451 11060 -61 33452 -11060
"199002" 72719 6486 66233 10490 8449 47294 83784 32067 0 10490 8508 13069 6486 45231 11065 -59 34225 -11065
"199003" 75784 6823 68961 10666 8881 49414 86847 34568 0 10666 8942 14960 6823 45456 11063 -61 34454 -11063
"199004" 79228 6970 72258 10989 9076 52193 90286 39684 0 10989 9135 19560 6970 43632 11058 -59 32633 -11058
"199101" 73540 6596 66944 10368 8910 47666 84598 36904 0 10368 8966 17570 6596 41098 11058 -56 30096 -11058
"199102" 70319 6441 63878 10309 8629 44940 81381 35258 0 10309 8691 16258 6441 39682 11062 -62 28682 -11062
"199103" 70372 6703 63669 10722 9094 43853 81434 37793 0 10722 9157 17914 6703 36938 11062 -63 25939 -11062
"199104" 73670 7008 66662 11240 9488 45934 84727 39097 -2 11240 9551 18308 7008 38622 11059 -63 27626 -11057
"199201" 70321 6721 63600 10947 8994 43659 81378 37607 0 10947 9061 17599 6721 37050 11057 -67 26060 -11057
"199202" 73045 7012 66033 11597 9381 45055 84104 41615 -1 11597 9451 20568 7012 35477 11060 -70 24487 -11059
"199203" 74684 7216 67468 12111 9778 45579 85743 43109 1 12111 9850 21147 7216 35418 11058 -72 24432 -11059
"199204" 67004 6737 60267 8503 11759 40005 78060 38847 0 8503 11853 18491 6737 32476 11056 -94 21514 -11056
"199301" 70172 6848 63324 8787 12184 42353 81226 41089 0 8787 12277 20025 6848 33289 11054 -93 22328 -11054
"199302" 69788 6877 62911 8987 11926 41998 80845 40682 0 8987 12031 19664 6877 33286 11057 -105 22334 -11057
"199303" 71727 6949 64778 9203 12101 43474 82784 41605 0 9203 12200 20202 6949 34230 11057 -99 23272 -11057
"199304" 69119 6730 62389 9039 11818 41532 80172 40151 0 9039 11920 19192 6730 33291 11053 -102 22340 -11053
"199401" 72678 6921 65757 9383 12135 44239 83730 42559 0 9383 12234 20942 6921 34250 11052 -99 23297 -11052
"199402" 71776 7096 64680 9731 12184 42765 82828 42371 0 9731 12283 20357 7096 33361 11052 -99 22408 -11052
"199403" 72667 7189 65478 9971 12067 43440 83721 42379 0 9971 12165 20243 7189 34153 11054 -98 23197 -11054
"199404" 70437 7153 63284 10039 12030 41215 81488 41351 0 10039 12128 19184 7153 32984 11051 -98 22031 -11051
"199501" 83354 7646 75708 11651 13418 50639 94407 50519 0 11651 13515 25353 7646 36242 11053 -97 25286 -11053
"199502" 86695 7686 79009 11869 14276 52864 97749 55145 0 11869 14373 28903 7686 34918 11054 -97 23961 -11054
"199503" 83481 7380 76101 11035 14681 50385 94532 54544 0 11035 14777 28732 7380 32608 11051 -96 21653 -11051
"199504" 82065 7283 74782 11037 14649 49096 93115 53779 0 11037 14745 27997 7283 32053 11050 -96 21099 -11050
"199601" 80315 7159 73156 11046 15249 46861 91368 53266 0 11046 15344 26876 7159 30943 11053 -95 19985 -11053
"199602" 79411 7072 72339 10980 15282 46077 90461 52880 0 10980 15377 26523 7072 30509 11050 -95 19554 -11050
"199603" 71511 7052 64459 10177 15421 38861 82561 45069 0 10177 15515 19377 7052 30440 11050 -94 19484 -11050
"199604" 71086 7045 64041 10312 15435 38294 82135 44872 1 10312 15529 19030 7045 30218 11048 -94 19264 -11049
"199701" 62967 6795 56172 9879 13846 32447 74017 38315 0 9879 13939 14497 6795 28907 11050 -93 17950 -11050
"199702" 63564 6801 56763 10023 13805 32935 74614 38886 0 10023 13898 14965 6801 28927 11050 -93 17970 -11050
"199703" 62787 6689 56098 9997 14042 32059 73837 38599 0 9997 14135 14467 6689 28549 11050 -93 17592 -11050
"199704" 65518 6611 58907 10027 18071 30809 76568 41957 3 10027 18164 13763 6611 28000 11047 -93 17046 -11050
"199801" 64849 6545 58304 10108 17976 30220 75898 41682 0 10108 18065 13509 6545 27671 11049 -89 16711 -11049
"199802" 66638 6524 60114 10001 18945 31168 77685 42836 0 10001 19033 13802 6524 28325 11047 -88 17366 -11047
"199803" 71351 6719 64632 10106 21644 32882 82395 46269 0 10106 21729 14434 6719 29407 11044 -85 18448 -11044
"199804" 77614 6899 70715 10603 24111 36001 88655 51037 -5 10603 24205 16234 6899 30719 11046 -94 19767 -11041
"199901" 69963 6653 63310 9682 23231 30397 81012 48262 0 9682 23354 15226 6653 26097 11049 -123 15171 -11049
"199902" 67188 6545 60643 9719 21462 29462 78234 45974 0 9719 21592 14663 6545 25715 11046 -130 14799 -11046
"199903" 69166 6799 62367 10284 19978 32105 80213 46378 0 10284 20094 16000 6799 27036 11047 -116 16105 -11047
"199904" 67193 6725 60468 10336 17950 32182 78241 44452 0 10336 18074 16042 6725 27064 11048 -124 16140 -11048
"200001" 66340 6599 59741 10335 17871 31535 77388 44052 0 10335 17985 15732 6599 26737 11048 -114 15803 -11048
"200002" 63461 6552 56909 10444 15428 31037 74507 41473 0 10444 15542 15487 6552 26482 11046 -114 15550 -11046
"200003" 61569 6359 55210 10316 13685 31209 72615 39682 0 10316 13799 15567 6359 26574 11046 -114 15642 -11046
"200004" 62985 6384 56601 10539 14824 31238 74031 41051 0 10539 14944 15568 6384 26596 11046 -120 15670 -11046
"200101" 59353 6177 53176 10379 13777 29020 70399 38741 0 10379 13896 14466 6177 25481 11046 -119 14554 -11046
"200102" 59906 6103 53803 10409 14619 28775 70950 39495 0 10409 14739 14347 6103 25352 11044 -120 14428 -11044
"200103" 66234 6316 59918 10919 18404 30595 77278 44666 -1 10919 18519 15229 6316 26296 11045 -115 15366 -11044
"200104" 63766 6157 57609 10774 17854 28981 74811 43164 0 10774 17968 14422 6157 25490 11045 -114 14559 -11045
"200201" 62639 6109 56530 10809 17078 28643 73683 42247 0 10809 17174 14264 6109 25327 11044 -96 14379 -11044
"200202" 70171 6519 63652 11645 19841 32166 81215 47606 0 11645 19956 16005 6519 27090 11044 -115 16161 -11044
"200203" 71299 6481 64818 11710 20857 32251 82341 48815 4 11710 20980 16121 6481 27045 11038 -123 16130 -11042
"200204" 74624 6661 67963 12166 21979 33818 85667 51144 4 12166 22069 16905 6661 27862 11039 -90 16913 -11043
"200301" 75737 6731 69006 11392 22858 34756 86780 51745 5 11392 22975 17373 6731 28304 11038 -117 17383 -11043
"200302" 77480 6864 70616 11720 23210 35686 88524 52934 4 11720 23373 17837 6864 28726 11040 -163 17849 -11044
"200303" 80393 7005 73388 12062 24067 37259 91436 54879 4 12062 24190 18623 7005 29552 11039 -123 18636 -11043
"200304" 82176 7281 74895 12638 22535 39722 93219 55156 4 12638 22660 19854 7281 30782 11039 -125 19868 -11043
"200401" 81401 7254 74147 12691 21642 39814 92446 54360 4 12691 21765 19900 7254 30832 11041 -123 19914 -11045
"200402" 78792 7184 71608 12659 20076 38873 89837 52282 5 12659 20189 19429 7184 30371 11040 -113 19444 -11045
"200403" 78732 7197 71535 12782 19443 39310 89775 52002 4 12782 19569 19647 7197 30576 11039 -126 19663 -11043
"200404" 83388 7609 75779 13582 19479 42718 94433 54544 4 13582 19608 21350 7609 32280 11041 -129 21368 -11045
"200501" 75303 7402 67901 11564 15276 41061 86344 47496 4 11564 15406 20522 7402 31446 11037 -130 20539 -11041
"200502" 72690 7137 65553 11243 15274 39036 83731 46157 4 11243 15400 19510 7137 30437 11037 -126 19526 -11041
"200503" 67334 7102 60232 8245 13245 38742 78375 41025 4 8245 13414 19362 7102 30248 11037 -169 19380 -11041
"200504" 61088 7003 54085 8210 8036 37839 72131 35274 4 8210 8149 18911 7003 29854 11039 -113 18928 -11043
"200601" 61371 7059 54312 8344 7376 38592 72415 35139 5 8344 7503 19287 7059 30217 11039 -127 19305 -11044
"200602" 64142 7248 56894 8618 7906 40370 75183 36830 4 8618 8032 20176 7248 31105 11037 -126 20194 -11041
"200603" 62410 7234 55176 8655 6619 39902 73451 35347 4 8655 6747 19941 7234 30870 11037 -128 19961 -11041
"200604" 62224 7371 54853 8870 5040 40943 73265 34506 4 8870 5171 20461 7371 31388 11037 -131 20482 -11041
"200701" 62909 7399 55510 8948 4846 41716 73950 34768 4 8948 4968 20848 7399 31783 11037 -122 20868 -11041
"200702" 62512 7426 55086 9018 4573 41495 73553 34451 4 9018 4692 20737 7426 31676 11037 -119 20758 -11041
"200703" 65657 7627 58030 9301 4463 44266 76698 36033 4 9301 4606 22122 7627 33038 11037 -143 22144 -11041
"200704" 67266 7742 59524 9476 4244 45804 78307 36364 4 9476 4375 22509 7742 34201 11037 -131 23295 -11041
"200801" 72780 8057 64723 9892 4302 50529 83821 39256 4 9892 4431 24929 8057 36508 11037 -129 25600 -11041
"200802" 72703 8004 64699 9849 5237 49613 83744 39031 4 9849 5367 23811 8004 36709 11037 -130 25802 -11041
"200803" 68424 7630 60794 9418 4750 46626 79465 37580 4 9418 4832 23326 7630 34255 11037 -82 23300 -11041
"200804" 74154 7547 66607 9340 7683 49584 85195 41940 4 9340 7816 24780 7547 35708 11037 -133 24804 -11041
"200901" 71242 7325 63917 9082 8201 46634 82283 40436 4 9082 8331 23019 7325 34522 11037 -130 23615 -11041
"200902" 78052 7605 70447 9437 12113 48897 89093 46001 4 9437 12247 24313 7605 35487 11037 -134 24584 -11041
"200903" 179208 55953 123255 57945 13470 51840 190249 97335 4 57945 13512 25874 55953 36961 11037 -42 25966 -11041
"200904" 175083 55364 119719 57814 11385 50520 186124 94584 4 57814 11518 25248 55364 36176 11037 -133 25272 -11041
"201001" 170097 53618 116479 55996 11598 48885 181138 92162 4 55996 11731 24431 53618 35358 11037 -133 24454 -11041
"201002" 165701 52228 113473 54551 11365 47557 176742 89821 4 54551 11498 23768 52228 34693 11037 -133 23789 -11041
"201003" 177015 54958 122057 57410 12938 51709 188056 96252 4 57410 13071 25767 54958 36846 11037 -133 25942 -11041
