"DATES" "FL153166000.Q" "FL153166000.Q" "FL103066005.Q" "FL113066003.Q" "FL313066220.Q" "FL723066000.Q" "FL443066005.Q" "FL473066000.Q" "FL403066005.Q" "FL673066000.Q" "FL613066005.Q"
"195201" 24597 24597 5862 2098 0 10210 541 378 0 0 5508
"195202" 26878 26878 6454 2284 0 10988 616 419 0 0 6117
"195203" 27965 27965 6503 2349 0 11516 592 535 0 0 6470
"195204" 30522 30522 7329 2670 0 12255 652 559 0 0 7057
"195301" 30901 30901 6656 2449 0 13061 674 620 0 0 7441
"195302" 32672 32672 7048 2560 0 13661 739 691 0 0 7973
"195303" 33354 33354 6920 2552 0 13930 725 822 0 0 8405
"195304" 34614 34614 7556 2798 0 14012 747 877 0 0 8624
"195401" 32744 32744 6642 2489 0 13622 725 926 0 0 8340
"195402" 34006 34006 7144 2562 0 13995 852 919 0 0 8534
"195403" 34242 34242 7030 2512 0 14048 826 1033 0 0 8793
"195404" 35963 35963 7913 2799 0 14274 831 1083 0 0 9063
"195501" 35702 35702 7150 2501 0 14627 914 1036 0 0 9474
"195502" 38755 38755 7743 2619 0 15831 977 1122 0 0 10463
"195503" 40543 40543 7794 2613 0 16514 981 1256 0 0 11385
"195504" 42949 42949 8688 2905 0 17190 1000 1328 0 0 11838
"195601" 42251 42251 7792 2631 0 17466 982 1386 0 0 11994
"195602" 44281 44281 8308 2732 0 18375 1156 1384 0 0 12326
"195603" 44978 44978 8264 2772 0 18645 1129 1554 0 0 12614
"195604" 46580 46580 9010 3061 0 18861 1153 1651 0 0 12844
"195701" 45242 45242 7988 2748 0 18826 1263 1632 0 0 12785
"195702" 47223 47223 8525 2869 0 19629 1308 1776 0 0 13116
"195703" 47971 47971 8389 2843 0 20006 1313 1959 0 0 13461
"195704" 49217 49217 8997 3102 0 20232 1265 2102 0 0 13519
"195801" 46775 46775 7830 2702 0 19706 1364 2016 0 0 13157
"195802" 47704 47704 8231 2774 0 20191 1365 2156 0 0 12987
"195803" 47940 47940 8348 2808 0 20330 1475 2210 0 0 12769
"195804" 49490 49490 9146 3103 0 20711 1472 2342 0 0 12716
"195901" 48991 48991 8463 2836 0 21105 1553 2304 0 0 12730
"195902" 51878 51878 9017 2969 0 22454 1604 2505 0 0 13329
"195903" 53918 53918 8980 2944 0 23516 1720 2682 0 0 14076
"195904" 57213 57213 10525 3425 0 24180 1713 2873 0 0 14497
"196001" 55757 55757 8893 2864 0 24448 1931 2810 0 0 14811
"196002" 58622 58622 9564 3025 0 25577 1947 3093 0 0 15416
"196003" 59590 59590 9258 2927 0 26176 1987 3305 0 0 15937
"196004" 61248 61248 10099 3202 0 26423 1962 3447 0 0 16115
"196101" 59339 59339 8575 2594 0 26968 2087 3299 0 0 15816
"196102" 60597 60597 9081 2763 0 27308 2009 3548 0 0 15888
"196103" 61082 61082 9206 2798 0 27463 2127 3581 0 0 15907
"196104" 63435 63435 10293 3130 0 27869 2182 3627 0 0 16334
"196201" 62038 62038 9247 2777 0 27856 2178 3574 0 0 16406
"196202" 65435 65435 10071 3020 0 29457 2143 3889 0 0 16855
"196203" 66626 66626 10149 3019 0 29953 2213 4020 0 0 17272
"196204" 69344 69344 11162 3315 0 30563 2262 4103 0 0 17939
"196301" 68935 68935 10210 2966 0 31095 2350 4027 0 0 18287
"196302" 72217 72217 10920 3178 0 32675 2369 4352 0 0 18723
"196303" 74362 74362 11159 3224 0 33615 2531 4478 0 0 19355
"196304" 77870 77870 12325 3553 0 34677 2604 4546 0 0 20165
"196401" 78041 78041 11471 3266 0 35503 2654 4596 0 0 20551
"196402" 81812 81812 11935 3404 0 37642 2628 5001 0 0 21202
"196403" 84142 84142 12129 3437 0 38783 2776 5215 0 0 21802
"196404" 87352 87352 13184 3779 0 39765 2767 5437 0 0 22420
"196501" 87645 87645 12440 3495 0 40682 2935 5405 0 0 22688
"196502" 92243 92243 13062 3662 0 43133 2991 5867 0 0 23528
"196503" 94391 94391 12980 3670 0 44334 3003 6200 0 0 24204
"196504" 97489 97489 14072 4040 0 45212 3012 6478 0 0 24675
"196601" 97096 97096 13252 3701 0 45871 3284 6307 0 0 24681
"196602" 100205 100205 13808 3830 0 47382 3269 6762 0 0 25154
"196603" 100989 100989 13334 3725 0 47919 3206 7177 0 0 25628
"196604" 103422 103422 14198 3988 0 48182 3167 7454 0 0 26433
"196701" 101348 101348 13186 3654 0 48030 3164 7431 0 0 25883
"196702" 104131 104131 13670 3730 0 49622 3263 7823 0 0 26023
"196703" 105544 105544 13461 3627 0 50851 3314 8064 0 0 26227
"196704" 108567 108567 14397 3872 0 51691 3416 8287 0 0 26904
"196801" 107272 107272 13265 3592 0 51962 3423 8395 0 0 26635
"196802" 111404 111404 13663 3677 0 54327 3481 8920 0 0 27336
"196803" 114160 114160 13165 3532 0 56550 3627 9359 0 0 27927
"196804" 119324 119324 14365 3852 0 58464 3715 9731 0 0 29197
"196901" 118884 118884 13322 3530 0 59197 3812 9966 0 0 29057
"196902" 123675 123675 13578 3567 0 61695 3980 10776 0 0 30079
"196903" 125813 125813 13337 3485 0 62703 4105 11361 0 0 30822
"196904" 129231 129231 14251 3712 0 63395 4188 11704 0 0 31981
"197001" 126663 126663 13005 3414 0 62526 4396 11961 0 0 31361
"197002" 129421 129421 13295 3478 0 64022 4400 12484 0 0 31742
"197003" 131424 131424 13679 3580 0 65434 4416 12888 0 0 31427
"197004" 133660 133660 14662 3829 0 65625 4444 12986 0 0 32114
"197101" 134072 134072 15668 3456 0 65927 4480 13000 0 0 31541
"197102" 138912 138912 16180 3541 0 68903 4556 13689 0 0 32043
"197103" 143465 143465 16413 3507 0 71740 4624 14310 0 0 32871
"197104" 149243 149243 17314 3712 0 74325 4678 14770 0 0 34444
"197201" 148847 148847 16047 3371 0 75646 4634 14910 0 0 34239
"197202" 156222 156222 16605 3407 0 80008 4774 16010 0 0 35418
"197203" 161529 161529 16957 3371 0 83393 4960 16473 0 0 36375
"197204" 168757 168757 17998 3630 0 87001 5148 16964 0 0 38016
"197301" 171528 171528 17026 3291 0 89240 6802 17310 0 0 37859
"197302" 180398 180398 17979 3374 0 94107 7277 18389 0 0 39272
"197303" 186695 186695 18082 3268 0 97529 7899 19236 0 0 40681
"197304" 192980 192980 19156 3437 0 99620 8522 19633 0 0 42612
"197401" 190460 190460 18135 3121 0 99294 8642 19527 0 0 41741
"197402" 196777 196777 19332 3166 0 102221 8763 20449 0 0 42846
"197403" 201241 201241 19718 3040 0 104123 8950 21631 0 0 43779
"197404" 201926 201926 20276 3083 0 102989 9133 21895 0 0 44550
"197501" 195912 195912 18926 2645 0 100425 9136 21959 0 0 42821
"197502" 195933 195933 19703 2659 0 101549 9134 22878 0 0 40010
"197503" 201183 201183 20083 2532 0 104026 9616 24687 0 0 40239
"197504" 206996 206996 21212 2668 0 106055 10096 25666 0 0 41299
"197601" 204908 204908 20306 2339 0 105611 10380 26367 0 0 39905
"197602" 213148 213148 21319 2378 0 110077 10473 28314 0 0 40587
"197603" 220688 220688 21784 2256 0 114633 10615 30182 0 0 41218
"197604" 228961 228961 23500 2481 0 118043 10827 31169 0 0 42941
"197701" 229155 229155 21220 2162 0 119842 10931 32050 410 0 42540
"197702" 242048 242048 22133 2058 0 127616 11253 34352 430 0 44206
"197703" 252953 252953 22565 1846 0 134369 11580 36373 510 0 45710
"197704" 264892 264892 24361 1997 0 140302 11760 37605 515 0 48352
"197801" 266971 266971 23075 1483 0 143291 11832 38724 590 0 47976
"197802" 284526 284526 23707 1347 0 154140 12178 41936 690 0 50528
"197803" 298022 298022 24315 1203 0 161619 13203 43867 745 0 53070
"197804" 311305 311305 26498 1458 0 166512 13090 45172 915 0 57660
"197901" 313819 313819 25092 952 0 168703 13804 45513 1030 0 58725
"197902" 327319 327319 25782 851 0 176177 14464 46534 1140 0 62371
"197903" 341528 341528 26550 721 0 182530 16600 48000 1275 0 65852
"197904" 354616 354616 28298 883 0 185725 19993 47388 1505 0 70824
"198001" 349662 349662 24914 409 0 183415 20427 45723 1732 0 73042
"198002" 345637 345637 25760 225 0 177822 20835 42968 2122 0 75905
"198003" 350336 350336 26888 150 0 179789 21104 43568 2278 0 76559
"198004" 358044 358044 29401 150 0 180215 22652 44055 2639 0 78932
"198101" 353902 353902 27758 75 0 176465 23048 44395 3411 0 78750
"198102" 361610 361610 28775 50 0 179065 23526 46064 3649 0 80481
"198103" 371928 371928 28923 50 0 182849 23398 47372 4331 0 85005
"198104" 377882 377882 30322 25 0 184193 23986 46714 4826 0 87816
"198201" 373537 373537 28025 25 0 182922 23855 46575 5042 0 87093
"198202" 380887 380887 28902 0 0 185223 24225 47018 5418 0 90101
"198203" 386815 386815 29171 0 0 188072 25281 48201 6019 0 90071
"198204" 396718 396718 30787 0 0 190932 26554 48814 6413 0 93218
"198301" 391910 391910 28889 0 0 186947 27892 48835 5790 0 93557
"198302" 403838 403838 30745 0 0 190915 29373 50665 5363 0 96777
"198303" 420612 420612 31866 0 0 200673 30425 53449 5005 0 99194
"198304" 444878 444878 35365 0 0 213663 31489 56119 4581 0 103661
"198401" 452010 452010 33076 0 0 219840 34784 58462 4357 0 101491
"198402" 479799 479799 34566 0 0 236045 37528 62002 5028 0 104630
"198403" 501839 501839 34980 0 0 248051 41074 64980 5429 0 107325
"198404" 526584 526584 38378 0 0 258844 44226 67866 5573 0 111697
"198501" 536023 536023 35506 0 0 267381 47054 68912 5642 0 111528
"198502" 559592 559592 37091 0 0 276513 51280 70979 6082 0 117647
"198503" 585905 585905 38100 0 0 286728 54173 72859 6404 0 127641
"198504" 610574 610574 42505 0 0 297227 57621 74014 6799 0 132408
"198601" 606799 606799 40118 0 0 296270 58351 72078 6947 0 133035
"198602" 627891 627891 41600 0 0 304100 61125 73372 7808 0 139886
"198603" 649888 649888 42515 0 0 311443 61652 75545 7987 0 150746
"198604" 666355 666355 47017 0 0 320187 62913 77075 8174 0 150989
"198701" 644317 644317 44423 0 0 309795 62264 74654 8305 0 144876
"198702" 660313 660313 46571 0 0 316822 63899 76372 8959 0 147690
"198703" 679637 679637 48075 0 0 325602 62981 79777 9562 0 153640
"198704" 698640 698640 54028 0 0 334090 65335 81028 10043 0 154116
"198801" 693732 693732 50913 0 0 333855 65007 81080 10691 0 152186
"198802" 710128 710128 52830 0 0 341529 67039 83137 11495 0 154098
"198803" 725838 725838 53787 0 0 351421 66713 86523 12467 0 154927
"198804" 745206 745206 60757 0 0 360816 66753 88340 13202 0 155338
"198901" 753193 753193 52653 0 0 355578 66000 86747 13673 33377 145165
"198902" 769617 769617 54392 0 0 363704 65463 88288 14243 34535 148992
"198903" 784207 784207 55776 0 0 371715 64552 90948 14916 35835 150465
"198904" 809285 809285 63829 0 0 383309 62531 91654 16029 47335 144598
"199001" 792320 792320 58512 0 0 372789 60350 90034 16760 53930 139945
"199002" 798712 798712 59585 0 0 372319 57088 90360 17295 62958 139107
"199003" 812302 812302 60075 0 0 379467 53076 91628 17868 67173 143015
"199004" 824391 824391 67141 0 0 381982 49646 91597 19243 76663 138119
"199101" 802207 802207 59186 0 0 370499 49733 88475 20127 83251 130936
"199102" 801306 801306 57385 0 0 368385 46544 88520 20617 88611 131244
"199103" 802500 802500 57243 0 0 366312 43430 89222 20769 97418 128106
"199104" 815581 815581 62988 0 0 370176 42161 90302 21104 102957 125893
"199201" 793353 793353 56032 0 0 357166 39327 89473 21900 106694 122761
"199202" 792332 792332 56873 0 0 355981 38132 88307 22674 109534 120831
"199203" 801933 801933 57843 0 0 357300 37474 90706 23689 113540 121381
"199204" 824769 824769 65741 0 0 362901 37357 91694 24173 120277 122626
"199301" 807262 807262 63351 0 0 358900 36774 91424 24627 119788 112398
"199302" 818662 818662 64553 0 0 366632 37376 95387 25330 119082 110302
"199303" 842668 842668 66608 0 0 379364 37194 98893 26045 123831 110733
"199304" 886169 886169 77229 0 353 395704 37855 101634 26805 130455 116134
"199401" 883876 883876 71705 0 350 397802 37141 101583 27546 127977 119772
"199402" 918580 918580 73256 0 354 413413 38143 108183 28703 132574 123954
"199403" 959953 959953 74741 0 558 434560 38420 114343 29435 137886 130010
"199404" 1021168 1021168 86621 0 6865 458777 38468 119594 30370 146052 134421
"199501" 1024546 1024546 79747 0 6874 459689 37519 120631 31460 153268 135358
"199502" 1063126 1063126 80505 0 6211 471591 38487 125693 33112 166238 141289
"199503" 1109599 1109599 78280 0 7166 485920 39694 129178 34046 189591 145724
"199504" 1168160 1168160 85061 0 9182 502328 40106 131939 34336 213085 152123
"199601" 1162207 1162207 76678 0 11536 490807 40672 131511 33881 224607 152515
"199602" 1196579 1196579 72017 0 13039 503766 42089 136055 33652 242096 153865
"199603" 1229847 1229847 68520 0 15529 513906 44934 140935 32867 257317 155839
"199604" 1273878 1273878 77745 0 17671 527463 44711 144148 33753 273490 154897
"199701" 1254175 1254175 69957 0 20512 505158 45860 143949 32847 278296 157596
"199702" 1278038 1278038 67973 0 22885 512017 46483 147640 31488 287881 161671
"199703" 1305805 1305805 68657 0 25614 509663 48487 150016 30401 308273 164694
"199704" 1344165 1344165 84409 0 27635 515064 47172 152362 29521 320460 167542
"199801" 1324043 1324043 78297 0 31397 493846 47398 150733 27725 329394 165253
"199802" 1367744 1367744 77050 0 33586 493317 48657 152400 25593 366778 170363
"199803" 1400718 1400718 75691 0 36992 499624 50502 154339 26750 380646 176174
"199804" 1441272 1441272 79349 0 36516 512007 52365 155406 28370 393914 183345
"199901" 1442398 1442398 75270 0 40636 499258 53810 155817 30235 403528 183844
"199902" 1471581 1471581 74866 0 42787 484471 57313 158177 31820 431160 190987
"199903" 1511895 1511895 73865 0 46457 480406 60226 162911 35782 460790 191458
"199904" 1553622 1553622 76120 0 47988 507763 61721 167921 33809 456658 201642
"200001" 1553765 1553765 71829 0 52264 505673 59166 169225 31704 458914 204990
"200002" 1601771 1601771 74293 0 54105 514964 61220 176030 31172 477024 212963
"200003" 1667073 1667073 75304 0 58542 531032 62731 181316 35470 493623 229055
"200004" 1741267 1741267 81490 0 59662 551074 64760 184434 36992 528406 234449
"200101" 1749724 1749724 75429 0 64386 542799 65178 182761 37580 546897 234694
"200102" 1784249 1784249 73212 0 66683 550374 65031 186356 38738 560589 243266
"200103" 1814351 1814351 69824 0 70765 546509 68774 187338 39291 574686 257164
"200104" 1891827 1891827 73053 0 72470 568437 71100 189570 39427 597800 279970
"200201" 1883516 1883516 68303 0 76092 561548 71309 187717 38976 596494 283077
"200202" 1917644 1917644 68867 0 76396 566783 68658 191618 40725 610542 294055
"200203" 1951608 1951608 69560 0 80449 589192 65458 195884 40856 597771 312438
"200204" 1997008 1997008 74689 0 80490 602570 68705 195744 36927 630365 307518
"200301" 1989123 1989123 72344 0 83129 593231 68619 194013 35341 632525 309921
"200302" 2021930 2021930 72354 0 82164 603684 73765 198917 31303 631817 327926
"200303" 2059675 2059675 73008 0 83311 614124 72700 203426 27228 611235 374643
"200304" 2102932 2102932 59036 0 82366 669386 77877 205877 20581 594765 393044
"200401" 2096472 2096472 55983 0 85403 658036 81465 207086 15984 580545 411970
"200402" 2114539 2114539 56098 0 84728 660571 88133 211684 2230 574857 436238
"200403" 2164875 2164875 54104 0 87140 676319 89175 214471 0 572548 471118
"200404" 2220119 2220119 59211 0 86074 704270 91300 215384 0 571534 492346
"200501" 2204974 2204974 55350 0 89425 683112 90783 216127 0 576796 493381
"200502" 2232389 2232389 56016 0 88936 683951 94031 221322 0 593075 495058
"200503" 2278385 2278385 57797 0 91715 708230 99416 229487 0 583315 508425
"200504" 2320555 2320555 59583 0 89822 707039 109077 228588 0 609912 516534
"200601" 2292280 2292280 55753 0 93172 697480 98043 227343 0 620990 499499
"200602" 2314858 2314858 53474 0 92675 694749 101906 230434 0 636635 504985
"200603" 2364788 2364788 52743 0 93500 710502 106216 234469 0 641190 526168
"200604" 2415971 2415971 57586 0 91676 741200 95547 234532 0 661076 534354
"200701" 2396722 2396722 55777 0 95114 723278 94581 232280 0 663691 532001
"200702" 2430204 2430204 56483 0 94870 737869 97165 232952 0 668224 542641
"200703" 2501408 2501408 57059 0 98006 771518 87030 236920 0 683243 567632
"200704" 2555304 2555304 58602 0 98396 804096 90787 235700 0 683667 584056
"200801" 2533509 2533509 55299 0 103537 796317 87514 230147 0 679980 580715
"200802" 2555964 2555964 55513 0 104566 812984 90003 231083 0 680042 581773
"200803" 2588551 2588551 56208 0 106896 844087 79275 236094 0 669734 596257
"200804" 2594109 2594109 59841 0 110985 878643 86323 236200 0 646353 575764
"200901" 2517938 2517938 54994 0 122735 850749 80049 233281 0 629301 546829
"200902" 2487876 2487876 53810 0 135439 837783 75897 234650 0 623774 526523
"200903" 2496673 2496673 53021 0 157840 832687 78115 240262 0 614068 520680
"200904" 2478855 2478855 57211 0 185985 855311 77537 237185 0 577868 487758
"201001" 2406877 2406877 53515 0 209839 1149191 77998 227998 0 151424 536912
"201002" 2386491 2386491 52844 0 222565 1133723 80612 225821 0 143816 527110
"201003" 2408848 2408848 52454 0 280272 1115273 82144 224903 0 135761 518041
