"DATES" "FL893193005.Q" "FL103193005.Q" "FL113193003.Q" "FL313193013.Q" "FL263193005.Q" "FL713193005.Q" "FL763193005.Q" "FL723193005.Q" "FL753193005.Q" "FL733193005.Q" "FL743193005.Q" "FL443193005.Q" "FL473193005.Q" "FL543193005.Q" "FL403193005.Q" "FL613193005.Q" "FL643193005.Q" "FL663193005.Q" "FL503193005.Q" "FL893093005.Q" "FL103093005.Q" "FL113093005.Q" "FL213093005.Q" "FL313093003.Q" "FL263093005.Q" "FL713093005.Q" "FL763093005.Q" "FL723093005.Q" "FL753093005.Q" "FL733093005.Q" "FL743093005.Q" "FL443093005.Q" "FL473093005.Q" "FL543093005.Q" "FL573093005.Q" "FL223093003.Q" "FL653093003.Q" "FL633093005.Q" "FL403093005.Q" "FL613093005.Q" "FL643093005.Q" "FL663093005.Q" "FL903090005.Q"
"195201" 11226 2387 0 418 1316 16 1156 1399 -230 0 -13 1100 65 2008 414 1334 0 936 76 4527 350 0 -250 0 1108 206 706 526 -40 0 220 747 -25 589 603 0 0 0 216 356 0 -79 6699
"195202" 12066 2695 0 367 1582 116 1249 1482 -220 0 -13 1110 72 2120 298 1456 0 936 65 5044 233 0 0 0 1203 233 867 669 -24 0 222 770 -27 611 631 0 0 0 218 384 0 -79 7022
"195203" 12746 2920 0 333 1772 -27 1374 1605 -219 0 -12 1315 80 2208 260 1555 0 896 60 5329 343 0 0 0 1313 307 706 515 -33 0 224 821 -29 631 657 0 0 0 222 437 0 -79 7417
"195204" 12422 2900 0 275 1937 271 1407 1648 -229 0 -12 1030 87 1644 266 1653 0 886 66 5593 352 0 0 0 1690 207 763 580 -44 0 227 853 -31 645 672 0 0 0 81 454 0 -93 6829
"195301" 12425 2666 0 266 1946 174 1406 1665 -247 0 -12 1267 93 1713 322 1626 0 876 70 5952 461 0 0 0 1735 224 882 438 218 0 226 873 -32 658 682 0 0 0 229 333 0 -93 6473
"195302" 12749 2923 0 251 1906 21 1535 1771 -223 0 -13 1256 101 1763 299 1768 0 866 60 5898 528 0 0 0 1689 148 795 593 -20 0 222 900 -35 666 683 0 0 0 228 389 0 -93 6851
"195303" 13604 3116 0 263 1869 181 1697 1934 -224 0 -13 1476 110 1772 308 1898 0 856 58 6235 716 0 0 0 1748 244 643 458 -36 0 221 920 -37 675 685 0 0 0 233 501 0 -93 7369
"195304" 12837 2998 0 226 1774 307 1406 1648 -229 0 -13 1169 123 1770 305 1825 0 856 78 6242 638 0 0 0 1804 205 730 570 -62 0 222 955 -39 688 685 0 0 0 228 458 0 -110 6595
"195401" 13031 2757 0 232 1808 188 1429 1674 -232 0 -13 1426 140 1901 331 1899 0 846 74 6237 749 0 0 0 1776 219 492 294 -28 0 226 1032 -40 710 692 0 0 0 234 483 0 -110 6794
"195402" 13834 3129 0 216 1919 193 1521 1769 -234 0 -14 1436 156 2037 298 2015 0 846 68 6648 702 0 0 0 1721 150 890 666 -6 0 230 1138 -43 738 700 0 0 0 252 510 0 -110 7186
"195403" 14817 3450 0 250 1948 201 1667 1920 -240 0 -13 1784 172 2068 290 2080 0 836 71 6755 761 0 0 0 1594 232 811 561 14 0 236 1205 -45 766 710 0 0 0 233 598 0 -110 8062
"195404" 14968 3503 0 242 1908 258 1606 1929 -310 0 -13 1519 190 2020 324 2485 0 836 77 6845 664 0 0 0 1517 192 920 690 -18 0 248 1235 -48 787 730 0 0 0 321 657 0 -130 8123
"195501" 15764 3354 0 292 2192 235 1445 1757 -299 0 -13 1937 203 2015 323 2838 0 836 94 7455 799 0 0 0 1912 199 809 560 -1 0 250 1295 -49 800 762 0 0 0 306 752 0 -130 8309
"195502" 18130 3761 0 254 2443 233 1914 2203 -277 0 -12 1982 218 2086 346 3966 0 836 91 8439 893 0 0 0 2184 197 976 735 -9 0 250 1541 -52 806 798 0 0 0 319 907 0 -130 9691
"195503" 19743 4019 0 260 2681 202 2160 2459 -288 0 -11 2312 234 2121 384 4430 0 836 104 8925 933 0 0 0 2367 208 971 779 -59 0 251 1516 -55 812 843 0 0 0 317 1143 0 -130 10818
"195504" 20466 3884 0 238 2929 343 2348 2652 -293 0 -11 1730 252 2180 339 5306 0 826 91 8728 836 0 0 0 2450 221 888 702 -69 0 255 1363 -58 828 896 0 0 0 313 1145 0 -154 11738
"195601" 19984 3421 0 233 2975 139 2473 2773 -288 0 -12 2160 272 2294 330 4736 0 816 135 9441 1224 0 0 0 2604 182 977 683 36 0 258 1501 -61 853 952 0 0 0 311 1052 0 -154 10543
"195602" 20672 3694 0 231 3158 135 2697 2993 -285 0 -11 2031 292 2416 387 4727 0 806 98 9907 1121 0 0 0 2637 292 1174 788 125 0 261 1622 -64 887 1027 0 0 0 328 1037 0 -154 10765
"195603" 20966 3897 0 261 3318 34 2644 2955 -299 0 -12 2417 314 2381 344 4430 0 806 120 10145 1039 0 0 0 2682 353 1286 818 202 0 266 1559 -66 921 1101 0 0 0 316 1108 0 -154 10821
"195604" 20371 3687 0 263 3326 225 2530 2862 -320 0 -12 1831 336 2410 500 4349 0 806 108 10436 896 0 0 0 3242 325 1340 832 234 0 274 1477 -70 947 1153 0 0 0 296 1011 0 -181 9935
"195701" 20431 3304 0 311 3366 118 2480 2809 -317 0 -12 2305 359 2451 428 4393 0 796 120 10262 1024 0 0 0 3277 220 1275 752 235 0 288 1459 -73 967 1200 0 0 0 300 794 0 -181 10169
"195702" 20894 3434 0 400 3371 -134 2831 3146 -303 0 -12 2138 384 2540 435 4573 0 796 126 10656 827 0 0 0 3396 212 1563 977 278 0 308 1712 -76 982 1223 0 0 0 301 697 0 -181 10238
"195703" 21505 3671 0 386 3284 77 2941 3330 -377 0 -12 2551 412 2530 425 4313 0 796 119 11064 880 0 0 0 3676 210 1636 1049 258 0 329 1667 -78 996 1260 0 0 0 308 690 0 -181 10441
"195704" 20650 3611 0 296 3126 67 2925 3361 -423 0 -13 1952 443 2590 476 4255 0 786 123 11000 849 0 0 0 3712 308 1566 926 288 0 352 1601 -83 1011 1298 0 0 0 300 652 0 -214 9650
"195801" 20123 3314 0 294 3205 101 2784 3198 -400 0 -14 2404 478 2581 478 3545 0 786 153 11047 807 0 0 0 3870 259 1502 829 311 0 362 1508 -86 1028 1322 0 0 0 298 760 0 -221 9076
"195802" 20757 3501 0 308 3000 526 3084 3406 -308 0 -14 2344 511 2811 474 3229 0 786 183 12451 1021 0 0 0 3931 259 2142 1382 393 0 367 1855 -89 1043 1335 0 0 0 314 869 0 -229 8306
"195803" 21796 3903 0 335 2768 135 3300 3636 -322 0 -14 2954 544 2862 448 3600 0 776 171 12041 1016 0 0 0 3846 244 1748 913 465 0 370 1813 -91 1061 1345 0 0 0 318 978 0 -237 9755
"195804" 21918 3950 0 317 2609 236 3470 3843 -358 0 -15 2468 577 2767 477 4155 0 776 116 12234 805 0 0 0 3789 240 1897 1073 448 0 376 1992 -96 1083 1366 0 0 0 320 1083 0 -245 9684
"195901" 22762 4036 0 317 2599 363 3577 3944 -352 0 -15 3133 604 2652 612 3955 0 765 149 13115 1268 0 0 0 3846 245 2045 1091 591 0 363 2048 -99 1112 1410 0 0 0 308 1186 0 -254 9647
"195902" 22629 4019 0 317 2541 131 3913 4275 -348 0 -14 3207 630 2601 531 3825 0 764 150 13209 1483 0 0 0 2998 279 2136 999 791 0 346 2643 -103 1149 1455 0 0 0 316 1116 0 -263 9420
"195903" 23858 4101 0 317 2719 173 4150 4555 -391 0 -14 3721 657 2494 481 4105 0 754 186 14202 1512 0 0 0 3225 319 2819 1561 953 0 305 2447 -106 1187 1518 0 0 0 342 1211 0 -272 9656
"195904" 23808 4188 0 317 2781 498 3818 4270 -437 0 -15 2871 686 2554 559 4628 0 756 152 13060 1041 0 0 0 3264 363 2052 1288 440 0 324 2299 -111 1220 1570 0 0 0 363 1280 0 -281 10748
"196001" 23080 4166 0 317 2861 127 3626 4126 -483 0 -17 3422 719 2733 575 3608 0 746 180 14811 2202 0 0 0 3647 365 2306 1396 580 0 330 2154 -114 1248 1652 0 0 0 343 1299 0 -291 8269
"196002" 22929 4095 0 317 2880 626 3031 3453 -403 0 -19 3220 750 2870 563 3642 0 746 189 14681 1519 0 0 0 3757 535 2311 1279 696 0 336 2430 -118 1270 1725 0 0 0 360 1193 0 -301 8248
"196003" 23120 4155 0 317 3127 129 2588 3148 -540 0 -20 3819 776 2902 591 3761 0 747 208 14466 1879 0 0 0 3434 384 2294 1322 629 0 343 2135 -120 1294 1818 0 0 0 392 1267 0 -311 8654
"196004" 21457 4063 0 317 2788 319 2024 2676 -630 0 -22 2982 798 2927 565 3751 0 746 177 13450 1675 0 0 0 2838 317 2219 1280 582 0 357 2102 -126 1327 1863 0 0 0 366 1191 0 -322 8007
"196101" 23352 4198 0 317 3157 162 2487 3188 -677 0 -24 3827 824 3000 651 3754 0 735 240 12682 1883 0 0 0 2324 321 1688 1128 192 0 368 2111 -129 1371 1895 0 0 0 370 1181 0 -333 10670
"196102" 22785 4133 0 317 2962 83 2338 3080 -717 0 -25 3529 849 3197 545 3897 0 733 202 14781 1867 0 0 0 2528 371 2519 1877 258 0 384 2669 -133 1427 1942 0 0 0 380 1246 0 -35 8004
"196103" 24113 4355 0 317 2764 -23 2435 3228 -767 0 -26 4400 872 3280 529 4194 0 734 256 14003 1825 0 0 0 2335 354 1980 1351 229 0 400 2646 -136 1483 1985 0 0 0 384 1504 0 -357 10110
"196104" 24221 4467 0 317 2986 160 2466 3374 -882 0 -26 3751 890 3240 591 4443 0 736 174 14742 1782 0 0 0 2719 348 1887 1292 177 0 418 2806 -142 1525 2021 0 0 0 387 1778 0 -369 9479
"196201" 25561 4598 0 221 2831 94 2943 3875 -904 0 -28 4818 903 3135 594 4382 0 726 316 15008 2547 0 0 0 2342 379 1609 1009 174 0 426 2889 -146 1558 2135 0 0 0 386 1691 0 -382 10553
"196202" 25800 4825 0 214 2635 134 2792 3685 -863 0 -30 4518 915 3205 645 4936 0 727 254 16693 2455 0 0 0 2331 365 2146 1553 163 0 430 3697 -149 1580 2351 0 0 0 384 1928 0 -395 9107
"196203" 26361 4890 0 214 1924 120 2851 3681 -799 0 -31 5263 921 3260 552 5378 0 716 272 16620 2613 0 0 0 1996 398 1905 1309 160 0 436 3609 -152 1600 2480 0 0 0 404 2176 0 -409 9741
"196204" 25202 4920 0 214 1420 240 2388 3227 -808 0 -31 4442 923 3572 606 5472 0 716 289 16569 2199 0 0 0 1849 411 2304 1529 325 0 450 3635 -158 1628 2555 0 0 0 400 2169 0 -423 8633
"196301" 26575 5122 0 214 1183 7 3124 3911 -754 0 -33 5353 924 3493 680 5450 0 710 315 16832 2975 0 0 0 1810 394 1738 1077 200 0 461 3717 -162 1661 2611 0 0 0 382 2144 0 -438 9743
"196302" 27562 5202 0 179 971 20 3299 4089 -756 0 -34 5292 919 3750 653 6278 0 711 288 19078 3473 0 0 0 1841 376 2433 1787 174 0 472 4436 -166 1699 2632 0 0 0 394 2413 0 -453 8484
"196303" 29609 5500 0 179 259 -7 4254 5029 -741 0 -34 6243 914 3857 576 6842 0 706 286 19261 3835 0 0 0 1703 392 1989 1308 194 0 487 4371 -169 1738 2670 0 0 0 439 2762 0 -469 10348
"196304" 28838 5648 0 179 156 120 3682 4508 -792 0 -34 5439 906 3940 628 7128 0 706 306 19304 3204 0 0 0 1800 351 2159 1321 335 0 503 4591 -176 1774 2785 0 0 0 375 2926 0 -485 9534
"196401" 30047 5924 0 179 545 6 3843 4720 -838 0 -39 6190 891 3938 657 6888 0 696 290 19128 3915 0 0 0 1489 437 1481 611 344 0 526 4526 -180 1808 2972 0 0 0 376 2806 0 -502 10919
"196402" 31668 5985 0 120 1350 34 4064 5068 -959 0 -45 5923 876 4106 730 7449 0 697 334 20712 4267 0 0 0 1182 349 2033 1046 434 0 553 5043 -186 1840 3255 0 0 0 359 3089 0 -519 10956
"196403" 33641 6306 0 120 1815 80 4377 5541 -1118 0 -46 6617 862 4128 638 7748 0 688 262 21136 4395 0 0 0 956 458 2257 1238 441 0 578 4754 -191 1872 3551 0 0 0 394 3227 0 -537 12505
"196404" 33387 6269 0 120 2097 804 3893 5290 -1348 0 -49 5649 847 4205 695 7841 0 686 281 21298 3970 0 0 0 1223 359 2465 1283 581 0 601 4727 -199 1909 3781 0 0 0 387 3232 0 -556 12089
"196501" 35280 6626 0 121 1831 521 4788 6308 -1468 0 -52 6470 835 4305 759 7962 0 676 386 22876 4889 0 0 0 1318 464 2833 1344 884 0 605 4594 -203 1951 3955 0 0 0 381 3269 0 -575 12404
"196502" 35488 6863 0 246 1684 401 4868 6257 -1334 0 -55 6355 823 4526 719 7924 0 675 404 24292 5261 0 0 0 925 412 3343 1554 1192 0 597 5199 -208 2000 4105 0 0 0 420 3430 0 -595 11196
"196503" 37303 7112 0 247 1616 301 5582 6658 -1019 0 -57 7142 810 4590 645 8155 0 666 437 24096 4985 0 0 0 1287 446 2707 1473 644 0 590 5063 -212 2048 4186 0 0 0 434 3768 0 -616 13207
"196504" 30113 7129 0 247 -4223 289 5438 6536 -1037 0 -61 6155 796 4642 844 7634 0 666 496 23027 4435 0 0 0 330 451 2994 1776 614 0 604 5123 -221 2092 4340 0 0 0 442 3678 0 -637 7086
"196601" 31163 7546 0 247 -4431 157 6245 7183 -876 0 -62 7185 787 4334 972 6973 0 655 493 24710 6507 0 0 0 471 609 2818 1559 636 0 623 4650 -225 1963 4551 0 0 0 441 3584 0 -659 6453
"196602" 30395 7394 0 91 -4556 237 6939 7848 -847 0 -62 6702 780 4704 775 6099 0 647 583 26283 6173 0 0 0 637 610 4332 2651 1029 0 652 4891 -230 1853 4820 0 0 0 393 3486 0 -682 4112
"196603" 31863 7698 0 356 -5011 172 7768 8694 -863 0 -63 7099 771 5099 774 5707 0 637 793 24293 5751 0 0 0 -213 690 3746 2088 974 0 684 4495 -232 1735 5132 0 0 0 486 3409 0 -706 7570
"196604" 28840 7621 0 656 -3870 386 5936 6923 -922 0 -65 5755 761 5032 752 4418 0 626 767 21289 3999 0 0 0 -931 650 3660 2187 757 0 716 4204 -240 1948 5355 0 0 0 351 3023 0 -730 7551
"196701" 29868 7869 0 632 -4367 190 7217 8373 -1090 0 -66 6692 759 4769 753 4001 0 621 732 21422 4388 0 0 0 -1313 733 2688 1648 299 0 741 4503 -244 2586 5550 0 0 0 296 2973 0 -738 8446
"196702" 30739 7949 0 839 -4773 304 7240 8405 -1098 0 -67 6957 757 5178 772 4105 0 611 800 24052 3857 0 0 0 -305 663 3498 2163 567 0 768 5290 -251 2552 5842 0 0 0 293 3360 0 -747 6687
"196703" 32361 8444 0 823 -5160 300 8061 9162 -1034 0 -67 8026 753 5458 764 3518 0 599 775 23860 4057 0 0 0 -838 848 2994 1897 305 0 792 5313 -255 2511 6090 0 0 0 419 3476 0 -755 8501
"196704" 26242 6914 0 1019 -7173 445 6727 7736 -942 0 -67 7210 749 5736 813 2394 0 586 822 24645 4171 0 0 0 -1114 671 3810 2811 187 0 812 5482 -263 2510 6360 0 0 0 392 3390 0 -764 1597
"196801" 33353 9049 0 1203 -7371 437 9697 10700 -937 0 -66 8224 742 5704 838 2884 0 570 1376 26591 5102 0 0 0 -850 790 4412 3210 358 0 844 5393 -269 2540 6655 0 0 0 385 3206 0 -773 6762
"196802" 32644 9243 0 1359 -7175 536 8123 9326 -1138 0 -65 8187 734 5877 945 3151 0 551 1113 28121 4759 0 0 0 -62 787 4558 3061 652 0 845 5897 -277 2591 6781 0 0 0 376 3492 0 -781 4523
"196803" 35496 10035 0 1199 -7101 479 8769 9971 -1137 0 -65 9022 727 5932 823 3905 0 535 1171 26342 3775 0 0 0 -691 818 4321 3708 -259 0 872 5573 -280 2656 6965 0 0 0 339 3656 0 -790 9154
"196804" 33536 10404 0 1215 -9678 780 10331 11790 -1393 0 -66 8030 721 6169 781 3234 0 527 1022 28878 4344 0 0 0 -1009 906 5997 4305 736 0 956 5461 -290 2734 7151 0 0 0 405 3978 0 -799 4658
"196901" 36766 11504 0 1172 -10324 425 11523 13962 -2729 385 -95 9240 713 6121 884 3607 0 521 1380 31686 5443 0 0 0 -569 843 6617 4105 984 390 1138 5319 -298 2855 7382 0 0 0 418 4485 0 -809 5080
"196902" 37845 12014 0 990 -10390 712 9824 12234 -2840 565 -135 9540 708 6389 903 5166 0 500 1489 35510 5470 0 0 0 361 776 7794 4992 731 633 1438 5745 -306 2979 7590 0 0 0 526 5393 0 -818 2335
"196903" 45473 12861 0 923 -11723 513 17122 19311 -2990 939 -138 10042 704 6390 1104 5365 0 481 1691 33904 5104 0 0 0 539 896 7260 4464 679 407 1710 4788 -310 3052 7807 0 0 0 613 4982 0 -827 11569
"196904" 36491 12978 0 917 -15243 1084 13523 14750 -1465 379 -141 8865 703 6542 1278 3802 0 457 1585 28645 4759 0 0 0 -3710 776 6439 3925 -41 749 1806 4897 -321 3168 7998 0 0 0 761 4715 0 -837 7846
"197001" 35826 1405 7623 317 -14756 950 14162 17859 -3722 170 -145 9521 706 6422 1476 5767 0 448 1785 32502 5338 0 0 0 -3077 930 8033 4197 607 1310 1919 4675 -330 3262 8227 0 0 0 833 5457 0 -846 3324
"197002" 33627 1410 7763 317 -14837 1106 12046 15481 -3404 118 -149 9904 711 6654 1558 5641 0 438 916 33694 6078 0 0 0 -4360 866 8816 4563 -21 2290 1984 5006 -341 3349 8631 0 0 0 920 5585 0 -856 -67
"197003" 37186 1366 8105 304 -14818 1063 13653 17482 -3845 170 -154 10950 717 6608 1643 5273 0 437 1885 32293 5319 0 0 0 -3662 997 7066 4738 -560 866 2022 5243 -346 3432 8715 0 0 0 830 5565 0 -866 4893
"197004" 30307 992 8581 304 -17818 1544 12023 13949 -3290 1522 -158 10534 723 6688 1799 3111 0 427 1399 30416 5238 0 0 0 -5532 866 5713 3293 -1407 1765 2062 5623 -360 3514 8853 0 0 0 1528 5848 0 -875 -109
"197101" 36353 1426 9335 314 -18414 1038 14267 17590 -4265 1109 -167 11086 710 6662 1699 6597 0 415 1218 38567 9948 1000 0 0 -5227 964 6308 4582 -812 652 1886 6075 -377 3638 8982 0 0 0 1485 6595 61 -885 -2214
"197102" 33339 1132 9739 311 -20124 987 10215 14153 -5276 1513 -175 12883 693 6913 1657 7434 0 403 1096 40583 9597 2000 0 0 -4958 990 4898 3554 -1085 706 1723 7633 -395 3786 9241 0 0 0 1636 7034 17 -896 -7244
"197103" 39609 1421 10424 311 -22108 785 15054 16582 -4728 3385 -185 13687 676 6981 2046 8923 0 382 1027 44756 11021 3000 0 0 -5850 971 6168 4170 -821 863 1956 8307 -405 3935 9472 0 0 0 1861 7078 104 -906 -5147
"197104" 38818 1054 11476 311 -21085 1315 13783 14900 -4423 3502 -196 13372 660 7208 1697 7358 0 367 1302 46262 12332 4000 0 0 -6224 1051 4731 2834 -780 544 2133 8554 -422 4064 9693 0 0 0 1681 7551 167 -916 -7444
"197201" 54450 1282 12396 312 -13650 1021 18143 17781 -1980 2545 -203 14383 642 7344 1863 8775 66 527 1346 57541 19904 5000 0 0 -5709 880 5573 3709 -238 144 1958 8018 -443 4177 10915 0 0 0 1719 7799 635 -927 -3091
"197202" 59319 602 12681 312 -12493 1306 19170 17561 -914 2734 -211 15805 625 7960 1897 9340 200 692 1222 64657 20760 6200 0 0 -4560 972 5629 3872 -178 120 1815 9060 -462 4276 12936 0 0 0 1728 8142 913 -937 -5338
"197203" 58970 -37 13184 312 -17145 1215 21843 20458 -1127 2729 -217 16773 608 8216 2231 9267 293 869 1341 70013 20794 7400 0 0 -5676 961 7635 5319 -144 571 1889 9691 -472 4372 14998 0 0 0 1751 8343 1164 -948 -11043
"197204" 42721 -889 14160 312 -33464 1275 23141 19989 843 2532 -223 16317 591 8241 2102 8415 310 1037 1173 74028 21658 8600 0 0 -6540 1068 7691 3965 502 1081 2143 10535 -492 4477 16445 0 0 0 1362 8889 1294 -959 -31307
"197301" 61976 -862 15128 312 -21717 1374 25817 22193 759 3090 -225 17785 604 8533 2819 9233 346 958 1646 102798 42211 10356 0 0 -4853 945 10624 4808 493 3062 2261 10457 -517 4587 17645 0 0 0 1664 8885 1764 -970 -40822
"197302" 72126 -719 15261 312 -13489 1326 25712 21703 971 3266 -228 18756 619 8874 2457 10235 347 634 1801 107496 42411 10817 0 0 -3841 1131 11666 3991 523 4941 2211 10966 -542 4702 18501 0 0 0 1711 9447 1508 -981 -35370
"197303" 76724 -813 15888 312 -15171 1701 29848 24575 968 4547 -242 19140 636 8824 3139 10553 358 330 1979 114470 42745 11226 0 0 -1841 991 16220 5108 729 8136 2247 10443 -544 4818 19020 0 0 0 2309 9194 881 -992 -37746
"197304" 66687 126 17447 312 -24545 2499 27285 21677 1307 4556 -255 16520 655 8914 3513 11820 425 45 1671 83920 44510 11427 0 0 -31287 1362 12654 2968 592 6873 2221 8495 -556 4934 20067 0 0 0 2349 10314 654 -1003 -17233
"197401" 70513 504 18524 0 -24245 1682 28518 23561 957 4256 -256 17022 735 8938 3165 13534 618 -239 1757 84756 46045 11433 0 0 -33503 1023 13463 3168 526 7492 2277 8437 -579 5071 21015 0 0 0 2108 10862 396 -1015 -14243
"197402" 66509 210 19382 0 -28903 1737 26705 22190 1078 3695 -258 17815 820 9419 2976 12993 2008 -524 1871 87218 43504 11258 0 0 -27192 1174 10248 55 505 7458 2230 9700 -602 5213 22161 0 0 -17 1435 10593 769 -1026 -20709
"197403" 70298 1653 20985 0 -26967 1916 26430 25024 758 905 -257 17759 904 9620 2814 12349 1942 -799 1692 95238 44793 11005 0 0 -17689 1161 7508 1591 359 3470 2088 9442 -605 5370 23590 0 0 -48 1745 9550 454 -1038 -24940
"197404" 61510 1383 23025 1723 -27784 2255 21306 19470 690 1401 -255 15758 983 10085 2502 8064 1851 -1047 1406 162985 96580 10776 0 0 1162 3193 5776 -72 -25 3868 2005 8153 -623 5551 24697 0 0 -90 533 8052 275 -1050 -101475
"197501" 348013 280488 23806 1542 -28709 1496 28642 26255 1506 1141 -260 16535 968 10137 2609 8775 2000 -1818 1542 264450 199015 10510 0 0 -6183 3122 10917 5841 101 2804 2171 8344 -660 5771 25861 0 0 -146 462 7427 1072 -1062 83563
"197502" 356731 291889 23807 1376 -29487 1667 30030 26179 1668 2450 -267 17836 944 10538 3516 4617 1457 -2804 1345 266015 199546 10137 0 0 -10238 2965 11708 4968 643 3745 2352 10390 -697 6043 28740 0 0 -129 886 7231 507 -1074 90716
"197503" 374988 302041 24202 1222 -26365 1542 31726 26487 2035 3453 -249 19176 918 10738 3281 5628 481 -678 1076 262763 183123 9820 0 0 -6168 2807 15005 7616 175 4748 2466 11805 -712 6302 32945 0 0 -123 1791 7072 182 -1086 112225
"197504" 358383 291804 26055 1125 -27909 1973 29236 25119 1955 2394 -232 18035 895 11278 3589 1909 111 -1059 1341 272147 190119 9719 0 0 545 3201 8553 3073 244 2648 2588 11769 -738 6485 35450 0 0 -76 1496 6593 130 -1099 86236
"197601" 395484 319505 25764 1061 -26271 1736 32953 27580 2158 3385 -170 19093 884 11429 3479 2538 453 2137 723 278778 194279 9823 0 0 -1941 3120 10768 5644 69 2612 2443 11998 -778 6686 35497 0 0 -84 1287 6601 90 1432 116706
"197602" 400224 325100 25888 950 -28888 1546 32287 26339 1501 4565 -118 20842 880 12087 3168 2900 270 2453 741 290931 205358 10112 0 0 1039 3048 9166 4516 -244 2573 2321 13924 -815 6870 33278 0 0 -65 884 6468 70 1594 109293
"197603" 422743 339582 26346 791 -23928 1958 33391 27145 1526 4836 -116 21918 884 12383 3583 3002 30 2234 569 300298 211290 10493 0 0 758 3088 10736 5922 -48 2430 2432 13762 -833 7047 35445 0 0 -26 1084 5970 30 1454 122445
"197604" 412095 307148 27301 650 2738 1976 29213 22359 1450 5519 -115 21533 892 12619 3874 1466 185 1677 823 246018 151629 10873 0 0 8331 2982 4348 -37 -224 2116 2493 15439 -866 7225 38493 0 0 -56 1023 5870 0 727 166077
"197701" 435068 322301 27590 576 1674 1382 33963 25972 1821 6263 -93 22762 1026 12906 4169 3345 356 2228 790 257422 148907 11296 0 0 9403 2882 9663 4367 -457 3228 2525 16920 -915 7579 43725 0 0 -21 956 5537 2 1488 177646
"197702" 441118 324272 26631 481 2625 1626 35941 28637 1143 6236 -75 24511 1163 13179 4465 2057 127 2874 1166 264825 151267 11802 0 0 11212 2829 9743 4988 -507 2766 2496 18692 -959 7916 43733 0 0 -98 1344 5632 0 1712 176293
"197703" 463112 341321 26838 395 1729 1944 38084 30457 1569 6183 -125 26488 1304 13474 4172 3451 51 2501 1360 275018 157603 12317 0 0 10731 2768 7757 3547 -589 2298 2501 19335 -991 8242 47881 0 0 -100 1370 6481 0 1624 188094
"197704" 450045 337367 27248 0 -1148 2113 34251 25141 2018 7287 -195 26412 1452 13892 4229 2111 63 721 1334 272770 168331 12764 0 0 2064 2378 4439 804 -818 1948 2505 20331 -1029 8558 46992 0 0 -163 1996 6448 80 -419 177275
"197801" 485544 361202 28779 0 -1879 1688 41167 31548 2466 7350 -197 27295 1474 14232 3974 2925 425 2474 1788 299372 177983 13151 0 0 6619 2211 7740 2963 -303 2296 2784 21464 -855 8761 51862 0 0 -193 2518 6093 18 2000 186172
"197802" 497203 366778 29376 0 -294 2017 45488 36162 3391 6134 -199 27644 1499 14533 4402 616 480 2850 1814 291709 171128 13485 0 0 2578 2340 9919 4602 -26 2161 3182 22599 -350 8982 50378 0 0 -203 2421 6465 61 1906 205494
"197803" 531211 387728 29553 0 1498 2124 51670 41413 4756 5716 -215 27073 1516 14869 4993 4991 216 3551 1429 310926 181386 13814 0 0 -71 2358 16261 10516 530 1821 3394 22220 89 9209 53177 0 0 -412 2624 7791 15 2465 220285
"197804" 549071 396835 30488 0 6342 3011 50108 40671 4496 5173 -232 25675 1516 15271 5489 8159 291 4004 1882 331700 182669 14186 0 0 11755 2887 16091 10049 620 1863 3559 22682 629 9486 57146 0 0 326 2442 8620 230 2551 217371
"197901" 593710 431935 32477 0 7478 2130 55549 44668 5980 5140 -239 27324 1557 15733 5459 8699 244 3283 1842 334890 188752 14604 0 0 5278 2580 16100 8963 1213 1975 3949 22842 938 9811 59705 0 0 432 2759 8266 289 2534 258820
"197902" 608661 444454 32887 0 6121 2337 51734 45938 4022 2020 -246 28814 1579 16197 5852 12913 160 3769 1844 346547 192100 15073 0 0 6082 2748 17095 10362 646 1776 4311 24109 1271 10180 61640 0 0 527 2300 9826 336 3260 262114
"197903" 646752 477802 33693 0 3251 2610 49940 44319 4114 1761 -254 30433 1581 16659 5406 18495 421 4537 1924 366876 217895 15529 0 0 765 3733 13193 6560 391 1676 4566 22669 1702 10559 61688 0 0 638 2332 12242 378 3553 279876
"197904" 665060 491340 37425 0 7911 3618 49784 42986 3635 3425 -262 27990 1566 16939 6575 15027 268 4810 1807 373137 215835 15908 0 0 11560 3045 10249 3700 -54 1754 4849 20240 2331 10911 63710 0 0 700 2856 11038 400 4354 291923
"198001" 716788 531461 38986 0 11500 2207 52973 47541 4683 718 31 27846 3375 17094 6645 17585 317 4865 1934 365063 202303 15507 0 0 14590 2585 12157 7197 -903 620 5243 21638 3508 11243 65568 18 0 419 2912 8530 430 3655 351725
"198002" 744416 558834 41439 0 6063 3352 51893 48916 544 1737 696 26385 3350 16913 7321 30475 300 -3616 1707 374275 214563 13623 0 0 1351 3123 17706 9496 1717 861 5632 19900 4338 11556 66932 35 0 713 2886 12498 467 4584 370141
"198003" 786944 606723 42702 0 106 2015 51348 46565 1122 2272 1389 28613 2425 16894 8309 28199 401 -2942 2151 420454 263721 13132 0 0 -4369 3226 15357 6706 1758 834 6059 20451 4710 11874 69119 53 0 771 3236 13354 497 5322 366490
"198004" 763019 581636 44203 0 -3634 2565 51060 46501 1223 1456 1880 28758 3100 16999 8635 28122 325 -1047 2297 434176 251047 16906 0 0 14350 3526 17335 7207 2106 1413 6609 23502 5652 12219 67829 70 0 588 4106 10786 510 5750 328843
"198101" 876471 685006 42822 0 2590 2035 54506 51022 493 770 2221 28485 2927 17753 9051 39177 267 -3664 -4484 525922 328679 20421 0 0 14970 3056 25665 12331 2386 3537 7411 22751 5036 12532 66428 88 0 521 5485 14666 540 5084 350549
"198102" 886666 678749 41457 0 535 2630 59004 53729 1780 1021 2474 31929 2453 18851 8955 42097 322 -4863 4547 521112 325930 23811 0 0 8203 4149 26472 13317 3522 1252 8381 23622 4505 12738 67433 105 0 1095 3524 13465 553 5507 365554
"198103" 931185 708144 42032 0 185 3021 59130 52314 337 3841 2638 33703 3277 20072 9257 45922 263 -7190 13369 536079 326787 26576 0 0 14681 3592 27992 11772 5142 1900 9178 24181 5378 13091 69118 123 0 1220 3936 14046 544 4814 395106
"198104" 929874 690000 42896 0 -5805 3118 79484 51314 23912 1539 2719 28546 3200 20671 10079 45988 251 4201 7245 570103 353564 28966 0 0 14374 3954 31793 8538 11850 1943 9462 26611 4738 13846 66356 141 0 1627 4747 12307 540 6539 359771
"198201" 1003109 733611 50009 0 24537 2253 63376 47063 10862 2831 2620 33810 2747 21295 9970 50093 357 1988 9063 597954 371891 25834 0 0 16994 3921 39584 3642 24635 2265 9042 31004 3666 14997 61324 171 0 2122 4970 14778 582 6116 405155
"198202" 1018761 731361 56919 0 22140 2166 61459 50396 7113 1699 2251 42077 2780 21712 10751 53834 317 2268 10977 605129 371511 22827 0 0 15274 3871 38469 4352 24451 1806 7860 40198 4868 16568 62016 202 0 1706 4807 16166 551 6095 413632
"198203" 1043711 758885 63908 0 25595 2099 65616 50096 7534 6005 1981 30020 2698 22438 7390 50477 329 2197 12059 629937 401065 20445 0 0 8047 4386 37987 5811 23598 1890 6688 39021 4673 18333 68406 233 0 1359 2241 16111 578 7052 413774
"198204" 1020674 735427 71472 0 43535 2991 51653 40346 6230 2896 2181 23829 2300 23257 12060 45746 325 -4224 12303 676192 459676 18438 0 0 -5567 3947 33921 3573 21624 2426 6298 42548 4229 20108 68474 264 0 1013 5668 14311 578 8584 344482
"198301" 1070316 748209 74238 0 39086 1925 63266 47755 11082 1904 2525 25988 2433 24411 13088 47875 305 4300 25192 726223 490628 19403 49 0 1922 4036 27002 6298 13755 635 6314 48562 4066 21244 72978 299 0 901 6234 17713 646 10540 344093
"198302" 1091719 759565 77655 0 36508 2122 55220 49652 877 1209 3482 32868 2460 25706 13800 48811 348 6526 30130 752882 512069 20493 173 0 -6720 3905 29007 6158 13811 1883 7155 49843 2713 23269 81807 351 0 1022 6617 17794 689 9850 338837
"198303" 1129512 777537 80665 0 35666 2457 61367 47422 5995 3554 4396 39385 2483 27045 14563 47242 275 4400 36427 766835 510843 22208 62 0 -8496 4428 36811 4922 20867 3062 7960 53713 3929 25996 81575 422 0 1035 6434 17429 667 9779 362677
"198304" 1116525 758869 84094 0 34335 2769 52826 39986 4156 3970 4714 42934 2300 28362 14503 50463 329 7544 37197 842135 537386 24299 69 0 39876 4860 27872 -2085 19106 2874 7977 58211 4242 27496 83500 509 0 816 6748 14305 812 11134 274390
"198401" 1152545 806867 87251 0 25327 2446 51401 26832 8974 10646 4949 43976 2219 30770 14952 50457 349 4422 32108 883257 546167 22449 227 0 47496 4882 64198 29517 22314 4630 7737 61310 3818 27755 79931 474 0 1033 7716 3545 804 11452 269288
"198402" 1183779 827287 87669 0 18500 2512 44512 23630 12147 4109 4626 49478 2426 33766 16139 51112 395 6869 43114 930320 589996 20475 1007 0 46511 5630 61221 26171 24803 3457 6790 67784 3853 29691 77861 439 0 1073 8094 3503 985 12197 253459
"198403" 1225185 872964 91000 0 24646 2524 43722 31194 2304 6007 4217 51638 2320 36811 15541 46631 467 6444 30477 1000735 661173 17875 1798 0 35393 8461 57751 28965 18835 4232 5719 72581 3528 31072 83191 422 0 1149 8952 3012 1180 13197 224450
"198404" 1161958 806897 93673 0 27707 3127 44655 34964 2167 3227 4297 54201 2900 37842 16843 46177 519 8402 19015 1049034 700133 14901 1447 0 37937 8523 55181 27787 17905 4275 5214 81600 3545 35115 85696 369 0 1655 9529 -1627 1472 13558 112924
"198501" 1276881 881601 99651 0 23133 2378 49674 37950 3964 3329 4431 57306 2772 40715 19167 47049 419 9432 43584 1098755 745619 14269 1106 0 27116 8272 59526 29085 21458 4217 4766 83833 4220 35624 91340 386 0 1790 9404 436 1673 14141 178126
"198502" 1313381 908263 103927 0 20427 2219 59517 45991 4675 3861 4990 62432 2230 43506 18092 44666 218 6293 41591 1118666 754837 13763 1532 0 25845 8041 56505 29540 18241 4038 4686 90526 4223 37585 97322 404 0 1642 9422 594 1752 14673 194715
"198503" 1380761 954055 118297 0 11925 2287 49534 38475 719 4814 5526 67392 2073 44386 27051 40756 15 3433 59557 1156287 784026 13881 2610 0 37117 8422 53711 29477 15838 3721 4675 89484 5246 38523 93844 440 0 1985 7785 2239 1830 15144 224474
"198504" 1402924 942181 122822 0 20719 3064 46665 37123 405 3543 5594 72328 2800 45425 18391 42804 654 7109 77962 1274137 854653 14375 7460 0 45677 8035 66716 39966 18144 4163 4443 90406 4768 40983 112338 490 1000 1991 3920 602 1692 19031 128787
"198601" 1388960 921426 126175 0 17462 1825 60334 39514 2139 13478 5203 73887 2647 46675 17136 38748 1144 6556 74945 1288975 878424 15109 7806 0 33056 7707 70019 39756 20113 6139 4011 87775 5571 40631 110103 589 1532 1576 4444 79 972 23582 99985
"198602" 1354764 900490 127097 0 11974 1861 49510 34512 446 10163 4389 79264 2279 46042 19466 33512 1992 3121 78156 1272436 872358 15969 9045 0 18673 7341 66325 39184 16744 6997 3400 93079 6550 43872 110863 680 1944 2319 514 -1546 1133 23317 82328
"198603" 1384298 937719 128549 0 -5916 1840 55615 39182 609 12325 3499 82010 2997 44782 20257 35910 2809 5765 71961 1328572 914629 17453 9822 0 24896 7635 72629 40440 22405 6987 2797 90087 6808 46959 113923 671 2318 3110 1437 3566 1984 10645 55726
"198604" 1348677 864644 131304 0 24531 1875 56110 38848 22 14369 2871 82516 3000 43915 22483 31173 771 10120 76235 1410324 953132 19313 9139 0 35141 7734 74534 41537 24643 5974 2380 87900 7676 49451 130127 702 2675 3578 5823 579 1306 21514 -61647
"198701" 1359136 874100 126841 0 3102 1715 67511 50930 1058 13067 2456 92755 3144 44275 25891 30522 1216 8008 80056 1478350 1019151 20724 9050 0 11271 6892 71124 49825 12023 7186 2090 97115 9488 52507 140854 770 3372 3435 7649 1949 991 22008 -119214
"198702" 1383317 869920 126297 0 -991 2038 79294 64651 1467 11040 2136 98878 2975 42362 27215 31491 973 7961 94904 1500160 1043037 22261 9405 0 2005 6243 69577 43051 18075 6564 1887 101037 9305 55760 141449 765 2603 3496 9091 937 1683 21506 -116843
"198703" 1377391 850538 124144 962 -6852 2007 100820 69458 14474 14974 1914 99483 3794 43718 26771 35895 1199 7258 87654 1575456 1071431 24422 10213 0 -4961 9713 89975 41015 39311 7864 1785 101043 9230 59835 159016 619 4231 3360 8668 3800 1833 23028 -198065
"198704" 1399235 832913 124862 1166 522 2668 93980 59971 16661 15554 1794 94126 3900 46029 25343 72241 1188 -483 100780 1603072 1040023 26959 13019 0 55387 9907 90234 38872 42290 7257 1815 114138 5016 60801 136507 571 3805 4361 12696 7146 2235 20267 -203837
"198801" 1395278 852652 129207 1763 -19062 2198 80624 57401 5367 16034 1822 89506 3819 47212 25196 104224 1985 -21313 97267 1634158 1072932 31120 6284 0 38132 8128 85921 39919 36559 7422 2021 125400 7059 64917 138838 527 4406 6850 12853 6805 1841 22145 -238880
"198802" 1415415 835197 133552 2807 -17886 2483 88542 62544 9528 14447 2023 91254 3525 48169 25642 110072 1939 -21481 111600 1666727 1084611 35156 6973 0 36126 8291 93255 40166 43858 6801 2430 129024 6061 65203 145795 483 4117 5338 13753 9070 1845 21626 -251312
"198803" 1441165 844219 137898 3583 -23666 2895 101265 66829 13424 18739 2273 101323 4719 48478 28205 109125 2910 -25000 105211 1712315 1100849 38567 6538 0 33663 8452 94421 41132 43491 6915 2883 143126 7418 67072 157210 512 3379 5002 15501 7531 1622 21452 -271150
"198804" 1611418 924434 142243 5822 46889 3099 98633 64527 15327 16332 2447 114495 4300 48178 25810 112706 3520 -23506 104795 1931863 1266098 41603 7189 0 69872 9401 92174 38061 44337 6599 3177 144828 5061 68735 164211 2117 3518 4648 20215 7798 3053 21342 -320445
"198901" 1664842 1023958 147461 6106 38618 2235 114720 67769 24904 19317 2730 71384 3200 49115 25974 101565 1511 -25188 104183 1993162 1368840 43205 7015 0 49413 8269 112632 41946 60198 7097 3391 97213 6602 70802 165165 2733 4200 5408 18086 7172 3689 22718 -328320
"198902" 1701139 1004564 152679 7153 46542 2236 143465 71382 50960 18302 2821 73643 3100 49811 23668 105213 1858 -29885 117092 2013948 1363006 44682 7564 0 36746 9729 142417 41861 89580 7302 3674 101644 5312 74603 157923 3919 5200 6845 23021 3604 4909 22824 -312810
"198903" 1787758 1030971 157897 7483 32309 2038 209921 72239 115956 18804 2922 82214 3400 50631 26679 114822 1620 -52049 119822 2097126 1382635 45535 8229 9098 38732 7978 194403 49767 133240 7479 3917 103382 5904 77038 146757 5200 6200 7839 28430 799 5076 23891 -309368
"198904" 1771045 1006247 163116 7772 70777 2935 188992 76324 88998 20596 3074 77675 3700 51607 25800 112414 2148 -43686 101548 2140996 1392862 46012 8570 14311 91356 7196 173561 49887 110828 8780 4066 98808 6162 76368 150116 6269 7127 7531 30259 -5149 4690 24947 -369951
"199001" 1844697 984679 162295 7440 108865 2895 208056 74612 110557 19572 3315 108012 3400 48951 22347 99917 2313 -35567 121094 2119522 1416612 45706 8444 13236 90383 5397 182429 47690 122484 8892 3363 60808 6994 72365 142265 6609 7500 8333 29357 -3647 4357 22374 -274825
"199002" 1725474 945518 161474 7693 83302 2685 143146 76303 45621 17555 3667 97956 3600 47215 24319 112951 1584 -34414 128445 2017216 1377757 45526 9402 31632 79966 4951 116254 47098 55827 9114 4215 58648 8702 72399 133322 7829 8000 10789 32687 -3063 3569 18846 -291742
"199003" 1783862 966323 160653 7437 113459 2865 170087 85352 54762 26001 3972 93999 3800 44299 19232 120472 2292 -31437 110381 2066367 1374224 45971 7957 35476 116920 5693 139103 53099 62055 19726 4223 54961 9208 71711 132334 7625 8500 5565 31220 -6034 3061 22872 -282505
"199004" 1732377 976701 159833 7688 69274 1756 191419 76037 88085 23319 3978 80926 3900 39945 24898 120125 1202 -28019 82729 2103157 1413998 46790 9839 47127 85199 6046 164530 51606 86733 21999 4192 54903 8174 71828 116274 7831 8876 4000 32941 -2589 4270 23120 -370780
"199101" 1793116 1044430 159681 7421 40424 1363 205100 91232 91069 18886 3913 74772 3800 44778 25757 130213 1171 -31255 85461 2173666 1480451 48270 10903 40251 73862 5318 183677 47989 106847 24741 4100 60902 10155 74673 113614 3910 8500 4833 32294 -6454 4273 24234 -380550
"199102" 1790192 1045705 160029 7675 51823 1289 189510 87699 80181 17974 3656 68823 3900 49697 27727 128430 1777 -26878 80685 2152589 1460933 49876 11616 46621 80582 5044 152771 49306 72762 26766 3937 53535 13612 76820 121673 4763 8400 6569 31129 -1792 4293 26144 -362397
"199103" 1815090 1103160 162377 6705 29875 1560 190859 79526 89815 18179 3339 68521 4800 47099 31464 132384 1745 -28879 63420 2205989 1458341 49606 10404 79118 89781 5136 171971 50505 96044 21660 3762 43668 15453 82669 120011 5032 8300 5761 32173 1710 3775 23080 -390899
"199104" 1877130 1108621 163475 6959 53624 1187 210070 85827 102933 18206 3104 64295 4500 45748 31843 140124 2851 -29888 73721 2276325 1465485 50962 15324 80712 133020 5572 176862 49429 101520 22244 3669 44334 12760 82759 114798 4621 8157 7727 39208 6010 5411 22603 -399195
"199201" 2110178 1322517 166934 6669 60994 745 201040 88244 90267 18936 3593 60074 4000 48338 40256 150490 247 -27789 75663 2343929 1570595 51964 10128 88089 108606 5093 204542 49188 117130 34575 3649 37174 16925 80270 102530 4738 513 7745 31073 -1436 6400 18980 -233751
"199202" 2069667 1297941 170393 6924 48648 -131 213238 90300 99494 19662 3782 55408 4400 47722 36638 139991 1147 -30863 78211 2295583 1493112 53092 11262 96210 111388 5154 216554 46406 135550 31232 3366 39904 16658 79896 106046 4741 2525 10327 32356 -5209 6028 15539 -225916
"199203" 2078244 1305747 172602 6631 37368 -40 240618 91780 121285 23660 3893 54238 4989 47503 40129 143982 1041 -39898 63334 2287100 1478738 55344 7750 97334 101555 7047 223248 47638 141798 30685 3127 36926 17601 79676 104595 4037 2471 11256 33069 -3522 6433 23542 -208856
"199204" 2079524 1301870 177312 6884 42836 367 229743 78813 124794 21954 4182 52258 4554 47390 45391 150639 2424 -41273 59129 2339214 1534407 56971 9978 94599 113405 7351 218391 44584 143777 27038 2992 38825 16466 79576 101936 4544 3007 12705 26901 -4440 3134 21458 -259690
"199301" 2109903 1391316 178576 6791 9151 817 254921 90997 138447 21010 4467 48797 4755 49598 34613 142645 646 -41164 28441 2416210 1601773 59779 1965 93591 101007 7690 239702 43410 159738 33705 2849 29391 18657 80682 101849 4637 3638 15042 29477 1914 2248 23168 -306307
"199302" 2121739 1424961 179840 6788 -35796 535 263055 94796 141715 21735 4809 51219 4976 50166 44298 154574 1500 -44430 20053 2441879 1619115 62711 -1761 91949 115467 9204 237754 41705 162814 30431 2804 30783 18611 84218 97156 4725 1641 17852 28763 -4763 3277 25177 -320140
"199303" 2133886 1456199 181105 6548 -73449 1817 269743 92877 149052 22637 5177 51842 5192 50157 43174 151124 1619 -40527 29342 2459833 1639962 66269 -13397 86970 111352 8348 250801 41857 176119 30123 2702 27748 19673 82377 90917 4302 1581 21281 33867 -289 4437 23634 -325947
"199304" 2282651 1463124 182369 6800 91211 944 279001 96730 157082 19619 5570 46765 5066 49451 45856 150287 2337 -49149 8589 2585607 1762690 70202 -26715 89343 140704 9564 246581 38144 178350 27535 2552 28643 18129 77171 89338 4109 3334 23687 32538 -15484 4580 27193 -302956
"199401" 2298564 1446045 183569 6503 94213 1082 328056 148651 152522 21343 5540 47159 5042 49691 34996 147150 4325 -54711 5444 2627137 1733363 75196 -20592 87337 145642 8572 293963 78704 182729 29737 2793 29358 19712 89143 86271 3822 3213 28188 30753 -22181 6134 29243 -328573
"199402" 2263703 1442627 188520 6555 64971 2331 352119 158882 167749 19749 5739 47704 5401 49917 30792 139348 4110 -48003 -22689 2666260 1725179 79065 -4914 91874 147366 8865 324879 89639 197236 35085 2919 31505 19462 81422 90063 4074 2572 28098 28368 -25115 5448 28049 -402557
"199403" 2257832 1419409 193471 6640 57090 2131 372684 175934 171455 19249 6046 47762 5884 49319 30853 139131 4800 -53641 -17701 2674556 1744316 83559 13169 89173 124804 8736 318914 80926 202567 32508 2913 28211 14365 88453 92030 4631 4652 26675 26384 -28846 5644 29686 -416724
"199404" 2328544 1425618 198422 6802 92750 1559 383694 166987 187287 22015 7405 45233 6443 52116 26856 150511 5284 -60573 -6171 2852492 1834914 87178 28368 91052 159492 9833 337261 82768 216874 35187 2432 28387 14682 83465 88953 4587 5871 27782 27293 -12970 6376 29968 -523948
"199501" 2304394 1397891 201823 6590 78845 2988 415365 177498 207365 23243 7259 44672 4921 57404 23871 155647 5330 -74934 -16019 2911356 1891865 95347 26945 87075 132738 8624 357153 98098 220166 36863 2026 28135 15099 88124 90419 4227 5644 27736 27502 -11470 6396 29797 -606962
"199502" 2278514 1380271 205224 6753 88616 3355 377342 136519 209592 22932 8299 41585 4654 60286 26067 161815 5950 -78773 -4631 2956056 1918731 103641 68621 85485 110256 9427 337080 84609 213922 36159 2390 27949 14482 90117 91985 4581 7333 30674 29030 -11900 7195 31369 -677542
"199503" 2265755 1391673 208625 6618 46631 2865 389274 144879 212343 23780 8272 41850 4631 59302 28861 160200 6302 -81470 393 3062313 1995668 112559 85145 86283 91998 9299 340178 79330 217956 40370 2522 27552 13759 90704 93583 4834 8021 34459 39114 -12056 7578 33635 -796558
"199504" 2391074 1415115 212026 6661 121067 2637 425165 165141 225118 24581 10325 40992 4526 57033 27619 160428 6677 -72032 -16840 3315668 2090385 121853 89477 87225 219756 10737 345831 78905 223106 39796 4024 26378 13783 95613 95269 4801 6335 39430 26883 -4569 7327 39154 -924594
"199601" 2379974 1438440 219384 6600 92875 2489 411507 154962 220019 26338 10188 40729 4648 57500 30146 163737 7051 -90734 -4398 3386506 2202590 130163 65816 84913 188544 9812 344984 77870 222487 40796 3831 24551 16428 94488 99479 5156 5054 45125 30171 -6494 7077 38649 -1006532
"199602" 2328018 1408264 226742 7326 79267 2546 420188 161196 225623 23467 9902 39868 4804 58108 26895 151516 7573 -100457 -4622 3433776 2230031 138597 44889 83897 191951 10203 343158 82592 216808 39811 3947 25077 15119 98303 103780 5438 8087 45860 52654 -8832 7054 38510 -1105758
"199603" 2365496 1457275 234100 7174 47289 2799 405084 158491 210991 24868 10734 52825 4830 60188 25969 150729 8199 -91580 615 3513327 2269066 147658 70812 83731 194587 10155 336362 80668 210037 41283 4374 41317 13555 98488 108181 5268 3047 44992 52673 -8507 5173 36769 -1147831
"199604" 2464840 1467428 241458 7269 140223 1973 398481 150772 200513 36310 10886 39090 4558 59517 27966 159116 9174 -93617 2204 3689857 2341778 157092 95274 78826 265565 11201 337871 78677 203333 51063 4798 25319 13556 101346 115096 5519 4681 43817 60102 -4959 5607 32166 -1225017
"199701" 2484152 1441577 256707 6553 162912 1994 425668 171734 195864 44976 13094 31466 4701 58161 36998 144520 10569 -109244 11570 3712601 2323799 169321 121792 75423 275055 10558 332255 89896 196600 40814 4945 18755 13069 105948 115718 4936 5354 48312 52769 1752 6466 31319 -1228449
"199702" 2243413 1376248 270706 6699 13808 3135 433798 150575 220064 48983 14176 34477 4952 68082 32668 131495 12138 -114254 -30539 3701608 2338474 182925 135849 73244 175097 12783 346204 82786 213506 44601 5311 21311 15979 113040 118822 5173 7013 50837 56689 6227 7614 34327 -1458195
"199703" 2284164 1360735 284705 4192 12585 2173 437921 159813 211179 51737 15192 31253 4810 72659 35287 154470 14312 -113691 -17247 3796086 2403805 197154 163573 72098 133216 12316 358651 81703 226746 44904 5298 18702 15483 121429 120315 5331 7950 59881 57643 -1603 10019 40123 -1511922
"199704" 2429860 1251883 297455 6635 142304 3224 492236 184806 233922 57931 15577 32976 4626 93668 35115 153377 18020 -128347 26688 4184239 2477920 213009 170891 73831 358740 13217 380722 87557 242130 44396 6639 21708 17348 121743 124883 5578 11813 58107 67695 2178 10466 54390 -1754379
"199801" 2365023 1249590 322985 6605 14836 2889 463718 169998 211819 65583 16318 34785 5004 106993 44527 127820 22534 -72702 35439 4202291 2531870 240898 208381 74784 224205 13426 366169 87523 223439 48509 6698 21397 21261 134303 126638 5765 8046 73125 65634 -19502 17088 88803 -1837268
"199802" 2416174 1292050 344765 6573 65268 2737 461865 171146 205894 67701 17124 30665 5543 108449 42299 122887 26298 -126138 32913 4336335 2638162 273237 197373 75812 247643 14629 366726 97804 210800 51092 7030 22481 17748 136527 128480 5916 4950 61330 67938 -22046 19696 79733 -1920161
"199803" 2651668 1287074 365295 6700 238097 1877 533269 205734 242436 67515 17584 31712 5381 111422 42673 122720 29305 -137682 13825 4581731 2625097 306201 211028 77214 366884 15388 436679 111076 269165 48842 7596 25029 19553 145884 130026 5803 6604 67726 65794 -34723 21148 90396 -1930062
"199804" 2874194 1562186 389575 6700 167735 3293 508698 192150 220563 74125 21860 25706 5173 102318 45203 149560 31630 -160843 37261 5137604 3226940 334865 174044 79503 358822 16139 425103 114325 244532 56516 9730 25453 24033 141535 129722 5812 7662 65671 67597 -54882 21194 88391 -2263410
"199901" 2888281 1640717 405492 6697 127491 1673 472227 164391 210859 74423 22554 22549 4991 113381 40603 167254 33421 -233745 85530 5258820 3386041 360215 174886 80206 310453 15636 412810 105395 240824 56868 9723 26713 26138 138099 134237 6258 13362 65258 70415 -50048 21541 66600 -2370539
"199902" 2909997 1648937 426409 6657 109829 2700 464231 168114 196345 75939 23833 22112 4952 113920 40810 168796 32114 -239817 108347 5425667 3567841 377066 172428 81484 271150 16406 417948 99151 247400 61263 10134 29543 22589 133753 139559 6524 5387 70606 69599 -51418 20406 74796 -2515670
"199903" 2898440 1683533 444825 6701 92719 3328 423333 150510 171796 75457 25570 20030 5058 123124 37137 154789 35337 -219713 88239 5607857 3613927 397416 168647 82236 368634 16370 429256 117946 225758 75237 10315 29591 19365 141442 144567 6570 5011 72392 73469 -56440 19980 75424 -2709417
"199904" 3338692 1833043 463242 6550 256965 1886 448620 179255 157204 88107 24054 11634 6034 111636 41470 161321 36159 -191201 151333 6130214 3946206 416266 165581 82552 511640 16798 431543 120098 217369 85368 8708 28420 7437 129927 149546 7114 4150 90567 72549 -3310 19851 53377 -2791522
"200001" 3253928 1878982 485552 6629 209570 3198 283775 29950 150165 78912 24748 8152 5368 115949 46975 220602 35796 -177644 131024 6532593 4103430 438109 167159 84365 580396 16494 584481 322569 173972 79570 8370 30587 10682 135012 148105 6977 2924 48077 75758 26391 20326 53320 -3278665
"200002" 3401102 1936888 504362 6514 289877 2700 244186 3077 133730 82067 25312 10833 6141 115060 45434 234597 37275 -182400 149635 6755978 4236855 463177 160875 84858 628831 16564 588789 309699 183538 86775 8777 36345 13283 137329 147830 7232 2629 57708 79187 24079 20238 50169 -3354876
"200003" 3777663 2073386 527023 6554 430885 2642 318161 36437 153359 101417 26948 13791 7464 104970 42358 250786 37700 -180003 141946 7086297 4422004 484419 156863 85154 679663 18328 631222 319234 204355 98420 9213 34004 9857 150795 147102 7469 3518 65401 80861 27859 20857 60921 -3308634
"200004" 3694076 2106141 549183 6390 283989 2327 317342 51042 137161 104383 24756 20838 5607 111326 46130 269703 38001 -210589 147689 7841647 5127441 506237 143080 85668 679509 19277 642813 337383 192556 106276 6598 34805 12263 157776 146167 8216 3507 68329 63374 35502 21748 85935 -4147571
"200101" 3993343 2142011 562973 6478 533686 1677 315123 60923 114696 114998 24506 18252 3459 104401 65692 293575 37914 -263087 171189 8338705 5166523 534204 138742 86205 1156876 19254 661449 398117 151275 104986 7071 38732 12001 184578 113369 9350 1304 53009 62923 38476 21983 39727 -4345361
"200102" 4045479 2123636 576763 6357 541565 887 335740 46883 130768 134646 23443 29110 6047 101022 65795 294928 37790 -160893 86732 8459303 5219354 566020 138093 86547 1095119 20168 680659 388822 178572 105478 7787 42409 16480 180497 110733 9394 1029 59962 63688 26035 22807 120309 -4413824
"200103" 4385376 2097307 590553 6392 797450 705 438340 119499 154086 140264 24491 35056 5468 113751 82014 298318 37515 -179846 62352 8657492 5153402 594187 132667 86431 1252726 20444 778888 475301 184337 111068 8182 44104 27090 179683 104851 10211 1038 59593 71510 34054 22702 83911 -4272117
"200104" 3980968 2151154 604343 6217 254562 -342 307795 -13060 141020 150839 28996 33901 3768 124310 85437 302107 38049 -71190 140857 8389863 5208721 633503 124444 86032 844437 20305 748096 417407 206022 112191 12477 41587 17427 180116 102649 10000 911 65068 68910 55563 22385 159709 -4408895
"200201" 3911567 2151766 609023 6304 278454 280 295239 -1753 114992 152259 29741 24998 5170 145580 80009 315036 38539 -123287 84455 8386514 5169664 642418 121442 85526 893762 21173 717447 385691 203135 115145 13476 49062 28818 192652 103955 8893 1272 57740 68694 51944 22751 149301 -4474947
"200202" 4138621 2159554 613703 6176 394279 176 398310 59547 129930 180084 28749 23556 4770 147472 88505 320262 38984 -115257 58131 8589956 5097783 651599 110825 85787 1109268 21006 785600 443098 208566 119887 14050 51989 18761 194442 107636 9921 1310 66657 74141 54007 23529 125695 -4451335
"200203" 4537062 2127762 618384 6203 671353 1124 427692 78420 140373 178594 30305 41583 5585 169389 106008 342491 40234 -87593 66847 8857084 5045597 660779 101778 86797 1332275 20094 849014 492295 211451 131484 13784 52706 22882 193992 108306 10338 1164 68741 85291 61384 23636 132310 -4320022
"200204" 4285770 2211449 623064 6028 380352 -246 430583 50223 161177 190897 28286 48447 5694 138210 121738 345177 40813 -150268 84729 8623792 5194389 669960 91289 87554 1049115 19616 845959 493926 206075 139520 6439 59656 29240 173653 103203 10444 949 56460 90867 68650 25019 47769 -4338022
"200301" 4218184 2207601 628911 6106 395882 -793 410707 70455 109981 200442 29829 41839 6301 172864 111933 333979 39590 -157506 20770 8581580 5069037 681048 82746 86598 1109623 19309 827306 497941 175764 145702 7899 56447 22106 201540 107108 10652 1676 60072 92224 77350 24703 52035 -4363396
"200302" 3984185 2160767 634758 5977 111156 -109 439811 81183 103048 224492 31088 54095 6803 189096 113277 357037 40338 -141934 13113 8407605 5025828 692684 85871 87484 903333 18852 865434 542646 168936 147062 6790 61196 23499 199245 106975 10316 1751 52313 101080 89573 25196 56975 -4423420
"200303" 3954300 2144019 640605 6000 2447 -94 469418 90299 112403 232650 34066 67557 6772 182639 102883 423956 40192 -145925 13831 8356588 4962752 703588 82132 87519 865389 18510 884941 560049 168744 149886 6262 76587 22521 196815 102619 10762 3146 58596 105571 101508 26511 47121 -4402288
"200304" 3895590 2061783 646452 5823 186225 -550 427225 45660 108507 241354 31704 12554 7427 160062 88755 432891 42305 -143862 -31500 8497772 5106657 715714 72964 87919 888413 18231 875880 533385 176281 161946 4268 61147 24922 188846 100541 11326 1958 56213 109362 104883 29269 43527 -4602182
"200401" 3965094 2098026 663644 5895 199074 74 421231 47535 90188 248956 34552 11960 7995 195827 102680 444181 43998 -152722 -76769 8588040 5083233 773244 65544 88324 977866 18117 844053 498791 159275 181369 4618 49389 22760 219052 100441 11706 5414 56010 104287 94512 32149 41939 -4622946
"200402" 3999630 2136723 680836 5759 290985 145 364940 3308 66893 257864 36875 14357 9376 183070 79275 432298 42444 -108251 -132327 8629020 5131203 830866 70535 88675 915771 17857 835830 507633 142942 181399 3856 58127 25328 213582 106231 12017 4176 51509 102724 80604 34210 49775 -4629390
"200403" 4039539 2142029 698028 5780 316995 2548 314895 -531 6971 268423 40032 18759 9245 188147 90452 429314 45151 -117785 -104019 8854718 5160614 888358 71759 89073 1020147 17707 862304 570765 92076 193101 6362 59249 24930 213965 103536 13951 5149 47797 109394 80714 36591 49480 -4815179
"200404" 4244756 2138448 715220 5598 548406 609 279359 46449 -81190 271620 42480 14264 9326 169321 80480 440131 50428 -102645 -104189 9310244 5315856 947144 64575 89301 1242834 18575 813494 557469 56440 194368 5217 130866 22841 210381 104142 15948 7013 53264 113852 79790 40350 40018 -5065488
"200501" 4187498 2233163 750894 5598 467584 672 309888 34383 -40538 273212 42831 14887 8742 191885 89838 400675 46902 -180086 -153144 9343816 5233794 1010333 54218 88673 1335659 17551 843677 576017 62299 199850 5511 52194 26835 236291 102524 6452 8265 45474 135198 71544 43234 31900 -5156318
"200502" 4272567 2316902 786569 5533 508518 999 313752 8771 -24632 287587 42026 19194 12056 194515 88785 407241 49784 -183037 -248244 9549127 5338575 1073632 49155 89217 1353941 17898 857556 568413 74767 209248 5128 51428 28647 234838 100130 13387 8039 47128 124607 71065 46009 43875 -5276560
"200503" 3919138 2322536 822243 5550 202368 1673 225697 -28905 4948 207822 41832 27549 14181 194226 86274 438502 51691 -173698 -299654 9641752 5447575 1135173 53298 89985 1333315 17324 876532 576037 85070 210072 5353 52264 27477 235108 97669 11976 9832 51960 75986 18881 48234 59163 -5722615
"200504" 4368911 2275299 857917 5360 772586 1756 172595 -30374 -55148 215958 42159 37824 11944 166880 75924 351784 54685 -188874 -226769 9697418 5541528 1198369 30008 89943 1271538 18143 804111 563944 24267 210595 5305 70220 22391 224307 97023 15372 10707 43256 117830 28976 51926 61770 -5328507
"200601" 4142005 2238640 894069 5426 544204 2477 156669 -4886 -99316 219312 41559 47508 9903 180339 85253 346353 52137 -156035 -264938 9842313 5614291 1292811 24871 90070 1211126 17484 848763 609789 12802 220050 6122 57101 18410 230113 94177 13228 14392 43672 109431 22395 50816 89162 -5700308
"200602" 4064904 2215616 930221 5283 553774 2595 167569 -27926 -71983 225738 41740 52198 9792 187506 97412 328264 54950 -138924 -401352 10218651 5769332 1386811 20005 90024 1311396 17659 860773 624101 -4376 232588 8460 61687 17877 234401 91986 14554 13548 45349 114048 6909 54289 108003 -6153747
"200603" 4015995 2228857 966373 5296 484052 3293 92622 -18212 -162925 234783 38976 86271 12604 197530 83820 332614 58189 -111872 -423654 10470915 5872815 1480816 9372 90665 1342446 17785 841792 663378 -62921 235208 6127 64559 22036 253907 93001 16022 15449 58285 122828 -4617 54923 118831 -6454920
"200604" 4585936 2162745 1002525 5095 1157055 3194 80587 -67845 -177898 288584 37746 55470 9215 196252 87570 326024 62435 -123805 -438425 11158850 6037593 1575613 -464 90989 1823663 17026 799589 667081 -119629 246193 5944 74729 22987 264023 101791 16342 13959 59167 114651 -25569 59740 113021 -6572913
"200701" 4504791 2218194 1025997 5163 1079330 3538 -2202 -89128 -226731 276824 36833 63142 10451 205448 82292 293333 57880 -22736 -515039 11572963 6220019 1656940 6287 91270 2003708 16772 704806 602895 -165167 260698 6380 82665 21123 254692 97804 16975 16374 78739 123531 -25869 54795 152332 -7068173
"200702" 4542073 2208269 1049469 5011 881742 3170 104596 -32154 -188159 288399 36510 68767 8303 194919 91003 284895 56761 73828 -488660 12047313 6374388 1738243 77936 91030 2017553 17388 755749 603078 -126673 270678 8666 87910 26159 260968 91464 17103 16783 76442 140335 -37072 57461 237473 -7505240
"200703" 4441104 2214057 1072940 5015 616198 3379 169698 -65479 -100386 300952 34611 60826 3527 211882 92233 292690 60954 -16989 -345307 12349185 6509169 1819643 19246 91689 2027532 16715 917269 683908 -58288 283078 8571 88338 27433 273789 83973 16533 17779 88744 135466 -40001 56887 198981 -7908081
"200704" 5220442 2162126 1096412 4861 1257255 2521 205253 -94690 -48660 322436 26167 77119 3600 218058 94282 270265 65787 -49422 -187675 12449438 6574318 1902002 -6361 91370 2133950 16474 874500 689386 -104881 277934 12061 75726 33378 296663 88572 15704 16771 90937 141695 -159737 55381 208095 -7228997
"200801" 5953171 2099703 1121361 4562 1778947 1462 342884 -41305 34008 323371 26810 65487 7600 243180 108443 264263 65335 -77099 -72957 12854303 6306573 1949083 3636 92065 2592762 16260 1110562 796910 4864 296036 12752 67490 36006 319501 79445 15836 20099 69742 126481 -160292 57228 151826 -6901132
"200802" 5966430 2048259 1138563 4484 1734598 1481 354740 -101294 80680 348043 27311 57416 3200 240736 102088 264017 63684 -125251 78415 12494287 6088165 1980233 3699 89990 2436784 15202 1174017 748247 48134 364118 13518 64842 37826 302639 76456 15842 17310 56896 125614 -165099 59720 114151 -6527857
"200803" 7300695 1989531 1159973 4404 2798275 1889 408213 -162504 197851 349302 23564 30836 1900 178533 120751 262092 65638 -77321 355981 12671831 5923838 2013821 8237 68258 2711398 14973 1316990 888002 100729 315418 12841 43884 38517 270895 65530 15628 18933 45116 105814 -170962 61300 119661 -5371137
"200804" 6770167 2167667 1170387 4322 1255404 2068 931049 13634 480247 415463 21705 40678 4700 231529 140972 294047 62113 -239582 704813 11869133 5925584 2026123 3493 61997 1632775 16079 1634093 990724 259833 372462 11074 56556 41480 340685 61019 15701 19981 47872 95032 -196248 54676 32235 -5098966
"200901" 6761870 2160781 1168969 4241 1662801 1937 1007247 10779 457256 517379 21833 50650 20700 205868 172553 300007 50066 -906118 862168 12149699 5838054 1996068 -3307 64692 1960187 22595 1662966 909151 221115 522691 10009 63935 57698 350287 55931 15550 16042 51372 95479 -181277 57553 25874 -5387829
"200902" 5894180 2169616 1164919 4156 1013529 8765 882006 -24733 363370 522531 20838 24155 20800 186931 173787 283596 51111 -865647 776456 11673910 5759728 1949107 13293 58718 1648435 48439 1580505 870551 191331 509560 9063 46127 57043 317898 62742 15640 17259 53425 107768 -171240 57130 51894 -5779730
"200903" 5409491 2218809 1161442 4069 496221 6782 855975 13022 275406 540798 26749 17573 20800 194779 193856 263860 45279 -789139 719185 11278807 5731596 1892256 28261 47312 1386349 57212 1508115 841119 159659 499327 8010 42447 52586 328091 68220 16078 19000 51899 79405 -174598 60604 83974 -5869316
"200904" 6409125 2256908 1159753 3980 1615842 3560 657130 -4363 118626 517871 24996 -386 19400 184366 202762 234341 39311 -722076 754234 11609382 5834380 1839156 23163 94326 1686767 65586 1422142 801604 139473 474536 6529 44046 48254 323170 69999 16249 14876 59143 66849 -181800 60710 122365 -5200257
"201001" 6249602 2141721 1164490 3891 1647929 2487 707125 16718 131666 536537 22204 -745 11400 171249 200713 233241 49078 -750634 667657 11327800 5779504 1789814 52695 94012 1626953 68243 1373708 778869 130762 456615 7462 38613 41104 302548 65682 16337 8286 55792 12891 -198938 66918 133637 -5078198
"201002" 7052764 2175493 1155797 3799 2170257 6141 909038 78876 265559 538487 26116 -2684 12000 208184 173993 235077 47946 -779695 737418 11883687 5786615 1742947 74700 74816 2060301 67314 1514224 806710 226033 468204 13277 40421 38440 346091 59576 16511 2833 58760 5150 -196119 76481 114626 -4830923
"201003" 6193841 2129470 1148443 3704 1320141 5120 1045672 141385 332167 550557 21563 -2939 13500 184813 146213 237159 41958 -784308 704895 11684550 5793605 1710205 90954 80309 1915117 67134 1450630 772840 191700 473999 12091 39160 37205 327872 60386 17061 2823 60870 39912 -203176 75071 119411 -5490709
