"DATES" "FL384104005.Q" "FL384104005.Q" "FL103169100.Q" "FL313161505.Q" "FL313161705.Q" "FL253162005.Q" "FL103163003.Q" "FL193168005.Q" "FL383169005.Q" "FL383165005.Q" "FL193165105.Q" "FL383165405.Q" "FL193165505.Q" "FL893065603.Q" "FL153166000.Q" "FL384104005.Q" "FL154104005.Q" "FL144104005.Q" "FL104104005.Q" "FL114104005.Q" "FL134104005.Q" "FL214104005.Q" "FL314104005.Q" "FL264104005.Q" "FL263169105.Q" "FL263163003.Q" "FL263168005.Q" "FL263169005.Q" "FL394104005.Q"
"195201" 428170 428170 328 214441 208 25016 40873 26898 11360 84449 53102 10820 13713 6814 24597 428170 82425 105309 79610 14511 11189 25787 214649 14879 0 3438 840 10601 443049
"195202" 436397 436397 304 214041 53 27480 42343 26787 11694 86817 54832 11037 13927 7021 26878 436397 86525 107455 80594 14953 11907 28324 214094 15044 0 3487 846 10711 451441
"195203" 446201 446201 346 216889 401 28695 43470 27176 12018 89241 56671 11275 14161 7134 27965 446201 89475 109761 82339 15552 11870 29675 217290 15119 0 3404 855 10860 461320
"195204" 458681 458681 331 220792 626 29657 44497 28161 12548 91547 58433 11481 14397 7236 30522 458681 93875 112593 84907 16077 11609 30795 221418 15140 0 3426 855 10859 473821
"195301" 460719 460719 370 217712 728 31221 45257 28150 12714 93666 60023 11587 14660 7396 30901 460719 95976 114169 86305 16076 11788 32134 218440 15309 0 3477 811 11021 476028
"195302" 467472 467472 297 217839 283 32379 46270 28116 13081 96535 62243 11766 14939 7587 32672 467472 100229 115903 87172 16478 12253 33218 218122 15483 0 3352 705 11426 482955
"195303" 479573 479573 347 224281 425 33795 46800 28347 13189 99035 64222 11934 15212 7667 33354 479573 102867 117363 88098 16893 12372 34637 224706 15892 0 3307 610 11975 495465
"195304" 487975 487975 402 226185 2253 35012 48012 27167 12958 101372 65950 12121 15564 7737 34614 487975 106083 117668 89057 17102 11509 35786 228438 16268 0 3314 727 12227 504243
"195401" 486569 486569 525 221621 2911 36516 48789 26968 13162 103333 67363 12174 15880 7916 32744 486569 105807 119045 89969 17066 12010 37186 224532 16400 0 3485 721 12194 502969
"195402" 491921 491921 484 221460 2002 37866 49724 26493 12955 106931 70179 12312 16324 8116 34006 491921 109988 120128 89931 17649 12548 38343 223462 16265 0 3422 701 12142 508186
"195403" 499792 499792 584 224748 537 39376 50999 26684 12920 109702 72281 12452 16782 8187 34242 499792 112571 122107 90922 18329 12856 39829 225285 16268 0 3324 911 12033 516060
"195404" 513190 513190 531 228498 2338 40663 51547 26866 13260 113524 75300 12665 17313 8246 35963 513190 117401 123851 92648 18922 12281 41102 230836 16554 0 3264 1196 12094 529744
"195501" 515094 515094 500 224138 2595 42155 52055 27413 13337 117199 78180 12782 17765 8472 35702 515094 120337 125422 93510 19190 12723 42602 226733 16386 0 3170 1144 12072 531480
"195502" 524521 524521 380 223181 1550 43267 52779 29344 13668 121597 81638 12989 18263 8707 38755 524521 127160 128925 95273 20018 13634 43705 224731 16452 0 3112 1203 12137 540973
"195503" 535584 535584 371 225369 908 44668 53253 30964 13671 125837 84973 13179 18819 8866 40543 535584 132660 131539 96687 20943 13909 45109 226277 16448 0 3072 1264 12112 552032
"195504" 550481 550481 362 228418 1611 45697 54564 33051 14064 129765 87878 13490 19375 9022 42949 550481 137951 136353 101175 21455 13723 46148 230029 16579 0 3071 1413 12095 567060
"195601" 552131 552131 362 224121 1617 46932 54986 34169 14497 133196 90294 13657 19954 9291 42251 552131 139723 139280 103458 21813 14009 47390 225738 16709 0 3161 1409 12139 568840
"195602" 556315 556315 289 218822 1151 47853 55946 36100 14616 137257 93259 13827 20582 9589 44281 556315 144919 143110 105804 22519 14787 48313 219973 16986 0 3242 1477 12267 573301
"195603" 564247 564247 401 219714 917 49038 57013 36630 14515 141041 96111 13972 21199 9759 44978 564247 148293 145790 107478 23228 15084 49533 220631 17091 0 3316 1547 12228 581338
"195604" 576457 576457 378 222772 1356 49862 58040 38065 15016 144388 98686 14064 21803 9835 46580 576457 152872 149076 110762 23734 14581 50381 224128 17446 0 3381 1789 12276 593903
"195701" 580084 580084 353 221089 1378 50925 59510 38515 15842 147230 100791 14085 22321 10033 45242 580084 154097 152019 113384 23686 14949 51501 222467 17783 0 3598 1788 12397 597867
"195702" 583358 583358 320 215197 926 51836 60975 40621 16072 150188 102981 14182 22794 10231 47223 583358 158837 155984 116252 24216 15516 52414 216123 17976 0 3724 1860 12392 601334
"195703" 594086 594086 364 219321 704 53192 62488 40082 16419 153545 105340 14379 23478 10348 47971 594086 161992 158185 117697 24855 15633 53836 220073 18091 0 3755 1952 12384 612177
"195704" 603504 603504 422 220119 1679 54369 64072 40119 16923 156584 107317 14611 24259 10397 49217 603504 165307 161264 120450 25176 15638 55039 221894 18763 0 3816 2106 12841 622267
"195801" 604978 604978 716 218406 2275 55829 65937 37977 17784 159279 108918 15025 24812 10524 46775 604978 164246 163279 122016 25336 15926 56550 220903 19169 0 4087 2150 12932 624147
"195802" 613676 613676 791 221544 1222 56972 67017 37840 17734 162852 111085 15517 25496 10754 47704 613676 167313 165520 122836 25900 16784 57730 223113 19728 0 4427 2368 12933 633404
"195803" 621234 621234 795 221940 1291 58513 68463 37701 17430 167161 113980 16020 26204 10957 47940 621234 170567 167667 123881 26775 17011 59330 223670 20183 0 4515 2546 13122 641417
"195804" 640225 640225 658 228964 1598 59819 69715 39946 18015 172020 117124 16565 27222 11109 49490 640225 176137 172325 127642 27681 17002 60669 231094 20765 0 4734 2647 13384 660990
"195901" 645875 645875 652 228750 1314 61397 70307 39345 18987 176132 119882 17132 27761 11357 48991 645875 178367 174591 128412 28547 17632 62272 230645 20835 0 4903 2546 13386 666710
"195902" 659822 659822 458 229246 1026 62655 71169 42227 19895 181268 123292 17679 28553 11744 51878 659822 185237 180088 131474 29902 18713 63593 230904 21142 0 4968 2609 13565 680964
"195903" 674489 674489 527 233199 939 64594 71737 43308 19871 186396 126953 18212 29283 11948 53918 674489 191315 182722 132485 31133 19104 65575 234877 21370 0 5098 2681 13591 695859
"195904" 689904 689904 315 236220 949 65661 72794 44992 20687 191073 130044 18700 30228 12101 57213 689904 198076 187116 136251 31931 18934 66696 238016 21436 0 5207 2861 13368 711340
"196001" 692232 692232 427 232352 978 67248 73216 45158 22201 194895 132526 19199 30899 12271 55757 692232 199365 190269 138190 32750 19329 68321 234277 21783 0 5486 2741 13556 714015
"196002" 702268 702268 547 229995 953 68353 74107 47052 23397 199242 135313 19702 31668 12559 58622 702268 205908 194839 140949 33773 20117 69524 231997 22190 0 5611 2700 13879 724458
"196003" 711443 711443 782 231859 392 69924 74889 46655 23302 204050 138529 20293 32531 12697 59590 711443 210343 196525 141447 34864 20214 71174 233401 22556 0 5687 2734 14135 733999
"196004" 724735 724735 769 234042 688 70971 76216 48359 24087 208355 141324 20786 33407 12838 61248 724735 215580 200962 145235 35762 19965 72211 235982 23215 0 5784 3010 14421 747950
"196101" 726425 726425 623 231760 934 72420 76577 48139 24430 212203 143595 21424 34121 13063 59339 726425 216018 202697 145070 37100 20527 73710 234000 23853 0 5869 3017 14967 750278
"196102" 737031 737031 726 232089 656 73250 78530 49142 24936 217105 146552 21943 35173 13437 60597 737031 221416 206857 147399 38141 21317 74653 234105 23854 0 6042 3209 14603 760885
"196103" 750714 750714 1017 237420 436 75018 79237 48844 24920 222740 150128 22790 36085 13737 61082 750714 225576 209406 148007 39645 21754 76459 239273 24548 0 6109 3260 15179 775262
"196104" 768436 768436 1094 240701 995 76349 80611 50611 25722 228918 153976 23622 37403 13917 63435 768436 232266 215185 152668 40959 21558 77815 243170 25456 0 6221 3740 15495 793892
"196201" 775063 775063 1131 241030 1294 78037 81437 50448 26397 233251 156437 24218 38374 14222 62038 775063 233808 217789 153438 42063 22288 79588 243878 26358 0 6422 4129 15807 801421
"196202" 789552 789552 1092 240747 1347 79203 82981 52238 27128 239381 160186 24937 39584 14674 65435 789552 241229 223679 156844 43421 23414 80915 243729 26832 0 6737 4144 15951 816384
"196203" 800468 800468 1363 241789 748 80552 83558 53067 27026 245739 164293 25769 40733 14944 66626 800468 246978 226954 158338 44888 23728 82316 244220 26716 0 6831 4099 15786 827184
"196204" 821388 821388 1198 246773 1538 81800 84643 55783 27922 252387 168256 26732 42206 15193 69344 821388 254251 233322 163052 46414 23856 83770 250045 27544 0 7215 4153 16176 848932
"196301" 829002 829002 1214 247224 1739 82976 85579 54890 29053 257392 171301 27382 43148 15561 68935 829002 256795 236478 164290 47504 24684 85007 250722 28298 0 7709 3981 16608 857300
"196302" 844772 844772 987 247048 1489 84724 86695 57287 29729 264596 175751 28202 44492 16151 72217 844772 265487 242186 167119 49045 26023 86776 250323 29582 0 8216 4105 17261 874354
"196303" 855880 855880 1111 247312 936 85899 87225 57264 29758 272013 180611 28994 45835 16573 74362 855880 272586 245203 168083 50602 26518 88053 250038 29889 0 8287 4268 17334 885769
"196304" 877027 877027 968 250685 1367 87040 88414 60828 30651 279204 185054 30024 47304 16822 77870 877027 281156 252780 173742 52632 26406 89243 253848 30795 0 8208 4785 17802 907822
"196401" 885612 885612 948 250961 1236 88177 89091 60130 32203 284825 188724 30936 47831 17334 78041 885612 285171 256076 175095 53563 27417 90376 253990 31549 0 8097 5148 18304 917161
"196402" 902452 902452 889 249477 1364 89948 90362 63074 33376 292150 193315 32095 48672 18068 81812 902452 294495 263107 179194 55004 28909 92222 252628 32462 0 8249 5374 18839 934914
"196403" 918197 918197 1081 252366 1177 91760 91058 63256 33637 299720 198023 33313 49848 18536 84142 918197 301450 267267 181254 56694 29318 94132 255348 33199 0 8205 5766 19228 951396
"196404" 940874 940874 1125 255852 2222 93160 92408 67474 34300 306981 202282 34578 51179 18942 87352 940874 310302 275048 187535 58504 29009 95624 259900 34997 0 8675 6512 19810 975871
"196501" 952184 952184 847 255616 2308 94661 93342 69327 35759 312679 205839 35384 51982 19474 87645 952184 313866 281360 191659 59563 30138 97184 259774 36416 0 8765 7435 20216 988600
"196502" 969125 969125 727 252438 1966 96858 94941 72897 37096 319959 210278 36300 53197 20184 92243 969125 323235 290097 197157 61340 31601 99513 256280 36633 0 8835 7039 20759 1005758
"196503" 982544 982544 926 251156 2268 98905 96634 73888 37033 327343 214990 37243 54413 20697 94391 982544 330159 295476 200334 63013 32129 101624 255285 36732 0 8977 7036 20719 1019276
"196504" 1008014 1008014 797 257013 2670 100397 97260 79512 38418 334458 219397 38213 55661 21187 97489 1008014 338731 304581 207560 64710 32311 103174 261528 37454 0 9135 7101 21218 1045468
"196601" 1021715 1021715 820 257117 3110 101842 100223 80014 40287 341206 223305 39187 57017 21697 97096 1021715 341823 313170 212691 66859 33620 104665 262057 38074 0 9494 6916 21664 1059789
"196602" 1041025 1041025 861 251276 4629 104141 102790 87179 41573 348371 227179 40075 58796 22321 100205 1041025 350844 325410 221673 68759 34978 107051 257720 38615 0 9629 6887 22099 1079640
"196603" 1053841 1053841 1466 253273 3922 105524 105223 87598 41827 354019 230219 40708 60317 22775 100989 1053841 355023 331092 225732 69796 35564 108731 258995 38716 0 9736 6919 22061 1092557
"196604" 1075508 1075508 1622 259316 4025 106633 107474 90948 43584 358484 232689 41275 61468 23052 103422 1075508 361248 339099 232141 71454 35504 110037 265124 39457 0 9870 7051 22536 1114965
"196701" 1085684 1085684 2677 260390 5489 107874 110617 90396 45083 361810 234169 41968 62233 23440 101348 1085684 360273 346474 237600 72238 36637 111288 267649 40883 0 10159 6946 23778 1126567
"196702" 1097624 1097624 3242 250713 7100 110195 114236 95089 45522 367396 237025 42801 63577 23993 104131 1097624 367159 357238 244818 74354 38066 113659 259568 41645 0 10396 6595 24654 1139269
"196703" 1118803 1118803 3264 259277 6919 112319 118745 92729 45353 374653 241435 43748 64924 24546 105544 1118803 372159 362821 248078 76233 38510 115889 267934 42545 0 10785 6728 25032 1161348
"196704" 1151459 1151459 3034 268170 8180 113793 122132 99239 46406 381938 245857 44815 66249 25017 108567 1151459 380428 375589 258089 78685 38815 117372 278070 43340 0 11086 6695 25559 1194799
"196801" 1167104 1167104 3482 273511 8537 115278 124734 97952 48474 387864 249262 45464 67515 25623 107272 1167104 383628 380812 261234 79670 39908 118914 283750 44239 0 11389 6490 26360 1211343
"196802" 1187892 1187892 3400 268923 9458 117323 128262 103838 50061 395223 253560 46216 69060 26387 111404 1187892 394023 392646 269091 82150 41405 121158 280065 44615 0 11449 6417 26749 1232507
"196803" 1212330 1212330 4928 275665 10477 119319 131563 103314 50094 402810 258066 47088 70820 26836 114160 1212330 401100 400221 274359 84225 41637 123197 287812 45310 0 11683 6422 27205 1257640
"196804" 1243347 1243347 4249 277597 11340 122132 135025 111226 51390 411064 262817 48185 72885 27177 119324 1243347 412835 413796 285124 87090 41583 126125 290591 46066 0 12170 6296 27600 1289413
"196901" 1257510 1257510 4880 277439 11552 125803 138462 111543 53354 415593 264740 49078 74128 27647 118884 1257510 413395 423556 291743 89002 42811 129933 290626 46872 0 12487 6182 28203 1304382
"196902" 1275720 1275720 4914 265455 11043 129343 141743 119206 56602 423739 269621 50231 75545 28342 123675 1275720 424615 439449 302416 92621 44412 133548 278108 47931 0 12692 6179 29060 1323651
"196903" 1300154 1300154 5778 271648 9379 132054 144467 120550 58913 431552 274395 51387 77018 28752 125813 1300154 431985 449220 308334 96004 44882 136325 282625 48494 0 13107 5883 29504 1348648
"196904" 1330376 1330376 5356 276827 9036 133518 147000 127990 62051 439367 278575 53034 78763 28995 129231 1330376 442680 462003 317774 99612 44617 138257 287436 49248 0 13198 6029 30021 1379624
"197001" 1339842 1339842 7044 279213 8584 135658 150069 125857 64314 442440 280864 53324 78660 29592 126663 1339842 435952 474182 336701 91505 45976 140356 289353 49865 0 13480 6052 30333 1389707
"197002" 1361209 1361209 6895 273568 8098 138998 155797 131446 66941 450045 284264 54906 80953 29922 129421 1361209 442878 491564 349017 95127 47420 143570 283198 50300 0 13422 5947 30931 1411509
"197003" 1387689 1387689 7361 281041 7999 141582 161157 130055 67378 459692 288246 57496 83709 30241 131424 1387689 449003 501792 354504 99568 47720 146348 290546 50854 0 13818 5989 31047 1438543
"197004" 1420197 1420197 7133 289923 8078 145501 166756 132555 67891 468700 292122 59949 86137 30492 133660 1420197 457086 513295 362101 103606 47588 150317 299499 52054 0 14072 5824 32158 1472251
"197101" 1439043 1439043 8333 292511 7371 149746 172222 128280 70017 476491 296238 62120 87310 30823 134072 1439043 459528 523495 368037 106716 48741 154655 301366 52962 0 14354 5656 32952 1492005
"197102" 1475315 1475315 6856 294438 7136 153986 177621 134771 72184 489411 303099 64849 89677 31786 138912 1475315 472820 540652 377343 112321 50987 158807 303037 53954 0 14622 5754 33578 1529269
"197103" 1511863 1511863 7434 303786 6695 157928 181204 135504 72339 503508 311300 67190 92903 32115 143465 1511863 484509 552463 383772 117193 51498 162965 311926 55415 0 14934 6627 33854 1567278
"197104" 1555228 1555228 6247 315920 7028 161652 185563 140090 72346 517139 318361 69870 96527 32381 149243 1555228 499394 564713 390563 122586 51564 166747 324374 56576 0 15012 7291 34273 1611804
"197201" 1582653 1582653 7538 319902 7114 165807 188338 139301 75025 530781 325700 72439 99546 33096 148847 1582653 504838 578269 399233 126139 52897 171129 328417 58007 0 15495 7726 34786 1640660
"197202" 1618428 1618428 8126 313895 7099 169358 192150 146235 76147 549196 335666 75739 103682 34109 156222 1618428 522722 599119 409795 134163 55162 174210 322377 57958 0 15917 7899 34142 1676386
"197203" 1654697 1654697 7761 318373 7561 172942 195187 146657 76424 568263 347287 78490 107631 34855 161529 1654697 537598 612056 415686 140509 55860 177747 327296 59116 0 15789 9278 34049 1713813
"197204" 1711184 1711184 6968 330119 7927 175818 197750 156044 79227 588574 357319 82497 113398 35361 168757 1711184 555405 635683 429866 149004 56813 180710 339386 61123 0 16042 10389 34692 1772307
"197301" 1758673 1758673 5871 338062 8188 180262 199202 169269 82333 603958 365896 84173 117399 36490 171528 1758673 567949 659113 442967 157050 59097 184043 347568 63001 0 16175 11305 35521 1821674
"197302" 1804323 1804323 6032 331839 7771 183929 202249 180499 85127 626479 377965 87491 123062 37961 180398 1804323 588505 688058 459845 165952 62261 186850 340910 65142 0 16325 12417 36400 1869465
"197303" 1847620 1847620 6335 330286 8213 187988 204906 188041 87626 647530 389833 90659 128086 38952 186695 1847620 607155 709957 476608 169308 64041 190725 339783 64931 0 16546 11689 36696 1912551
"197304" 1895501 1895501 8382 336704 8357 192693 206909 194105 90342 665029 399776 92713 132735 39806 192980 1895501 624890 729502 495610 168482 65410 194779 346330 67419 0 17000 13104 37315 1962920
"197401" 1928492 1928492 9235 339703 8714 197202 210614 199066 93662 679836 407850 94854 136438 40694 190460 1928492 629187 750882 507951 175756 67176 198757 349666 69068 15 17677 14574 36802 1997560
"197402" 1978581 1978581 9967 333787 8685 201835 216000 215709 96645 699176 418787 96717 141354 42318 196777 1978581 649843 782475 527545 184288 70642 202564 343699 75411 1 18150 17873 39387 2053992
"197403" 2024122 2024122 12569 338265 8477 206004 220192 221276 101135 714963 428803 98420 144003 43737 201241 2024122 667468 802163 537087 192514 72562 206553 347938 77207 90 18565 16915 41637 2101329
"197404" 2069945 2069945 12513 348829 8227 207999 226579 230468 106620 726784 435114 99528 147220 44922 201926 2069945 680286 823227 551556 198352 73319 208213 358219 81237 181 19372 17760 43924 2151182
"197501" 2099328 2099328 14009 368846 7934 210167 236009 221425 108931 736095 439891 100065 149354 46785 195912 2099328 679289 832356 555004 201744 75608 209744 377939 83546 255 21480 16528 45283 2182874
"197502" 2146134 2146134 11658 385698 7885 214248 244281 222920 111591 751920 450774 100224 152393 48530 195933 2146134 693044 845720 560965 205149 79606 212670 394700 87409 388 22701 18530 45790 2233543
"197503" 2196637 2196637 11780 409201 7876 216917 247958 219903 113643 768176 462722 100322 156048 49084 201183 2196637 711518 852455 563070 208258 81127 214487 418177 91083 407 23967 20526 46183 2287720
"197504" 2261759 2261759 9616 434918 7874 222956 253783 224397 117220 783999 473944 100195 160007 49853 206996 2261759 734343 864192 571327 210729 82136 219359 443865 96888 559 26540 21619 48170 2358647
"197601" 2309878 2309878 10926 458709 8406 227091 260254 215718 123100 800766 486150 101651 162168 50797 204908 2309878 742450 875248 574053 217243 83952 224015 468166 101108 707 28895 22574 48932 2410986
"197602" 2372868 2372868 11818 467926 8448 236798 265211 221970 125983 821566 500987 103048 165221 52310 213148 2372868 767172 896824 587620 221537 87667 231469 477403 105591 920 30242 24415 50014 2478459
"197603" 2435138 2435138 10889 485779 8733 241084 270908 220666 130485 845906 518728 104316 168941 53921 220688 2435138 791770 912247 595491 225980 90777 235612 495509 108519 1140 32821 23907 50651 2543657
"197604" 2505286 2505286 11049 503744 8329 243876 276614 227011 137244 868458 534962 105235 172849 55412 228961 2505286 818922 935479 612073 231227 92180 237830 513055 115656 1282 34704 28395 51275 2620942
"197701" 2567085 2567085 12083 521624 8175 248344 282016 231609 143860 890219 550224 106489 176126 57380 229155 2567085 834870 962345 628081 238411 95853 239122 530748 115502 1608 35259 25920 52715 2682587
"197702" 2642753 2642753 12914 520678 8097 260914 285712 240396 147664 924330 575786 109123 179083 60338 242048 2642753 871947 994522 647005 245675 101842 246590 529694 118646 1816 36926 26271 53633 2761399
"197703" 2729510 2729510 13175 540610 7599 267803 291816 243553 150691 961310 603145 111231 184568 62366 252953 2729510 909973 1018301 660636 252367 105298 252133 549103 124238 1962 38806 28438 55032 2853748
"197704" 2826570 2826570 12808 560949 7556 273620 299491 250474 159421 997359 627680 113682 192048 63949 264892 2826570 946713 1054318 687089 261290 105939 256165 569374 128630 1847 39329 31449 56005 2955200
"197801" 2905281 2905281 13719 581775 7233 283342 303936 260041 163000 1025264 646034 116331 196950 65949 266971 2905281 967150 1084139 705984 270382 107773 264139 589853 133605 1934 40667 32596 58408 3038886
"197802" 3006021 3006021 14419 584399 7136 298639 310353 272508 168839 1065202 674494 119728 202238 68742 284526 3006021 1013666 1125168 729863 280317 114988 274834 592353 137344 2188 41844 34072 59240 3143365
"197803" 3104540 3104540 14992 599749 6584 311442 315522 276241 173871 1108117 707322 122085 207665 71045 298022 3104540 1059927 1152641 740445 292198 119998 284847 607125 141694 2580 42326 38845 57943 3246234
"197804" 3211224 3211224 15499 614866 6221 324876 320607 286122 183062 1148666 738206 124505 213198 72757 311305 3211224 1105353 1188411 761395 304822 122194 295601 621859 155669 2880 42148 49940 60701 3366893
"197901" 3291509 3291509 17665 625555 5593 334127 324975 294872 190851 1184052 762825 126969 217824 76434 313819 3291509 1134020 1223751 783761 313185 126806 301844 631894 154239 3106 43027 46484 61622 3445748
"197902" 3390789 3390789 20564 621532 5146 344686 330267 308762 203148 1229365 794820 129242 224368 80935 327319 3390789 1179411 1274460 808159 329920 136381 309535 627383 159374 3241 43564 48483 64086 3550163
"197903" 3499228 3499228 23828 634011 5070 355757 334133 320290 207684 1276927 828811 131747 232036 84333 341528 3499228 1228001 1314337 826823 345449 142065 317129 639761 172121 3976 45287 55195 67663 3671349
"197904" 3602957 3602957 24518 652058 4938 364182 337915 330504 219196 1315030 855730 134404 238141 86755 354616 3602957 1276063 1347028 843773 357532 145723 322216 657650 168516 4553 41966 52994 69003 3771473
"198001" 3693492 3693492 31052 669663 4874 370864 343860 339510 228375 1355632 886053 136386 242611 90582 349662 3693492 1304575 1387656 866655 369898 151103 326092 675170 169671 5217 42071 50252 72131 3863163
"198002" 3747966 3747966 36334 676274 4685 380809 355030 331544 235927 1381726 902249 137771 247571 94135 345637 3747966 1323979 1409919 872195 379764 157960 332508 681560 177467 5531 42980 53517 75439 3925433
"198003" 3843321 3843321 32189 704146 4573 390860 362374 341513 237852 1419478 931500 139585 252522 95871 350336 3843321 1357686 1436909 883460 392654 160795 339435 709291 184631 5828 43065 58193 77545 4027952
"198004" 3953526 3953526 28026 730006 4445 399440 365570 365002 247115 1455878 957872 141896 258623 97487 358044 3953526 1395999 1478092 910212 406403 161477 344434 735001 193448 6955 43524 64774 78195 4146974
"198101" 4040405 4040405 31837 764195 4391 408226 371608 362567 260944 1482735 973089 143318 266231 100097 353902 4040405 1408749 1513070 926296 420224 166550 349480 769106 196625 8483 43839 62706 81597 4237030
"198102" 4139520 4139520 37819 762029 4232 418219 379240 379687 275080 1521604 996887 144321 277215 103181 361610 4139520 1445222 1572212 965610 431322 175280 355332 766754 204781 9564 45178 64609 85430 4344301
"198103" 4249350 4249350 44081 780156 4170 431847 383712 396378 283885 1553193 1014541 145406 287637 105609 371928 4249350 1477254 1622678 1001746 441963 178969 364627 784791 210696 10088 46159 67874 86575 4460046
"198104" 4361689 4361689 42722 815934 4104 443653 390331 413545 295985 1577533 1030173 141740 298391 107229 377882 4361689 1507184 1661972 1027333 456848 177791 372054 820479 213961 10829 45675 67801 89656 4575650
"198201" 4450433 4450433 49836 848933 3506 456863 398241 420122 300581 1598814 1041556 142996 305311 108951 373537 4450433 1512839 1704633 1057711 467909 179013 380108 852854 186342 11381 46500 37053 91408 4636775
"198202" 4544943 4544943 51741 858032 3485 474230 403341 441028 308547 1623652 1055015 144039 314316 110282 380887 4544943 1536994 1753414 1087368 480683 185364 392635 861900 189863 13100 46857 35094 94812 4734806
"198203" 4659767 4659767 49726 915442 3443 491353 411321 455186 313123 1633358 1055286 143548 323427 111097 386815 4659767 1546456 1790842 1107213 495458 188171 403231 919238 196845 12936 50110 34319 99480 4856612
"198204" 4783435 4783435 37614 978111 3351 508049 420997 465672 313704 1659219 1070159 145438 332311 111311 396718 4783435 1576437 1811441 1117416 509531 184493 413774 981784 208127 15054 56604 33785 102684 4991562
"198301" 4888279 4888279 41187 1033871 3387 520910 427194 462919 316958 1689943 1087111 146341 344951 111540 391910 4888279 1569816 1859184 1146506 528891 183787 421714 1037565 213093 16787 57191 38212 100903 5101372
"198302" 5038878 5038878 38849 1080727 3344 543310 438317 465308 327635 1737550 1116269 150079 358830 112372 403838 5038878 1616742 1899396 1169155 542103 188138 438394 1084346 216881 18557 58243 38591 101490 5255759
"198303" 5193514 5193514 40547 1127468 3320 559704 442938 469960 334775 1794190 1153394 155101 372587 113108 420612 5193514 1672335 1940134 1192131 558674 189329 449996 1131049 219376 19386 58796 37809 103385 5412890
"198304" 5359243 5359243 36775 1163441 3311 575106 446980 490932 349400 1848420 1186114 160547 388038 113721 444878 5359243 1731996 1999145 1230430 580326 188389 461109 1166993 224139 21540 58569 37408 106622 5583382
"198401" 5516851 5516851 42518 1212520 3274 590092 455202 496298 362458 1902479 1215847 166449 407214 112970 452010 5516851 1758139 2071174 1276014 607656 187504 471540 1215998 227575 24158 58256 36586 108575 5744426
"198402" 5716496 5716496 53463 1243186 3262 610773 463644 513480 379049 1969840 1254143 174202 428156 113339 479799 5716496 1818609 2163251 1333802 638665 190784 488008 1246628 241404 30516 59048 35909 115931 5957900
"198403" 5912368 5912368 60349 1296544 3255 631749 477439 517814 391457 2031922 1288719 179576 450160 113467 501839 5912368 1876931 2230488 1371055 666999 192434 504998 1299951 232548 26707 59458 33640 112743 6144916
"198404" 6146190 6146190 58490 1360810 3244 650603 495058 545389 416964 2089048 1321062 185327 470237 112422 526584 6146190 1943280 2325082 1438310 698825 187947 513634 1364195 232823 27721 62810 30791 111501 6379013
"198501" 6338220 6338220 62972 1403360 3230 675913 513558 550178 427767 2165219 1385120 181995 485382 112722 536023 6338220 2015759 2378510 1465732 727033 185745 537245 1406706 231206 28638 63404 28666 110498 6569426
"198502" 6552007 6552007 68886 1449237 3221 705901 535693 563237 434481 2231759 1427438 188465 504277 111579 559592 6552007 2086959 2448878 1506210 755520 187147 563616 1452554 230114 29838 65475 27439 107362 6782121
"198503" 6758557 6758557 69036 1496064 3215 737592 554766 568809 443427 2299743 1476432 194134 520440 108737 585905 6758557 2177553 2492404 1536358 772840 183205 589238 1499362 233493 31417 66072 29753 106251 6992050
"198504" 7123092 7123092 72207 1586595 3217 859484 578234 589126 458335 2365320 1526188 205079 539963 94090 610574 7123092 2277781 2577496 1617784 798035 161678 677931 1589884 242493 33923 75020 27945 105605 7365585
"198601" 7246090 7246090 69514 1624193 3163 855878 614192 590754 468515 2413082 1556921 212094 552443 91624 606799 7246090 2299276 2639314 1660490 822611 156213 680083 1627417 243418 31895 79038 27046 105439 7489508
"198602" 7476084 7476084 68654 1675490 3165 883232 653462 592070 483510 2488610 1615690 219907 563883 89130 627891 7476084 2367988 2718268 1716285 846898 155085 711122 1678707 246202 36231 78309 28444 103218 7722286
"198603" 7695540 7695540 72779 1732564 3559 898843 681794 589215 492284 2574614 1682917 227887 577201 86609 649888 7695540 2453026 2779239 1760610 867260 151369 727112 1736163 248927 39908 79120 26184 103715 7944467
"198604" 7966260 7966260 62865 1802221 3608 920383 705350 646400 506973 2652105 1729444 238473 600100 84088 666355 7966260 2537309 2870957 1840006 886036 144914 752130 1805865 251862 37407 85724 26915 101816 8218122
"198701" 8089884 8089884 63593 1829312 4594 949044 730491 626452 508132 2733949 1769685 244541 637676 82047 644317 8089884 2542728 2932801 1885581 908028 139192 780422 1833933 251602 37278 86110 25930 102284 8341486
"198702" 8288435 8288435 67916 1861775 4127 965157 748212 637114 517631 2826190 1843183 249289 653735 79983 660313 8288435 2633315 2993195 1931956 922373 138867 795998 1865927 250790 35587 85712 25441 104050 8539225
"198703" 8461707 8461707 68108 1884211 3901 989645 768763 645690 525959 2895793 1897901 253729 666267 77896 679637 8461707 2706700 3045925 1969144 940324 136457 820948 1888134 252768 40610 87143 24129 100886 8714475
"198704" 8670067 8670067 73768 1944599 5144 1011975 784115 659831 539177 2952818 1927700 257329 691979 75810 698640 8670067 2755136 3122592 2033849 956302 132440 842576 1949764 259005 41245 93889 23309 100562 8929072
"198801" 8833721 8833721 73507 1985917 5021 1020754 809612 664558 558777 3021843 1974163 267312 705796 74572 693732 8833721 2795128 3196621 2090603 978154 127865 851013 1990959 260901 42544 97661 22713 97983 9094622
"198802" 9031377 9031377 77847 2003476 6952 1032495 840675 683305 566286 3110213 2044276 264941 727663 73333 710128 9031377 2879203 3280382 2148724 1002208 129451 861342 2010450 262952 44037 97531 22506 98878 9294329
"198803" 9219838 9219838 80303 2038056 12176 1056583 865654 686387 571128 3183713 2105234 268257 738141 72081 725838 9219838 2956638 3336286 2179299 1028367 128621 876662 2050252 263655 46432 98838 22635 95750 9483493
"198804" 9450688 9450688 85676 2082291 22578 1079962 887232 700107 577606 3270030 2162113 273428 763660 70829 745206 9450688 3043603 3409211 2233392 1054199 121620 892989 2104885 269776 49943 104187 21509 94137 9720464
"198901" 9606477 9606477 96147 2120293 22284 1087465 901803 705125 594815 3325352 2196252 278694 780086 70320 753193 9606477 3082819 3479122 2292995 1065080 121047 901944 2142592 270312 54395 105490 21624 88803 9876789
"198902" 9776884 9776884 110059 2129014 23567 1094584 923201 717186 614349 3395307 2254708 283852 786943 69804 769617 9776884 3159888 3555021 2353461 1079045 122515 909380 2152595 269476 52733 107185 21526 88032 10046360
"198903" 9938549 9938549 113273 2164969 25342 1112503 939038 719542 608237 3471438 2320949 284634 796572 69283 784207 9938549 3238781 3583299 2369972 1091183 122145 926145 2190324 275578 57498 108768 22572 86740 10214127
"198904" 10152083 10152083 107112 2227025 24197 1129798 961079 728299 643043 3522245 2368907 285777 798800 68761 809285 10152083 3319003 3641482 2409388 1109431 122663 940363 2251235 287876 63022 116949 21367 86538 10439959
"199001" 10345928 10345928 126034 2278412 31590 1147494 967962 717312 668817 3615987 2449529 289296 808679 68483 792320 10345928 3378984 3698239 2464342 1111965 121932 958689 2310016 287947 59292 125507 18946 84202 10633875
"199002" 10506639 10506639 128659 2314409 32933 1159783 984418 724393 683138 3680194 2516583 283269 812141 68202 798712 10506639 3451357 3737950 2503876 1111173 122901 969980 2347353 299016 65062 130414 19279 84261 10805655
"199003" 10671837 10671837 131811 2377818 32603 1170082 991867 726530 693245 3735579 2566695 285518 815450 67917 812302 10671837 3520377 3760668 2527999 1107440 125229 980361 2410431 305496 71453 130904 19791 83348 10977333
"199004" 10834912 10834912 116852 2465769 32350 1178619 1008167 732596 699368 3776800 2606304 285996 816868 67633 824391 10834912 3580889 3768474 2542511 1101818 124145 987420 2498129 318246 75346 144717 18502 79681 11153158
"199101" 10894936 10894936 119851 2522435 26350 1191778 1027331 712644 671875 3820465 2641093 287505 824279 67588 802207 10894936 3597650 3747487 2532310 1094700 120477 1001003 2548796 332140 87378 147846 20536 76380 11227076
"199102" 11029888 11029888 119437 2567118 24800 1211966 1051467 703413 665580 3884801 2700090 288724 828445 67542 801306 11029888 3663770 3755283 2538159 1093801 123324 1018907 2591928 318486 74289 150597 19656 73944 11348374
"199103" 11158685 11158685 107016 2669630 17602 1242263 1071876 705615 654738 3887445 2722396 281145 816408 67496 802500 11158685 3701636 3722047 2522932 1074403 124713 1047760 2687242 323140 78336 154508 19995 70301 11481825
"199104" 11301351 11301351 98477 2757798 18556 1272079 1086935 690326 634119 3927480 2774317 282526 803187 67450 815581 11301351 3769686 3676707 2487183 1066428 123096 1078595 2776364 350371 82101 176774 21609 69887 11651722
"199201" 11415943 11415943 110434 2843971 15765 1275453 1106050 677182 635865 3957870 2813985 282275 794054 67557 793353 11415943 3788432 3687184 2504663 1061525 120996 1080582 2859746 340488 71338 177773 21972 69405 11756431
"199202" 11530662 11530662 111996 2907447 15862 1287091 1125491 676608 633756 3980079 2845446 278422 788549 67663 792332 11530662 3828016 3689155 2511676 1053185 124294 1090174 2923317 356022 78277 182760 25497 69488 11886684
"199203" 11671678 11671678 108216 2980723 18119 1301309 1140928 669103 632969 4018379 2898760 274895 776952 67771 801933 11671678 3893844 3675265 2506669 1043509 125087 1103719 2998850 363034 81505 186673 26478 68378 12034712
"199204" 11816454 11816454 107106 3061551 18786 1295401 1154504 678361 638051 4037925 2941747 269167 759132 67879 824769 11816454 3970428 3670585 2511751 1035400 123435 1095095 3080345 372435 78407 200817 23907 69304 12188889
"199301" 11889012 11889012 113900 3120602 19576 1314788 1175932 667650 630544 4038758 2951835 266950 751957 68016 807262 11889012 3970135 3666059 2520216 1025216 120627 1112632 3140186 384046 72539 220691 24293 66523 12273058
"199302" 12060244 12060244 124025 3180635 20596 1343078 1194857 674081 623218 4081092 3006096 263996 742846 68154 818662 12060244 4040624 3680207 2534754 1021631 123821 1138174 3201239 401067 72457 236841 25933 65836 12461311
"199303" 12202977 12202977 123232 3222623 24654 1360066 1212857 674580 617115 4125182 3058474 262184 736230 68293 842668 12202977 4123129 3679496 2538755 1014864 125878 1153067 3247284 430552 72013 268207 26175 64157 12633529
"199304" 12391374 12391374 117829 3309878 26585 1361698 1229707 684797 609104 4165607 3100671 264738 731765 68433 886169 12391374 4210321 3691545 2553584 1012657 125304 1153040 3336469 468239 68802 309666 24609 65162 12859613
"199401" 12516101 12516101 129885 3361433 26259 1361402 1238257 695077 633531 4186381 3132193 263786 721605 68797 883876 12516101 4239149 3739261 2602867 1012536 123858 1149992 3387698 444801 44255 310000 26222 64324 12960902
"199402" 12634473 12634473 135680 3367981 27438 1352276 1247607 715100 637880 4231931 3179662 263856 719246 69166 918580 12634473 4323013 3778709 2634746 1015244 128719 1137325 3395425 440710 43105 309248 25092 63265 13075183
"199403" 12779870 12779870 138683 3404123 28162 1341280 1251457 734440 641889 4279883 3230338 262700 717306 69539 959953 12779870 4415183 3807070 2656832 1019882 130357 1125325 3432291 445855 41279 315553 26255 62768 13225725
"199404" 12973597 12973597 139238 3465570 26743 1325770 1253007 759881 661979 4320241 3277919 262033 710378 69912 1021168 12973597 4531818 3841964 2688524 1024593 128847 1107497 3492319 443088 42669 310391 26138 63890 13416685
"199501" 13141695 13141695 149799 3531482 26436 1311393 1270165 792937 682586 4352351 3306006 260681 715306 70358 1024546 13141695 4563128 3927850 2764854 1036171 126825 1092793 3557924 458448 51870 314250 28161 64167 13600143
"199502" 13340268 13340268 162887 3556655 26838 1304195 1306093 822935 692432 4405108 3355735 262141 716421 70810 1063126 13340268 4652353 4020359 2844075 1046045 130239 1084057 3583499 471868 49097 329339 29561 63871 13812136
"199503" 13484578 13484578 163268 3576467 26940 1278456 1329673 838726 696463 4464986 3412469 262883 718367 71266 1109599 13484578 4753177 4069191 2879053 1057348 132790 1058797 3603413 497865 56833 346029 31608 63395 13982443
"199504" 13667471 13667471 157351 3608518 28223 1268157 1357204 863594 715372 4500892 3445383 265913 717873 71723 1168160 13667471 4841180 4142812 2941550 1069885 131377 1046732 3636747 567627 56160 413310 34589 63568 14235098
"199601" 13873799 13873799 174174 3689566 27643 1264843 1390652 870980 735781 4557954 3494882 266312 724366 72394 1162207 13873799 4890684 4223786 3009201 1084975 129610 1042115 3717215 580438 52464 427339 36752 63883 14454237
"199602" 14033881 14033881 181726 3665547 28205 1269829 1422668 894692 745702 4628933 3554388 268897 732583 73065 1196579 14033881 4985306 4310921 3074236 1101899 134786 1043896 3693757 592296 54502 432793 40539 64462 14626177
"199603" 14207957 14207957 172999 3705583 27437 1251696 1447454 923178 754734 4695029 3619197 270555 731533 73744 1229847 14207957 5082003 4368053 3110170 1121621 136262 1024878 3733024 626133 65816 454062 41706 64549 14834090
"199604" 14399827 14399827 156405 3755076 26613 1261631 1485179 934006 746402 4760638 3668416 275580 742220 74422 1273878 14399827 5176984 4414963 3140278 1139157 135528 1026189 3781691 657242 67476 481411 43654 64701 15057069
"199701" 14576195 14576195 168747 3803456 26258 1266301 1515565 970786 760420 4810488 3713620 274451 746986 75431 1254175 14576195 5204042 4508073 3212515 1161349 134209 1034366 3829714 664211 69321 486734 43486 64670 15240406
"199702" 14710320 14710320 179286 3734198 26319 1283206 1558686 1005485 762492 4882610 3767909 277147 761103 76451 1278038 14710320 5288705 4614205 3290218 1183552 140435 1046893 3760517 682223 71337 499509 46356 65021 15392543
"199703" 14931082 14931082 176649 3745046 26089 1294019 1613799 997356 778872 4993447 3860493 278775 776697 77482 1305805 14931082 5392222 4712095 3360881 1207932 143282 1055630 3771135 708164 64349 531920 48183 63712 15639246
"199704" 15210825 15210825 168598 3778273 26526 1318530 1666280 1040414 810294 5057746 3902568 282399 794265 78514 1344165 15210825 5477566 4851514 3471581 1237138 142795 1076946 3804799 723639 65084 543396 52114 63045 15934464
"199801" 15452635 15452635 193105 3804776 25918 1344209 1731059 1055334 829994 5144197 3969751 288106 806695 79645 1324043 15452635 5523366 5001819 3580951 1277648 143219 1096757 3830694 747037 76706 555945 53381 61005 16199672
"199802" 15689013 15689013 202491 3723334 25558 1373908 1805492 1096843 835388 5258255 4061457 293512 822498 80788 1367744 15689013 5654773 5164386 3692018 1324341 148027 1120962 3748892 772499 71372 585721 55527 59879 16461512
"199803" 15896063 15896063 216872 3694644 25455 1380576 1844767 1119330 843133 5370568 4152221 298626 837777 81944 1400718 15896063 5765173 5285552 3767557 1366479 151516 1125239 3720099 768425 73981 579194 56382 58868 16664488
"199804" 16216365 16216365 192958 3723674 28501 1402728 1881222 1148012 879733 5518265 4259017 307842 868306 83100 1441272 16216365 5903385 5417052 3853443 1412700 150908 1143753 3752175 783172 72878 594400 58716 57178 16999537
"199901" 16508354 16508354 223886 3731513 28118 1425161 1944045 1162480 912528 5638225 4348396 316286 889430 84113 1442398 16508354 5979386 5606553 3997367 1460507 148678 1162785 3759631 789403 77249 596669 59001 56484 17297757
"199902" 16668125 16668125 232365 3623358 28268 1441525 2012906 1175266 901912 5780944 4457254 323781 914773 85136 1471581 16668125 6109165 5732078 4081854 1497415 152809 1175256 3651626 781604 70105 595286 60465 55748 17449729
"199903" 16987639 16987639 239280 3605020 28276 1447418 2071138 1197997 906195 5980420 4589842 333596 970811 86171 1511895 16987639 6269864 5907749 4204773 1547682 155294 1176730 3633296 799982 81753 604673 58592 54964 17787621
"199904" 17291217 17291217 230326 3652683 28284 1457089 2106669 1228686 917032 6116826 4682964 357920 988736 87206 1553622 17291217 6395987 6033254 4270468 1608620 154166 1181009 3680967 748228 89171 548233 59176 51648 18039445
"200001" 17514439 17514439 260797 3625686 27768 1461603 2154917 1251508 959963 6218432 4753908 363855 1014080 86589 1553765 17514439 6463823 6212813 4405476 1656488 150849 1184349 3653454 778259 101623 561984 62993 51659 18292698
"200002" 17682746 17682746 296844 3435675 28227 1472014 2190494 1295942 983794 6377985 4877182 372035 1042796 85972 1601771 17682746 6629771 6397773 4525495 1717345 154933 1191301 3463902 770906 101245 552931 64625 52105 18453652
"200003" 17886177 17886177 307039 3382498 27621 1466923 2229437 1298382 976925 6530279 5002178 376720 1066033 85348 1667073 17886177 6809431 6481153 4570075 1755387 155691 1185474 3410119 797226 109756 568715 67537 51218 18683403
"200004" 18165271 18165271 278402 3357764 27326 1480713 2270337 1324381 1015713 6669368 5106537 384432 1093675 84724 1741267 18165271 6987253 6595036 4632838 1806049 156149 1197892 3385090 814504 120919 572692 70536 50357 18979775
"200101" 18409264 18409264 235619 3381989 26767 1509604 2378732 1312584 1018904 6795341 5203764 392231 1113681 85665 1749724 18409264 7081157 6694131 4694972 1844093 155065 1225220 3408756 870174 172028 576501 74107 47538 19279438
"200102" 18613645 18613645 206256 3224266 27048 1548605 2491176 1282516 1047908 7001621 5375157 402374 1137473 86617 1784249 18613645 7279441 6823454 4774554 1888433 160468 1259436 3251314 871987 186978 570994 66247 47768 19485632
"200103" 18945662 18945662 189571 3292988 26960 1557291 2537110 1274120 1042731 7210540 5537868 413781 1171312 87579 1814351 18945662 7469984 6890415 4805891 1923213 161311 1265315 3319948 852199 189339 548466 67308 47086 19797861
"200104" 19297445 19297445 177726 3352690 26777 1603449 2613695 1237433 1019053 7374795 5658501 424988 1202765 88541 1891827 19297445 7659276 6955300 4824979 1967758 162564 1303401 3379467 865383 198475 557062 63239 46607 20162828
"200201" 19569782 19569782 162983 3403908 26328 1627145 2680216 1224038 1016309 7545339 5805850 430326 1218925 90238 1883516 19569782 7793064 7021039 4855249 2004551 161239 1325442 3430236 896010 215169 568073 66726 46042 20465792
"200202" 19895311 19895311 141454 3424548 26775 1681196 2728068 1173932 1036104 7765590 5993665 439750 1240221 91954 1917644 19895311 8002829 7065583 4856573 2042126 166884 1375576 3451323 913114 225519 569801 72221 45573 20808425
"200203" 20244766 20244766 136423 3513649 27170 1706687 2722383 1133386 1049030 8004430 6201544 446257 1262941 93688 1951608 20244766 8221071 7083917 4835304 2080115 168499 1398958 3540819 918757 226571 577742 69292 45152 21163523
"200204" 20716089 20716089 119813 3609754 27275 1762872 2747060 1129189 1058794 8264324 6413185 462263 1293453 95423 1997008 20716089 8484261 7146848 4858572 2118606 169670 1447951 3637029 1072842 257228 702742 68577 44295 21788931
"200301" 21027228 21027228 119825 3673689 26880 1793929 2789400 1108010 1058157 8468215 6585682 474002 1316125 92406 1989123 21027228 8659284 7192556 4888077 2141532 162948 1474818 3700569 1079641 262588 701169 72025 43859 22106869
"200302" 21553425 21553425 100995 3779890 27009 1853666 2861677 1087442 1062788 8758028 6827860 492005 1348808 89355 2021930 21553425 8958489 7258398 4933190 2162810 162398 1529639 3806899 1122959 300306 715198 64368 43087 22676384
"200303" 21973578 21973578 103978 3887460 27023 1865887 2883987 1058810 1055077 9031681 7055862 508461 1381087 86271 2059675 21973578 9239819 7280720 4933688 2186803 160229 1538555 3914483 1090773 278843 704078 65652 42200 23064351
"200304" 22443642 22443642 82481 4008203 24866 1900427 2899001 1085300 1069139 9271293 7239892 535954 1412260 83187 2102932 22443642 9504962 7337124 4969885 2210156 157083 1568486 4033069 1253295 276105 868948 66075 42167 23696937
"200401" 22886365 22886365 91623 4143790 25132 1942663 2927917 1068974 1074830 9514964 7441335 542920 1444423 86286 2096472 22886365 9673408 7437351 5007374 2273608 156370 1606683 4168922 1290444 296518 888109 64828 40989 24176809
"200402" 23348044 23348044 98673 4185391 24221 1976278 2928447 1072257 1089699 9858539 7734282 556515 1478356 89386 2114539 23348044 9973593 7530248 5032671 2334087 163490 1634590 4209612 1293089 292628 892559 67199 40703 24641133
"200403" 23832765 23832765 105121 4268734 24183 1995995 2940608 1064494 1094520 10174235 7997931 567381 1516404 92519 2164875 23832765 10250588 7636566 5073689 2393467 169410 1652693 4292917 1324704 291908 928633 64803 39360 25157469
"200404" 24441810 24441810 97782 4370722 24261 2030927 2974452 1090508 1127764 10505275 8268227 579610 1561785 95653 2220119 24441810 10569558 7794711 5166524 2455336 172851 1682557 4394983 1438797 345342 984978 69896 38581 25880607
"200501" 24987352 24987352 112002 4535574 24076 2085751 2981089 1110015 1149267 10784604 8498011 590281 1598411 97901 2204974 24987352 10774072 7921753 5217877 2532929 170947 1731877 4559650 1456170 346188 998487 73841 37654 26443522
"200502" 25490665 25490665 110680 4493119 23730 2134340 2988891 1161280 1188242 11157994 8800527 606763 1650531 100173 2232389 25490665 11096010 8103187 5307025 2618260 177902 1774619 4516849 1482898 348149 1025781 72572 36396 26973563
"200503" 26091110 26091110 116494 4565983 23636 2176260 3013262 1172553 1198937 11545600 9107733 621748 1713648 102471 2278385 26091110 11431775 8256562 5371846 2699804 184912 1813154 4589619 1518603 369103 1040743 74033 34724 27609713
"200504" 26766554 26766554 90072 4678033 23835 2225888 3031122 1224966 1247101 11924982 9382405 642032 1795777 104768 2320555 26766554 11742895 8467267 5490215 2786933 190120 1854523 4701868 1513871 383952 1011554 84406 33959 28280425
"200601" 27453009 27453009 96496 4834414 23582 2254336 3082413 1271379 1271845 12326264 9705201 654701 1860785 105577 2292280 27453009 12033532 8681074 5602711 2888643 189720 1880407 4857996 1567363 405250 1044790 85714 31609 29020372
"200602" 28012669 28012669 111673 4759583 23639 2305745 3133190 1302237 1337735 12724009 10033705 661667 1922242 106395 2314858 28012669 12387821 8919306 5730759 2992616 195931 1922320 4783222 1611236 385022 1103135 93414 29665 29623905
"200603" 28541057 28541057 110581 4803196 23385 2332698 3167183 1345795 1336762 13056669 10289198 668433 1991817 107221 2364788 28541057 12691009 9076604 5783436 3093328 199840 1946863 4826581 1761033 476338 1166636 90363 27696 30302090
"200604" 29178067 29178067 112519 4861747 23509 2403265 3246691 1400279 1403678 13310408 10455561 682424 2064375 108048 2415971 29178067 12929505 9355094 5955229 3195578 204287 2008211 4885256 1882640 482321 1275515 98254 26550 31060707
"200701" 29814075 29814075 126170 5014264 23180 2465711 3318258 1418276 1464654 13586840 10670378 696390 2110881 109191 2396722 29814075 13108403 9602508 6087706 3309463 205339 2065720 5037444 1923416 476568 1346316 74746 25786 31737491
"200702" 30361505 30361505 154348 4904015 23156 2533954 3413635 1452166 1551565 13898462 10885055 716577 2186484 110346 2430204 30361505 13361286 9947309 6312816 3424525 209968 2125739 4927171 2003501 473982 1419229 84910 25380 32365006
"200703" 31059583 31059583 131417 5009960 22953 2561142 3468680 1562092 1642898 14159033 11043598 738733 2265188 111514 2501408 31059583 13610288 10266351 6517439 3535043 213869 2150030 5032913 2011051 426200 1468738 91487 24626 33070634
"200704" 31707710 31707710 123815 5099199 23139 2618883 3557872 1646933 1714712 14367853 11166834 766526 2321811 112682 2555304 31707710 13802872 10583245 6714036 3650344 218865 2199254 5122338 2126310 413007 1587089 102806 23408 33834020
"200801" 32201255 32201255 139958 5299107 23458 2645989 3603123 1710512 1745783 14499816 11239191 780137 2362610 117878 2533509 32201255 13866071 10787484 6838597 3739128 209759 2225134 5322565 2175950 460326 1581055 111657 22912 34377205
"200802" 32389443 32389443 139829 5250624 23521 2666470 3691837 1735082 1785228 14540888 11220205 796271 2401337 123075 2555964 32389443 13878275 10997001 6985405 3790225 221372 2240021 5274145 2175714 470574 1573336 109409 22395 34565157
"200803" 33075630 33075630 146540 5777537 23098 2670174 3714943 1821404 1812325 14521058 11168826 809740 2414164 128328 2588551 33075630 13911167 11120138 7059919 3841748 218472 2243689 5800635 2019301 401087 1481549 114788 21877 35094931
"200804" 33613890 33613890 131479 6338184 23346 2680203 3762457 1839526 1789619 14454967 11071550 815570 2434265 133582 2594109 33613890 13843729 11157838 7073268 3861702 222868 2250793 6361530 1708780 341972 1237284 107947 21577 35322670
"200901" 34015742 34015742 106923 6804397 22548 2712271 3907252 1760111 1734203 14450099 11065823 822587 2427877 133812 2517938 34015742 13760479 11148027 7109247 3818522 220258 2280291 6826945 1736229 344792 1267137 103105 21195 35751971
"200902" 34271842 34271842 86182 7143060 22274 2749703 4006379 1689202 1696367 14390799 11013811 828202 2414742 134044 2487876 34271842 13712027 11084549 7116178 3747234 221138 2309931 7165334 1787432 345680 1318724 101615 21413 36059274
"200903" 34503236 34503236 73033 7520786 23202 2770946 4073890 1613352 1651215 14280139 10926272 830954 2388634 134279 2496673 34503236 13671917 10960818 7084558 3656411 219849 2326512 7543988 1856674 396630 1339458 99169 21417 36359910
"200904" 34646644 34646644 59109 7781929 23495 2811062 4144077 1553436 1635590 14159091 10861005 824349 2339223 134514 2478855 34646644 13603722 10875423 7083546 3571027 220851 2362074 7805424 2012024 399785 1493585 96775 21879 36658668
"201001" 35069328 35069328 74600 8259584 23581 2844314 4252187 1573451 1623511 14011223 10747915 823299 2306051 133958 2406877 35069328 13512730 10880265 7171666 3492306 216293 2393167 8283165 2032994 384657 1528945 97150 22242 37102322
"201002" 35334379 35334379 82182 8603804 23850 2841139 4309434 1549501 1643098 13894880 10684813 817573 2259097 133397 2386491 35334379 13456177 10862103 7220555 3425152 216396 2388445 8627654 2028283 378273 1527452 100596 21962 37362662
"201003" 35777939 35777939 98053 8993793 23971 2856616 4431128 1549232 1637164 13779134 10611955 819330 2215020 132829 2408848 35777939 13430322 10927620 7323123 3383972 220525 2402233 9017764 2067225 377977 1559880 107502 21866 37845164
