"DATES" "FL893167005.Q" "FL153167005.Q" "FL263167003.Q" "FL663167005.Q" "FL663167003.Q" "FL723067003.Q" "FL753067000.Q" "FL893167005.Q" "FL153067005.Q" "FL263067003.Q" "FL763067005.Q" "FL663067003.Q"
"195201" 4704 1387 35 3282 832 2300 150 4704 748 84 2450 1422
"195202" 5511 1419 35 4057 779 3078 200 5511 695 84 3278 1454
"195203" 5026 1430 35 3561 761 2500 300 5026 677 84 2800 1465
"195204" 5661 1466 36 4159 796 3163 200 5661 714 82 3363 1502
"195301" 5433 1629 36 3768 818 2700 250 5433 737 81 2950 1665
"195302" 5665 1818 36 3811 718 2793 300 5665 639 79 3093 1854
"195303" 5830 1753 36 4041 741 2900 400 5830 663 78 3300 1789
"195304" 6513 1830 36 4647 784 3563 300 6513 708 76 3863 1866
"195401" 6104 1846 42 4216 866 3000 350 6104 786 80 3350 1888
"195402" 7085 1994 51 5040 922 3718 400 7085 833 89 4118 2045
"195403" 7606 2230 60 5316 1016 3800 500 7606 919 97 4300 2290
"195404" 8647 2606 66 5975 1121 4454 400 8647 1020 101 4854 2672
"195501" 8645 2903 68 5674 1124 4100 450 8645 1023 101 4550 2971
"195502" 9013 2965 68 5980 1009 4471 500 9013 913 96 4971 3033
"195503" 9008 3065 68 5875 1075 4200 600 9008 985 90 4800 3133
"195504" 9628 3042 66 6520 983 5037 500 9628 899 84 5537 3108
"195601" 9205 3033 66 6106 1056 4500 550 9205 972 84 5050 3099
"195602" 9055 3037 65 5953 920 4433 600 9055 835 85 5033 3102
"195603" 8750 3033 64 5653 953 4000 700 8750 867 86 4700 3097
"195604" 8991 3082 60 5849 968 4281 600 8991 882 86 4881 3142
"195701" 8167 2955 60 5152 902 3600 650 8167 815 87 4250 3015
"195702" 8712 3150 60 5502 902 3900 700 8712 814 88 4600 3210
"195703" 8628 3046 60 5522 922 3800 800 8628 833 89 4600 3106
"195704" 8712 2745 60 5907 986 4221 700 8712 894 92 4921 2805
"195801" 9096 2991 63 6042 1049 4200 793 9096 951 98 4993 3054
"195802" 10856 3418 68 7370 1152 5400 818 10856 1045 107 6218 3486
"195803" 9430 3481 73 5876 1231 3700 945 9430 1116 115 4645 3554
"195804" 10447 3693 77 6677 1275 4661 741 10447 1156 119 5402 3770
"195901" 9888 3724 80 6084 1391 3900 793 9888 1272 119 4693 3804
"195902" 10053 3818 83 6152 1234 4100 818 10053 1118 116 4918 3901
"195903" 9935 3662 85 6188 1143 4100 945 9935 1031 112 5045 3747
"195904" 10510 3686 87 6737 1096 4868 773 10510 989 107 5641 3773
"196001" 8980 3373 87 5520 1087 3500 933 8980 980 107 4433 3460
"196002" 9383 3422 85 5876 1118 3800 958 9383 1011 107 4758 3507
"196003" 10230 3501 84 6645 1165 4400 1080 10230 1056 109 5480 3585
"196004" 10864 3565 84 7215 1249 5117 849 10864 1137 112 5966 3649
"196101" 10419 3931 91 6397 1658 4000 739 10419 1538 120 4739 4022
"196102" 11795 4378 104 7313 1408 4927 978 11795 1275 133 5905 4482
"196103" 11775 4325 116 7334 1350 5100 884 11775 1205 145 5984 4441
"196104" 13113 4602 121 8390 1341 6190 859 13113 1192 149 7049 4723
"196201" 11923 4261 118 7544 1269 5400 875 11923 1123 146 6275 4379
"196202" 11381 3895 106 7380 1511 5259 610 11381 1376 135 5869 4001
"196203" 12055 4211 94 7750 1200 5800 750 12055 1077 123 6550 4305
"196204" 13761 4479 85 9197 1338 7150 709 13761 1226 112 7859 4564
"196301" 12709 4558 87 8064 1293 6000 771 12709 1184 109 6771 4645
"196302" 14474 5327 96 9051 1264 6878 909 14474 1155 109 7787 5423
"196303" 15745 5788 105 9852 1298 7400 1154 15745 1188 110 8554 5893
"196304" 16414 5987 108 10319 1331 7900 1088 16414 1222 109 8988 6095
"196401" 15373 5819 107 9447 1354 7100 993 15373 1245 109 8093 5926
"196402" 16486 5826 101 10559 1261 8230 1068 16486 1152 109 9298 5927
"196403" 16184 5669 95 10420 1260 8100 1060 16184 1149 111 9160 5764
"196404" 16830 5519 91 11220 1785 8384 1051 16830 1669 116 9435 5610
"196501" 15917 5477 95 10345 1747 7800 798 15917 1623 124 8598 5572
"196502" 17477 5488 104 11885 2041 8978 866 17477 1902 139 9844 5592
"196503" 15393 5307 113 9973 2284 6700 989 15393 2135 149 7689 5420
"196504" 17954 5867 119 11968 2691 8489 788 17954 2533 158 9277 5986
"196601" 16818 6018 119 10681 2958 7000 723 16818 2790 168 7723 6137
"196602" 18441 6149 154 12138 2789 8633 716 18441 2610 179 9349 6303
"196603" 16270 5751 154 10365 2665 7000 700 16270 2488 177 7700 5905
"196604" 18729 5822 128 12779 2905 9024 850 18729 2730 175 9874 5950
"196701" 19143 6183 296 12664 3659 8300 705 19143 3459 200 9005 6479
"196702" 20037 6719 264 13054 4056 8248 750 20037 3811 245 8998 6983
"196703" 22547 7557 365 14625 4544 9300 781 22547 4274 270 10081 7922
"196704" 25752 8866 298 16588 5254 10484 850 25752 4943 311 11334 9164
"196801" 23678 8324 269 15085 5535 8700 850 23678 5184 351 9550 8593
"196802" 27246 10142 372 16732 6655 9227 850 27246 6201 454 10077 10514
"196803" 29874 10361 398 19115 6865 11400 850 29874 6397 468 12250 10759
"196804" 32334 11497 508 20329 7675 11804 850 32334 7039 636 12654 12005
"196901" 27054 9878 393 16783 7133 8800 850 27054 6580 553 9650 10271
"196902" 27562 9445 396 17721 6586 10285 850 27562 6020 566 11135 9841
"196903" 22920 7919 297 14704 5654 8200 850 22920 5187 467 9050 8216
"196904" 25676 8198 278 17200 5655 10695 850 25676 5221 434 11545 8476
"197001" 22046 7078 220 14748 5098 8800 850 22046 4730 368 9650 7298
"197002" 19753 6350 182 13221 4494 7877 850 19753 4160 334 8727 6532
"197003" 21608 6592 203 14813 4663 9300 850 21608 4372 291 10150 6795
"197004" 24877 6909 279 17689 4703 12136 850 24877 4354 349 12986 7188
"197101" 23491 6988 314 16189 5339 10000 850 23491 4828 511 10850 7302
"197102" 23828 7859 300 15669 5123 9696 850 23828 4704 419 10546 8159
"197103" 24572 8465 320 15787 4937 10000 850 24572 4604 333 10850 8785
"197104" 28722 9450 314 18958 5197 12911 850 28722 4886 311 13761 9764
"197201" 30040 11267 379 18394 5544 12000 850 30040 5172 372 12850 11646
"197202" 32683 12661 339 19683 5235 13598 850 32683 4925 310 14448 13000
"197203" 33988 13058 336 20594 5044 14700 850 33988 4733 311 15550 13394
"197204" 37444 13080 405 23959 5388 17409 1162 37444 5022 366 18571 13485
"197301" 31769 12037 364 19368 5158 13500 710 31769 4848 310 14210 12401
"197302" 29545 10602 243 18700 4836 13330 534 29545 4520 316 13864 10845
"197303" 27530 9926 255 17349 4993 12099 257 27530 4703 290 12356 10181
"197304" 29499 8918 231 20350 5199 14559 592 29499 4866 333 15151 9149
"197401" 25231 8277 225 16729 4992 11500 237 25231 4609 383 11737 8502
"197402" 25053 7792 241 17020 4647 12132 241 25053 4293 354 12373 8033
"197403" 24406 7554 178 16674 4325 12099 250 24406 4027 298 12349 7732
"197404" 25870 7390 193 18287 4184 13585 518 25870 3891 293 14103 7583
"197501" 23687 7372 209 16106 4203 11599 304 23687 3854 349 11903 7581
"197502" 24646 7476 233 16937 4353 12322 262 24646 3973 380 12584 7709
"197503" 22925 7772 258 14895 4580 10000 315 22925 4237 343 10315 8030
"197504" 28466 8286 319 19861 4832 14599 430 28466 4468 364 15029 8605
"197601" 29112 9626 333 19153 5311 13399 443 29112 4900 411 13842 9959
"197602" 31278 11223 0 20055 5438 14000 617 31278 5438 0 14617 11223
"197603" 31990 11645 0 20345 5557 14199 589 31990 5557 0 14788 11645
"197604" 39896 12510 0 27386 5730 20787 869 39896 5730 0 21656 12510
"197701" 37776 12936 0 24840 5907 18099 834 37776 5907 0 18933 12936
"197702" 39516 14024 0 25492 6177 18621 694 39516 6177 0 19315 14024
"197703" 41050 13981 0 27069 5190 20891 988 41050 5190 0 21879 13981
"197704" 44158 14527 0 29631 5739 22564 1328 44158 5739 0 23892 14527
"197801" 44018 16401 0 27617 7567 18620 1430 44018 7567 0 20050 16401
"197802" 49788 18950 0 30838 8938 20642 1258 49788 8938 0 21900 18950
"197803" 52282 20731 0 31551 10349 19590 1612 52282 10349 0 21202 20731
"197804" 46691 17145 0 29546 8521 19583 1442 46691 8521 0 21025 17145
"197901" 44025 16326 0 27699 7887 18412 1400 44025 7887 0 19812 16326
"197902" 52252 18958 0 33294 10725 20889 1680 52252 10725 0 22569 18958
"197903" 53342 20249 0 33093 11463 20222 1408 53342 11463 0 21630 20249
"197904" 47966 17458 0 30508 10354 18754 1400 47966 10354 0 20154 17458
"198001" 47117 18735 0 28382 11663 15754 965 47117 11663 0 16719 18735
"198002" 47936 18620 0 29316 12635 15721 960 47936 12635 0 16681 18620
"198003" 50887 19972 0 30915 14808 14997 1110 50887 14808 0 16107 19972
"198004" 61897 24737 0 37160 16236 19908 1016 61897 16236 0 20924 24737
"198101" 57277 21807 0 35470 15884 18459 1127 57277 15884 0 19586 21807
"198102" 59772 22179 0 37593 14709 20890 1994 59772 14709 0 22884 22179
"198103" 56345 21068 0 35277 13300 20430 1547 56345 13300 0 21977 21068
"198104" 63961 23023 0 40938 14729 24587 1622 63961 14729 0 26209 23023
"198201" 54236 19250 0 34986 14632 19501 853 54236 14632 0 20354 19250
"198202" 55968 19099 0 36869 15378 20541 950 55968 15378 0 21491 19099
"198203" 61220 20798 0 40422 17579 21878 965 61220 17579 0 22843 20798
"198204" 69844 25791 0 44053 17838 25050 1165 69844 17838 0 26215 25791
"198301" 71108 26743 0 44365 21354 22266 745 71108 21354 0 23011 26743
"198302" 81421 32758 0 48663 22345 25765 553 81421 22345 0 26318 32758
"198303" 79455 33781 0 45674 21581 23041 1052 79455 21581 0 24093 33781
"198304" 83395 34177 0 49218 20557 27017 1644 83395 20557 0 28661 34177
"198401" 77829 31723 0 46106 18376 26035 1695 77829 18376 0 27730 31723
"198402" 78182 32657 0 45525 18946 25290 1289 78182 18946 0 26579 32657
"198403" 76177 30415 0 45762 18395 25853 1514 76177 18395 0 27367 30415
"198404" 87862 31834 0 56028 21573 31695 2760 87862 21573 0 34455 31834
"198501" 82366 30614 0 51752 20994 28726 2032 82366 20994 0 30758 30614
"198502" 99860 36878 0 62982 25030 35169 2783 99860 25030 0 37952 36878
"198503" 102833 38968 0 63865 24919 35766 3180 102833 24919 0 38946 38968
"198504" 131188 50699 0 80489 35051 38485 6953 131188 35051 0 45438 50699
"198601" 143123 52848 0 90275 40976 42719 6580 143123 40976 0 49299 52848
"198602" 137211 52842 0 84369 39027 40059 5283 137211 39027 0 45342 52842
"198603" 133008 55521 0 77487 37033 35031 5423 133008 37033 0 40454 55521
"198604" 141075 57429 0 83646 44015 32548 7083 141075 44015 0 39631 57429
"198701" 132637 53567 0 79070 42661 30659 5750 132637 42661 0 36409 53567
"198702" 135991 56889 0 79102 41590 33105 4407 135991 41590 0 37512 56889
"198703" 141540 59395 0 82145 41350 34892 5903 141540 41350 0 40795 59395
"198704" 115277 41797 0 73480 39103 29374 5003 115277 39103 0 34377 41797
"198801" 119456 40625 0 78831 40208 32494 6129 119456 40208 0 38623 40625
"198802" 118308 41231 0 77077 41222 29795 6060 118308 41222 0 35855 41231
"198803" 116493 42131 0 74362 38871 30111 5380 116493 38871 0 35491 42131
"198804" 118296 43506 0 74790 40886 28991 4913 118296 40886 0 33904 43506
"198901" 116637 39338 0 77299 41744 31084 4471 116637 41744 0 35555 39338
"198902" 131301 44641 0 86660 48302 33709 4649 131301 48302 0 38358 44641
"198903" 127750 44294 0 83456 44675 33632 5149 127750 44675 0 38781 44294
"198904" 133913 42540 0 91373 53190 33170 5013 133913 53190 0 38183 42540
"199001" 130021 41977 0 88044 51058 32557 4429 130021 51058 0 36986 41977
"199002" 127431 40022 0 87409 50939 31556 4914 127431 50939 0 36470 40022
"199003" 127580 36722 0 90858 55220 30665 4973 127580 55220 0 35638 36722
"199004" 137428 38809 0 98619 62425 27780 8414 137428 62425 0 36194 38809
"199101" 132529 36867 0 95662 59418 28765 7479 132529 59418 0 36244 36867
"199102" 137524 37562 0 99962 58708 31193 10061 137524 58708 0 41254 37562
"199103" 158053 45059 0 112994 68628 31503 12863 158053 68628 0 44366 45059
"199104" 188869 55066 0 133803 87013 29958 16832 188869 87013 0 46790 55066
"199201" 194603 51227 0 143376 71756 56900 14720 194603 71756 0 71620 51227
"199202" 193330 56332 0 136998 65079 54416 17503 193330 65079 0 71919 56332
"199203" 214471 55840 0 158631 77997 56305 24329 214471 77997 0 80634 55840
"199204" 217697 53474 0 164223 76230 57294 30699 217697 76230 0 87993 53474
"199301" 226180 59775 0 166405 86800 55909 23696 226180 86800 0 79605 59775
"199302" 235284 59048 0 176236 86946 58882 30408 235284 86946 0 89290 59048
"199303" 255509 67376 0 188133 99749 60235 28149 255509 99749 0 88384 67376
"199304" 279049 76123 0 202926 102269 61370 39287 279049 102269 0 100657 76123
"199401" 283712 77033 0 206679 110756 63161 32762 283712 110756 0 95923 77033
"199402" 279090 76103 0 202987 112484 58377 32126 279090 112484 0 90503 76103
"199403" 263877 72568 0 191309 107321 54712 29276 263877 107321 0 83988 72568
"199404" 278963 75051 0 203912 108971 56817 38124 278963 108971 0 94941 75051
"199501" 270523 69850 0 200673 113459 56112 31102 270523 113459 0 87214 69850
"199502" 277848 68742 0 209106 113128 62271 33707 277848 113128 0 95978 68742
"199503" 286143 77352 0 208791 114850 59457 34484 286143 114850 0 93941 77352
"199504" 305653 78593 0 227060 127569 65077 34414 305653 127569 0 99491 78593
"199601" 326868 89110 0 237758 140925 63046 33787 326868 140925 0 96833 89110
"199602" 318618 89851 0 228767 136822 59355 32590 318618 136822 0 91945 89851
"199603" 317764 86937 0 230827 145158 57398 28271 317764 145158 0 85669 86937
"199604" 358076 94411 0 263665 162859 60237 40569 358076 162859 0 100806 94411
"199701" 380320 101354 0 278966 171999 65874 41093 380320 171999 0 106967 101354
"199702" 414320 110390 0 303930 188656 63009 52265 414320 188656 0 115274 110390
"199703" 431835 127447 0 304388 192808 65419 46161 431835 192808 0 111580 127447
"199704" 469080 131172 0 337908 215452 64407 58049 469080 215452 0 122456 131172
"199801" 504740 140059 0 364681 233305 71592 59784 504740 233305 0 131376 140059
"199802" 539562 151513 0 388049 248350 72201 67498 539562 248350 0 139699 151513
"199803" 573350 149053 0 424297 277833 72630 73834 573350 277833 0 146464 149053
"199804" 572239 152761 0 419478 276675 76313 66490 572239 276675 0 142803 152761
"199901" 552636 160646 0 391990 262335 70519 59136 552636 262335 0 129655 160646
"199902" 587061 183825 0 403236 270394 74652 58190 587061 270394 0 132842 183825
"199903" 593061 185837 0 407224 285143 65311 56770 593061 285143 0 122081 185837
"199904" 676591 227926 0 448665 323880 67550 57235 676591 323880 0 124785 227926
"200001" 801054 286471 0 514583 371239 76505 66839 801054 371239 0 143344 286471
"200002" 780175 270234 0 509941 359464 70454 80023 780175 359464 0 150477 270234
"200003" 805811 273873 0 531938 372945 67538 91455 805811 372945 0 158993 273873
"200004" 822720 235134 0 587586 412434 74671 100481 822720 412434 0 175152 235134
"200101" 799306 195785 0 603521 412029 82178 109314 799306 412029 0 191492 195785
"200102" 781547 195977 0 585570 412906 83792 88872 781547 412906 0 172664 195977
"200103" 919920 258064 0 661856 494787 92620 74449 919920 494787 0 167069 258064
"200104" 825864 196359 0 629505 454329 81906 93270 825864 454329 0 175176 196359
"200201" 778034 191989 0 586045 427497 80690 77858 778034 427497 0 158548 191989
"200202" 745623 170555 0 575068 400494 84884 89690 745623 400494 0 174574 170555
"200203" 726258 149624 0 576634 401309 84936 90389 726258 401309 0 175325 149624
"200204" 738842 148201 0 590641 412699 79219 98723 738842 412699 0 177942 148201
"200301" 789871 159526 0 630345 429641 92040 108664 789871 429641 0 200704 159526
"200302" 963720 248456 0 715264 515135 104236 95893 963720 515135 0 200129 248456
"200303" 931642 227610 0 704032 503443 99375 101214 931642 503443 0 200589 227610
"200304" 858792 182500 0 676292 475360 91423 109509 858792 475360 0 200932 182500
"200401" 941083 200782 0 740301 512899 96054 131348 941083 512899 0 227402 200782
"200402" 981054 216509 0 764545 533917 96700 133928 981054 533917 0 230628 216509
"200403" 976913 209852 0 767061 524341 103407 139313 976913 524341 0 242720 209852
"200404" 1038182 264019 0 774163 578316 102170 93677 1038182 578316 0 195847 264019
"200501" 1051259 266078 0 785181 569369 101088 114724 1051259 569369 0 215812 266078
"200502" 1064207 263518 0 800689 583167 90055 127467 1064207 583167 0 217522 263518
"200503" 1068188 258013 0 810175 578366 95500 136309 1068188 578366 0 231809 258013
"200504" 1038431 232447 0 805984 575308 95620 135056 1038431 575308 0 230676 232447
"200601" 1105502 249478 0 856024 598590 101852 155582 1105502 598590 0 257434 249478
"200602" 1148648 243845 0 904803 646293 93358 165152 1148648 646293 0 258510 243845
"200603" 1191464 254532 0 936932 654780 110374 171778 1191464 654780 0 282152 254532
"200604" 1249932 292099 0 957833 655663 116540 185630 1249932 655663 0 302170 292099
"200701" 1288976 278962 0 1010014 690136 121959 197919 1288976 690136 0 319878 278962
"200702" 1379506 334032 0 1045474 745313 118941 181220 1379506 745313 0 300161 334032
"200703" 1374518 296520 0 1077998 757822 135267 184909 1374518 757822 0 320176 296520
"200704" 1526416 325534 0 1200882 866424 145854 188604 1526416 866424 0 334458 325534
"200801" 1647051 365327 0 1281724 984530 158441 138753 1647051 984530 0 297194 365327
"200802" 1564903 291465 0 1273438 992080 158125 123233 1564903 992080 0 281358 291465
"200803" 1685174 402323 0 1282851 998551 178762 105538 1685174 998551 0 284300 402323
"200804" 1128468 164838 0 963630 742660 158641 62329 1128468 742660 0 220970 164838
"200901" 1017204 134275 0 882929 666349 139119 77461 1017204 666349 0 216580 134275
"200902" 999082 147666 0 851416 657287 120869 73260 999082 657287 0 194129 147666
"200903" 1067511 173767 0 893744 671709 157065 64970 1067511 671709 0 222035 173767
"200904" 1091181 202985 0 888196 668571 158047 61578 1091181 668571 0 219625 202985
"201001" 1108758 196375 0 912383 680005 160044 72334 1108758 680005 0 232378 196375
"201002" 1146077 216997 0 929080 685987 164462 78631 1146077 685987 0 243093 216997
"201003" 1176070 234613 0 941457 698213 144059 99185 1176070 698213 0 243244 234613
